# O+CO2(ji)->O+CO2(jf) molscat cross sections, CS8_JMAX100 approx. (written on 04/29/2019);
# E=1240.000000 (1/cm) = 0.153740404768 eV
# ji  jf sigma(ji,jf) (1e-16 cm^2)
  0   0 2.188513e+02
  0   2 2.532750e+01
  0   4 9.307890e+00
  0   6 6.424707e+00
  0   8 4.799077e+00
  0  10 3.093547e+00
  0  12 2.700963e+00
  0  14 2.609697e+00
  0  16 2.100680e+00
  0  18 1.988330e+00
  0  20 1.838243e+00
  0  22 1.581467e+00
  0  24 1.563983e+00
  0  26 1.419733e+00
  0  28 1.050888e+00
  0  30 1.191620e+00
  0  32 1.100102e+00
  0  34 8.225767e-01
  0  36 6.470840e-01
  0  38 6.614690e-01
  0  40 6.363957e-01
  0  42 4.973917e-01
  0  44 4.084267e-01
  0  46 3.762007e-01
  0  48 2.821670e-01
  0  50 1.909696e-01
  0  52 1.483380e-01
  0  54 1.113882e-01
  1   1 2.292400e+02
  1   3 1.918687e+01
  1   5 8.391380e+00
  1   7 5.826560e+00
  1   9 4.076427e+00
  1  11 2.857207e+00
  1  13 2.620847e+00
  1  15 2.398670e+00
  1  17 1.996653e+00
  1  19 1.870863e+00
  1  21 1.715133e+00
  1  23 1.558557e+00
  1  25 1.478120e+00
  1  27 1.225993e+00
  1  29 1.063237e+00
  1  31 1.086890e+00
  1  33 9.117160e-01
  1  35 7.588370e-01
  1  37 6.646120e-01
  1  39 6.311713e-01
  1  41 5.498060e-01
  1  43 4.582623e-01
  1  45 4.030237e-01
  1  47 3.233227e-01
  1  49 2.282280e-01
  1  51 1.683095e-01
  1  53 1.331226e-01
  1  55 7.689039e-02
  2   0 5.075080e+00
  2   2 2.294833e+02
  2   4 1.748480e+01
  2   6 7.826890e+00
  2   8 5.163447e+00
  2  10 3.773763e+00
  2  12 2.782720e+00
  2  14 2.494763e+00
  2  16 2.248347e+00
  2  18 1.883690e+00
  2  20 1.748150e+00
  2  22 1.637113e+00
  2  24 1.472117e+00
  2  26 1.310210e+00
  2  28 1.163097e+00
  2  30 1.025850e+00
  2  32 9.103960e-01
  2  34 8.307220e-01
  2  36 7.562657e-01
  2  38 6.396130e-01
  2  40 5.631953e-01
  2  42 5.102077e-01
  2  44 4.569957e-01
  2  46 3.622713e-01
  2  48 2.627933e-01
  2  50 1.979507e-01
  2  52 1.590585e-01
  2  54 1.112379e-01
  3   1 8.248920e+00
  3   3 2.303183e+02
  3   5 1.642783e+01
  3   7 7.005050e+00
  3   9 4.862610e+00
  3  11 3.632650e+00
  3  13 2.689247e+00
  3  15 2.408827e+00
  3  17 2.099850e+00
  3  19 1.799380e+00
  3  21 1.690693e+00
  3  23 1.532060e+00
  3  25 1.335367e+00
  3  27 1.233353e+00
  3  29 1.143273e+00
  3  31 9.451167e-01
  3  33 8.411770e-01
  3  35 8.047740e-01
  3  37 7.094900e-01
  3  39 5.898683e-01
  3  41 5.402120e-01
  3  43 5.046143e-01
  3  45 4.184420e-01
  3  47 3.018577e-01
  3  49 2.240003e-01
  3  51 1.817615e-01
  3  53 1.378695e-01
  3  55 7.833126e-02
  4   0 1.040760e+00
  4   2 9.756823e+00
  4   4 2.307400e+02
  4   6 1.518937e+01
  4   8 6.693933e+00
  4  10 4.702700e+00
  4  12 3.439413e+00
  4  14 2.663267e+00
  4  16 2.307903e+00
  4  18 2.020283e+00
  4  20 1.798530e+00
  4  22 1.622013e+00
  4  24 1.427470e+00
  4  26 1.291130e+00
  4  28 1.217403e+00
  4  30 1.083333e+00
  4  32 9.074300e-01
  4  34 8.273500e-01
  4  36 7.571533e-01
  4  38 6.585110e-01
  4  40 5.747120e-01
  4  42 5.313267e-01
  4  44 4.696900e-01
  4  46 3.657433e-01
  4  48 2.630593e-01
  4  50 2.043221e-01
  4  52 1.641360e-01
  4  54 1.159533e-01
  5   1 2.308920e+00
  5   3 1.051384e+01
  5   5 2.309037e+02
  5   7 1.465833e+01
  5   9 6.507323e+00
  5  11 4.398393e+00
  5  13 3.347470e+00
  5  15 2.582093e+00
  5  17 2.249573e+00
  5  19 2.015327e+00
  5  21 1.736080e+00
  5  23 1.566927e+00
  5  25 1.420597e+00
  5  27 1.270000e+00
  5  29 1.129833e+00
  5  31 1.016912e+00
  5  33 8.940613e-01
  5  35 7.881420e-01
  5  37 7.015263e-01
  5  39 6.375803e-01
  5  41 5.567467e-01
  5  43 4.946437e-01
  5  45 4.218760e-01
  5  47 3.251517e-01
  5  49 2.361007e-01
  5  51 1.807854e-01
  5  53 1.427555e-01
  5  55 8.380701e-02
  6   0 5.008277e-01
  6   2 3.044903e+00
  6   4 1.058950e+01
  6   6 2.314547e+02
  6   8 1.426491e+01
  6  10 6.154190e+00
  6  12 4.261790e+00
  6  14 3.218170e+00
  6  16 2.541813e+00
  6  18 2.261680e+00
  6  20 1.930580e+00
  6  22 1.674940e+00
  6  24 1.580820e+00
  6  26 1.408190e+00
  6  28 1.183810e+00
  6  30 1.063733e+00
  6  32 9.870497e-01
  6  34 8.560447e-01
  6  36 7.336180e-01
  6  38 6.782220e-01
  6  40 6.169600e-01
  6  42 5.254287e-01
  6  44 4.571943e-01
  6  46 3.872210e-01
  6  48 2.900587e-01
  6  50 2.083445e-01
  6  52 1.662982e-01
  6  54 1.235315e-01
  7   1 1.185470e+00
  7   3 3.315097e+00
  7   5 1.083897e+01
  7   7 2.322823e+02
  7   9 1.364705e+01
  7  11 6.025657e+00
  7  13 4.107880e+00
  7  15 3.133667e+00
  7  17 2.523140e+00
  7  19 2.159693e+00
  7  21 1.870760e+00
  7  23 1.676887e+00
  7  25 1.530403e+00
  7  27 1.330957e+00
  7  29 1.151343e+00
  7  31 1.049554e+00
  7  33 9.473187e-01
  7  35 7.991603e-01
  7  37 7.082257e-01
  7  39 6.590793e-01
  7  41 5.866383e-01
  7  43 4.978553e-01
  7  45 4.283620e-01
  7  47 3.450817e-01
  7  49 2.495251e-01
  7  51 1.886300e-01
  7  53 1.502094e-01
  7  55 9.037487e-02
  8   0 2.888430e-01
  8   2 1.550933e+00
  8   4 3.603180e+00
  8   6 1.101382e+01
  8   8 2.328837e+02
  8  10 1.331263e+01
  8  12 5.894557e+00
  8  14 3.945650e+00
  8  16 3.058800e+00
  8  18 2.421990e+00
  8  20 2.110497e+00
  8  22 1.878810e+00
  8  24 1.616993e+00
  8  26 1.445137e+00
  8  28 1.326860e+00
  8  30 1.151527e+00
  8  32 1.020558e+00
  8  34 9.024873e-01
  8  36 7.843003e-01
  8  38 6.928507e-01
  8  40 6.265163e-01
  8  42 5.597610e-01
  8  44 4.824153e-01
  8  46 3.941933e-01
  8  48 2.982067e-01
  8  50 2.228278e-01
  8  52 1.794776e-01
  8  54 1.318890e-01
  9   1 6.619900e-01
  9   3 1.836743e+00
  9   5 3.840603e+00
  9   7 1.089258e+01
  9   9 2.020410e+02
  9  11 1.195285e+01
  9  13 5.216670e+00
  9  15 3.522673e+00
  9  17 2.721657e+00
  9  19 2.220530e+00
  9  21 2.015247e+00
  9  23 1.731700e+00
  9  25 1.481537e+00
  9  27 1.385153e+00
  9  29 1.271923e+00
  9  31 1.078957e+00
  9  33 9.651900e-01
  9  35 8.701513e-01
  9  37 7.596303e-01
  9  39 6.456697e-01
  9  41 5.870777e-01
  9  43 5.343300e-01
  9  45 4.478333e-01
  9  47 3.436220e-01
  9  49 2.582955e-01
  9  51 2.029076e-01
  9  53 1.601247e-01
  9  55 9.743685e-02
 10   0 1.525940e-01
 10   2 9.289743e-01
 10   4 2.074567e+00
 10   6 3.894180e+00
 10   8 1.091039e+01
 10  10 1.793723e+02
 10  12 1.061289e+01
 10  14 4.643483e+00
 10  16 3.037077e+00
 10  18 2.353907e+00
 10  20 1.971397e+00
 10  22 1.741697e+00
 10  24 1.499670e+00
 10  26 1.336240e+00
 10  28 1.224617e+00
 10  30 1.095537e+00
 10  32 9.505920e-01
 10  34 8.746867e-01
 10  36 7.863300e-01
 10  38 6.749193e-01
 10  40 5.757240e-01
 10  42 5.368260e-01
 10  44 4.739740e-01
 10  46 3.838423e-01
 10  48 2.871747e-01
 10  50 2.201232e-01
 10  52 1.776209e-01
 10  54 1.322363e-01
 11   1 3.885857e-01
 11   3 1.149149e+00
 11   5 2.174027e+00
 11   7 4.027833e+00
 11   9 1.001025e+01
 11  11 1.619470e+02
 11  13 9.730637e+00
 11  15 4.298073e+00
 11  17 2.774323e+00
 11  19 2.167667e+00
 11  21 1.752400e+00
 11  23 1.536153e+00
 11  25 1.359713e+00
 11  27 1.169420e+00
 11  29 1.036207e+00
 11  31 9.354253e-01
 11  33 8.180257e-01
 11  35 7.346187e-01
 11  37 6.524280e-01
 11  39 5.700520e-01
 11  41 4.938193e-01
 11  43 4.385153e-01
 11  45 3.731747e-01
 11  47 2.981340e-01
 11  49 2.196461e-01
 11  51 1.675205e-01
 11  53 1.338938e-01
 11  55 8.112895e-02
 12   0 1.136163e-01
 12   2 5.841713e-01
 12   4 1.293917e+00
 12   6 2.299737e+00
 12   8 4.119723e+00
 12  10 9.050560e+00
 12  12 1.480817e+02
 12  14 8.822773e+00
 12  16 3.905460e+00
 12  18 2.559083e+00
 12  20 1.959607e+00
 12  22 1.588390e+00
 12  24 1.447070e+00
 12  26 1.234827e+00
 12  28 1.034633e+00
 12  30 9.306820e-01
 12  32 8.376140e-01
 12  34 6.959203e-01
 12  36 6.097360e-01
 12  38 5.472337e-01
 12  40 4.865627e-01
 12  42 3.946343e-01
 12  44 3.310080e-01
 12  46 2.813960e-01
 12  48 2.197433e-01
 12  50 1.542035e-01
 12  52 1.212374e-01
 12  54 8.900090e-02
 13   1 3.087027e-01
 13   3 7.367770e-01
 13   5 1.432977e+00
 13   7 2.378140e+00
 13   9 3.783727e+00
 13  11 8.427400e+00
 13  13 1.367398e+02
 13  15 8.015890e+00
 13  17 3.628997e+00
 13  19 2.306430e+00
 13  21 1.759177e+00
 13  23 1.449407e+00
 13  25 1.291020e+00
 13  27 1.079370e+00
 13  29 9.180667e-01
 13  31 8.195690e-01
 13  33 7.213787e-01
 13  35 5.892757e-01
 13  37 5.182663e-01
 13  39 4.690260e-01
 13  41 4.046787e-01
 13  43 3.141050e-01
 13  45 2.626413e-01
 13  47 2.228193e-01
 13  49 1.625730e-01
 13  51 1.161005e-01
 13  53 9.071623e-02
 13  55 5.620804e-02
 14   0 9.635713e-02
 14   2 4.596980e-01
 14   4 8.794460e-01
 14   6 1.524293e+00
 14   8 2.420520e+00
 14  10 3.475823e+00
 14  12 7.744253e+00
 14  14 1.270472e+02
 14  16 7.431207e+00
 14  18 3.359253e+00
 14  20 2.105653e+00
 14  22 1.643613e+00
 14  24 1.307923e+00
 14  26 1.131640e+00
 14  28 9.459187e-01
 14  30 7.872613e-01
 14  32 6.865517e-01
 14  34 6.042777e-01
 14  36 5.008473e-01
 14  38 4.358063e-01
 14  40 3.941017e-01
 14  42 3.399643e-01
 14  44 2.725770e-01
 14  46 2.313670e-01
 14  48 1.856933e-01
 14  50 1.370354e-01
 14  52 1.056410e-01
 14  54 7.873904e-02
 15   1 2.509350e-01
 15   3 5.861433e-01
 15   5 9.817207e-01
 15   7 1.611260e+00
 15   9 2.269297e+00
 15  11 3.306120e+00
 15  13 7.119417e+00
 15  15 1.189585e+02
 15  17 6.836703e+00
 15  19 3.048223e+00
 15  21 1.938763e+00
 15  23 1.453693e+00
 15  25 1.147157e+00
 15  27 1.007831e+00
 15  29 8.231963e-01
 15  31 6.839203e-01
 15  33 5.845897e-01
 15  35 5.282147e-01
 15  37 4.385273e-01
 15  39 3.749740e-01
 15  41 3.404107e-01
 15  43 2.993447e-01
 15  45 2.454427e-01
 15  47 2.002753e-01
 15  49 1.571707e-01
 15  51 1.185549e-01
 15  53 9.192426e-02
 15  55 5.720477e-02
 16   0 6.961573e-02
 16   2 3.718430e-01
 16   4 6.840150e-01
 16   6 1.080577e+00
 16   8 1.684200e+00
 16  10 2.040437e+00
 16  12 3.076797e+00
 16  14 6.669783e+00
 16  16 1.120360e+02
 16  18 6.255550e+00
 16  20 2.839207e+00
 16  22 1.721137e+00
 16  24 1.264717e+00
 16  26 1.027225e+00
 16  28 8.866160e-01
 16  30 7.397410e-01
 16  32 6.149440e-01
 16  34 5.272577e-01
 16  36 4.842127e-01
 16  38 4.052970e-01
 16  40 3.462437e-01
 16  42 3.102130e-01
 16  44 2.671180e-01
 16  46 2.137323e-01
 16  48 1.716500e-01
 16  50 1.286096e-01
 16  52 9.757998e-02
 16  54 7.028296e-02
 17   1 1.892583e-01
 17   3 4.629640e-01
 17   5 7.749583e-01
 17   7 1.175480e+00
 17   9 1.588593e+00
 17  11 1.933590e+00
 17  13 2.920393e+00
 17  15 6.194533e+00
 17  17 1.059725e+02
 17  19 5.829253e+00
 17  21 2.567713e+00
 17  23 1.521343e+00
 17  25 1.155930e+00
 17  27 9.240453e-01
 17  29 8.127153e-01
 17  31 6.854640e-01
 17  33 5.570063e-01
 17  35 4.816150e-01
 17  37 4.411537e-01
 17  39 3.739597e-01
 17  41 3.180443e-01
 17  43 2.745397e-01
 17  45 2.265657e-01
 17  47 1.875777e-01
 17  49 1.424448e-01
 17  51 1.001542e-01
 17  53 7.837716e-02
 17  55 4.954114e-02
 18   0 6.021973e-02
 18   2 2.847133e-01
 18   4 5.472197e-01
 18   6 8.787103e-01
 18   8 1.218760e+00
 18  10 1.445303e+00
 18  12 1.842520e+00
 18  14 2.755487e+00
 18  16 5.716997e+00
 18  18 1.007272e+02
 18  20 5.357920e+00
 18  22 2.307803e+00
 18  24 1.429917e+00
 18  26 1.053967e+00
 18  28 8.533407e-01
 18  30 7.677040e-01
 18  32 6.361040e-01
 18  34 5.187107e-01
 18  36 4.334050e-01
 18  38 3.968483e-01
 18  40 3.409043e-01
 18  42 2.796627e-01
 18  44 2.341913e-01
 18  46 2.010403e-01
 18  48 1.680613e-01
 18  50 1.168040e-01
 18  52 8.855369e-02
 18  54 6.802876e-02
 19   1 1.633560e-01
 19   3 3.654457e-01
 19   5 6.395353e-01
 19   7 9.268460e-01
 19   9 1.193930e+00
 19  11 1.391687e+00
 19  13 1.709760e+00
 19  15 2.544190e+00
 19  17 5.369747e+00
 19  19 9.596390e+01
 19  21 4.919007e+00
 19  23 2.179293e+00
 19  25 1.314013e+00
 19  27 9.582497e-01
 19  29 7.911627e-01
 19  31 6.950450e-01
 19  33 5.897530e-01
 19  35 4.729657e-01
 19  37 3.894117e-01
 19  39 3.662013e-01
 19  41 3.057517e-01
 19  43 2.452350e-01
 19  45 2.105767e-01
 19  47 1.858640e-01
 19  49 1.438237e-01
 19  51 9.965237e-02
 19  53 7.798708e-02
 19  55 4.882828e-02
 20   0 5.166343e-02
 20   2 2.451930e-01
 20   4 4.520620e-01
 20   6 6.960393e-01
 20   8 9.855113e-01
 20  10 1.123243e+00
 20  12 1.309267e+00
 20  14 1.602773e+00
 20  16 2.407853e+00
 20  18 4.971953e+00
 20  20 9.166023e+01
 20  22 4.649683e+00
 20  24 2.013923e+00
 20  26 1.194643e+00
 20  28 9.068577e-01
 20  30 7.225367e-01
 20  32 6.362257e-01
 20  34 5.468460e-01
 20  36 4.292987e-01
 20  38 3.700727e-01
 20  40 3.320657e-01
 20  42 2.793263e-01
 20  44 2.284353e-01
 20  46 1.945397e-01
 20  48 1.647270e-01
 20  50 1.221399e-01
 20  52 8.711930e-02
 20  54 6.211339e-02
 21   1 1.399287e-01
 21   3 3.208347e-01
 21   5 5.147583e-01
 21   7 7.501510e-01
 21   9 1.012430e+00
 21  11 1.051230e+00
 21  13 1.218483e+00
 21  15 1.511967e+00
 21  17 2.210053e+00
 21  19 4.596133e+00
 21  21 8.789173e+01
 21  23 4.342213e+00
 21  25 1.833020e+00
 21  27 1.128312e+00
 21  29 8.393030e-01
 21  31 6.625190e-01
 21  33 5.924257e-01
 21  35 5.067263e-01
 21  37 4.129830e-01
 21  39 3.388673e-01
 21  41 2.967147e-01
 21  43 2.617547e-01
 21  45 2.079930e-01
 21  47 1.700883e-01
 21  49 1.409403e-01
 21  51 9.917867e-02
 21  53 7.376190e-02
 21  55 4.684959e-02
 22   0 4.179947e-02
 22   2 2.159423e-01
 22   4 3.834117e-01
 22   6 5.679040e-01
 22   8 8.250673e-01
 22  10 9.332590e-01
 22  12 9.980387e-01
 22  14 1.176567e+00
 22  16 1.372713e+00
 22  18 2.014000e+00
 22  20 4.372740e+00
 22  22 8.449790e+01
 22  24 4.032830e+00
 22  26 1.728977e+00
 22  28 1.043891e+00
 22  30 7.688710e-01
 22  32 6.166667e-01
 22  34 5.444977e-01
 22  36 4.849293e-01
 22  38 3.859670e-01
 22  40 3.059050e-01
 22  42 2.754643e-01
 22  44 2.422793e-01
 22  46 1.829850e-01
 22  48 1.555923e-01
 22  50 1.198143e-01
 22  52 8.682262e-02
 22  54 6.433551e-02
 23   1 1.203200e-01
 23   3 2.751050e-01
 23   5 4.396327e-01
 23   7 6.362703e-01
 23   9 8.232200e-01
 23  11 8.719753e-01
 23  13 9.499633e-01
 23  15 1.072751e+00
 23  17 1.239057e+00
 23  19 1.926803e+00
 23  21 4.108827e+00
 23  23 8.145010e+01
 23  25 3.829150e+00
 23  27 1.576187e+00
 23  29 9.536880e-01
 23  31 7.260163e-01
 23  33 5.701020e-01
 23  35 5.086150e-01
 23  37 4.492583e-01
 23  39 3.531240e-01
 23  41 2.868300e-01
 23  43 2.563133e-01
 23  45 2.154800e-01
 23  47 1.718650e-01
 23  49 1.411970e-01
 23  51 9.932707e-02
 23  53 7.682528e-02
 23  55 4.627126e-02
 24   0 3.934727e-02
 24   2 1.848300e-01
 24   4 3.211810e-01
 24   6 5.101870e-01
 24   8 6.759053e-01
 24  10 7.648877e-01
 24  12 8.654660e-01
 24  14 8.911900e-01
 24  16 9.601250e-01
 24  18 1.187797e+00
 24  20 1.802783e+00
 24  22 3.838673e+00
 24  24 7.878057e+01
 24  26 3.559457e+00
 24  28 1.430850e+00
 24  30 9.048997e-01
 24  32 6.843013e-01
 24  34 5.375443e-01
 24  36 4.743490e-01
 24  38 4.133467e-01
 24  40 3.354137e-01
 24  42 2.738510e-01
 24  44 2.337903e-01
 24  46 1.991580e-01
 24  48 1.646620e-01
 24  50 1.205938e-01
 24  52 8.543737e-02
 24  54 6.248185e-02
 25   1 1.092379e-01
 25   3 2.295460e-01
 25   5 3.815567e-01
 25   7 5.558907e-01
 25   9 6.742223e-01
 25  11 7.388647e-01
 25  13 8.100243e-01
 25  15 8.103917e-01
 25  17 9.012417e-01
 25  19 1.112164e+00
 25  21 1.660433e+00
 25  23 3.665637e+00
 25  25 7.630417e+01
 25  27 3.318130e+00
 25  29 1.354507e+00
 25  31 8.472587e-01
 25  33 6.457627e-01
 25  35 5.056713e-01
 25  37 4.345957e-01
 25  39 3.845693e-01
 25  41 3.198350e-01
 25  43 2.501893e-01
 25  45 2.169023e-01
 25  47 1.833837e-01
 25  49 1.464223e-01
 25  51 9.969057e-02
 25  53 7.435820e-02
 25  55 4.649484e-02
 26   0 3.438300e-02
 26   2 1.583533e-01
 26   4 2.796453e-01
 26   6 4.374830e-01
 26   8 5.814887e-01
 26  10 6.560553e-01
 26  12 7.109200e-01
 26  14 7.422487e-01
 26  16 7.506787e-01
 26  18 8.427797e-01
 26  20 1.029425e+00
 26  22 1.584217e+00
 26  24 3.426400e+00
 26  26 7.406877e+01
 26  28 3.160980e+00
 26  30 1.239403e+00
 26  32 7.932840e-01
 26  34 6.173527e-01
 26  36 4.743123e-01
 26  38 3.981057e-01
 26  40 3.647567e-01
 26  42 2.970550e-01
 26  44 2.359087e-01
 26  46 2.005083e-01
 26  48 1.657970e-01
 26  50 1.309651e-01
 26  52 8.894770e-02
 26  54 6.379715e-02
 27   1 8.769243e-02
 27   3 2.051960e-01
 27   5 3.301440e-01
 27   7 4.679073e-01
 27   9 6.100993e-01
 27  11 6.150343e-01
 27  13 6.554603e-01
 27  15 6.890840e-01
 27  17 6.972927e-01
 27  19 7.849820e-01
 27  21 9.892273e-01
 27  23 1.460380e+00
 27  25 3.211483e+00
 27  27 7.211273e+01
 27  29 2.919637e+00
 27  31 1.129046e+00
 27  33 7.641277e-01
 27  35 5.809213e-01
 27  37 4.449673e-01
 27  39 3.730580e-01
 27  41 3.390530e-01
 27  43 2.797153e-01
 27  45 2.249570e-01
 27  47 1.777127e-01
 27  49 1.531800e-01
 27  51 1.109690e-01
 27  53 7.866671e-02
 27  55 4.588616e-02
 28   0 2.476460e-02
 28   2 1.367853e-01
 28   4 2.565723e-01
 28   6 3.578663e-01
 28   8 5.195110e-01
 28  10 5.850523e-01
 28  12 5.796147e-01
 28  14 6.037183e-01
 28  16 6.304677e-01
 28  18 6.639687e-01
 28  20 7.603847e-01
 28  22 9.307213e-01
 28  24 1.340254e+00
 28  26 3.075820e+00
 28  28 7.032127e+01
 28  30 2.679590e+00
 28  32 1.077772e+00
 28  34 7.157207e-01
 28  36 5.563633e-01
 28  38 4.305330e-01
 28  40 3.517187e-01
 28  42 3.186803e-01
 28  44 2.682713e-01
 28  46 2.057293e-01
 28  48 1.674437e-01
 28  50 1.369947e-01
 28  52 9.381113e-02
 28  54 6.595211e-02
 29   1 7.439693e-02
 29   3 1.860723e-01
 29   5 2.873190e-01
 29   7 3.959603e-01
 29   9 5.480430e-01
 29  11 5.331220e-01
 29  13 5.453830e-01
 29  15 5.506027e-01
 29  17 5.999453e-01
 29  19 6.340123e-01
 29  21 7.198393e-01
 29  23 8.644043e-01
 29  25 1.282460e+00
 29  27 2.856140e+00
 29  29 6.872990e+01
 29  31 2.526383e+00
 29  33 9.850967e-01
 29  35 6.770947e-01
 29  37 5.486650e-01
 29  39 4.078313e-01
 29  41 3.334247e-01
 29  43 2.984037e-01
 29  45 2.497557e-01
 29  47 1.894333e-01
 29  49 1.545680e-01
 29  51 1.153963e-01
 29  53 8.378770e-02
 29  55 4.808960e-02
 30   0 2.761707e-02
 30   2 1.186517e-01
 30   4 2.245450e-01
 30   6 3.162553e-01
 30   8 4.434170e-01
 30  10 5.147373e-01
 30  12 5.127677e-01
 30  14 4.941573e-01
 30  16 5.173360e-01
 30  18 5.874687e-01
 30  20 5.958267e-01
 30  22 6.741913e-01
 30  24 8.336020e-01
 30  26 1.186090e+00
 30  28 2.635323e+00
 30  30 6.738603e+01
 30  32 2.315020e+00
 30  34 9.117033e-01
 30  36 6.669927e-01
 30  38 5.212777e-01
 30  40 3.893890e-01
 30  42 3.227713e-01
 30  44 2.758433e-01
 30  46 2.385563e-01
 30  48 1.764693e-01
 30  50 1.436413e-01
 30  52 1.004930e-01
 30  54 7.017356e-02
 31   1 7.519887e-02
 31   3 1.520963e-01
 31   5 2.557017e-01
 31   7 3.569043e-01
 31   9 4.596823e-01
 31  11 4.758703e-01
 31  13 4.814073e-01
 31  15 4.523137e-01
 31  17 5.003307e-01
 31  19 5.507373e-01
 31  21 5.618427e-01
 31  23 6.506620e-01
 31  25 7.931927e-01
 31  27 1.092100e+00
 31  29 2.498037e+00
 31  31 6.601290e+01
 31  33 2.113583e+00
 31  35 8.912917e-01
 31  37 6.183460e-01
 31  39 4.975720e-01
 31  41 3.834443e-01
 31  43 3.054530e-01
 31  45 2.622373e-01
 31  47 2.187560e-01
 31  49 1.684120e-01
 31  51 1.270963e-01
 31  53 8.594166e-02
 31  55 4.849999e-02
 32   0 2.534797e-02
 32   2 1.046864e-01
 32   4 1.869923e-01
 32   6 2.917523e-01
 32   8 3.907013e-01
 32  10 4.440423e-01
 32  12 4.588103e-01
 32  14 4.284393e-01
 32  16 4.275617e-01
 32  18 4.839370e-01
 32  20 5.216040e-01
 32  22 5.375887e-01
 32  24 6.267233e-01
 32  26 7.547497e-01
 32  28 1.053809e+00
 32  30 2.301573e+00
 32  32 6.478913e+01
 32  34 1.992233e+00
 32  36 8.228733e-01
 32  38 5.853027e-01
 32  40 4.996063e-01
 32  42 3.736677e-01
 32  44 2.910693e-01
 32  46 2.491500e-01
 32  48 2.009210e-01
 32  50 1.620250e-01
 32  52 1.081740e-01
 32  54 7.201960e-02
 33   1 6.306380e-02
 33   3 1.353363e-01
 33   5 2.247570e-01
 33   7 3.220613e-01
 33   9 4.111130e-01
 33  11 4.160467e-01
 33  13 4.236290e-01
 33  15 3.865280e-01
 33  17 4.064697e-01
 33  19 4.671937e-01
 33  21 5.022797e-01
 33  23 5.108080e-01
 33  25 6.044093e-01
 33  27 7.389450e-01
 33  29 9.738113e-01
 33  31 2.113073e+00
 33  33 6.368363e+01
 33  35 1.811477e+00
 33  37 7.723883e-01
 33  39 5.927683e-01
 33  41 4.755333e-01
 33  43 3.609083e-01
 33  45 2.782907e-01
 33  47 2.299790e-01
 33  49 1.869960e-01
 33  51 1.457229e-01
 33  53 9.560433e-02
 33  55 5.031795e-02
 34   0 1.905827e-02
 34   2 9.605313e-02
 34   4 1.714337e-01
 34   6 2.544300e-01
 34   8 3.474107e-01
 34  10 4.108457e-01
 34  12 3.833057e-01
 34  14 3.791833e-01
 34  16 3.686230e-01
 34  18 3.968097e-01
 34  20 4.508077e-01
 34  22 4.773010e-01
 34  24 4.950383e-01
 34  26 5.906143e-01
 34  28 7.036807e-01
 34  30 9.114237e-01
 34  32 2.003257e+00
 34  34 6.255797e+01
 34  36 1.652320e+00
 34  38 7.904957e-01
 34  40 5.662070e-01
 34  42 4.487330e-01
 34  44 3.566457e-01
 34  46 2.707633e-01
 34  48 2.132923e-01
 34  50 1.795797e-01
 34  52 1.261251e-01
 34  54 7.904978e-02
 35   1 5.309620e-02
 35   3 1.309773e-01
 35   5 2.004217e-01
 35   7 2.748343e-01
 35   9 3.749190e-01
 35  11 3.779477e-01
 35  13 3.500543e-01
 35  15 3.532927e-01
 35  17 3.555183e-01
 35  19 3.790100e-01
 35  21 4.345900e-01
 35  23 4.609870e-01
 35  25 4.787633e-01
 35  27 5.682740e-01
 35  29 6.770783e-01
 35  31 9.013857e-01
 35  33 1.832427e+00
 35  35 6.142353e+01
 35  37 1.577220e+00
 35  39 7.579713e-01
 35  41 5.305210e-01
 35  43 4.521743e-01
 35  45 3.418050e-01
 35  47 2.591923e-01
 35  49 1.980633e-01
 35  51 1.653970e-01
 35  53 1.062116e-01
 35  55 5.368315e-02
 36   0 1.526097e-02
 36   2 8.901127e-02
 36   4 1.597007e-01
 36   6 2.219510e-01
 36   8 3.073263e-01
 36  10 3.759633e-01
 36  12 3.418553e-01
 36  14 3.199137e-01
 36  16 3.445963e-01
 36  18 3.374933e-01
 36  20 3.602473e-01
 36  22 4.327023e-01
 36  24 4.446697e-01
 36  26 4.619017e-01
 36  28 5.568070e-01
 36  30 6.787377e-01
 36  32 8.422557e-01
 36  34 1.681933e+00
 36  36 6.043553e+01
 36  38 1.460953e+00
 36  40 7.215597e-01
 36  42 5.412997e-01
 36  44 4.421673e-01
 36  46 3.305400e-01
 36  48 2.431763e-01
 36  50 1.920510e-01
 36  52 1.417726e-01
 36  54 8.684971e-02
 37   1 4.765070e-02
 37   3 1.183190e-01
 37   5 1.827973e-01
 37   7 2.495713e-01
 37   9 3.353757e-01
 37  11 3.439447e-01
 37  13 3.154687e-01
 37  15 3.005433e-01
 37  17 3.336863e-01
 37  19 3.197543e-01
 37  21 3.629317e-01
 37  23 4.172360e-01
 37  25 4.216230e-01
 37  27 4.460203e-01
 37  29 5.621897e-01
 37  31 6.407780e-01
 37  33 8.006013e-01
 37  35 1.616133e+00
 37  37 5.933963e+01
 37  39 1.349030e+00
 37  41 7.473103e-01
 37  43 5.248620e-01
 37  45 4.138403e-01
 37  47 3.197973e-01
 37  49 2.289050e-01
 37  51 1.849013e-01
 37  53 1.166920e-01
 37  55 5.594553e-02
 38   0 1.609807e-02
 38   2 7.768383e-02
 38   4 1.433273e-01
 38   6 2.117390e-01
 38   8 2.801557e-01
 38  10 3.329933e-01
 38  12 3.166037e-01
 38  14 2.872523e-01
 38  16 2.976397e-01
 38  18 3.188890e-01
 38  20 3.204577e-01
 38  22 3.553887e-01
 38  24 3.998493e-01
 38  26 4.000613e-01
 38  28 4.446270e-01
 38  30 5.473850e-01
 38  32 6.182073e-01
 38  34 8.303417e-01
 38  36 1.507577e+00
 38  38 5.834857e+01
 38  40 1.329253e+00
 38  42 7.317527e-01
 38  44 5.050483e-01
 38  46 3.957363e-01
 38  48 3.093910e-01
 38  50 2.252887e-01
 38  52 1.627536e-01
 38  54 9.036993e-02
 39   1 4.705143e-02
 39   3 1.022792e-01
 39   5 1.727373e-01
 39   7 2.414823e-01
 39   9 2.963903e-01
 39  11 3.124607e-01
 39  13 2.968417e-01
 39  15 2.671997e-01
 39  17 2.941020e-01
 39  19 3.126457e-01
 39  21 3.096330e-01
 39  23 3.409870e-01
 39  25 3.879160e-01
 39  27 3.888007e-01
 39  29 4.344907e-01
 39  31 5.361130e-01
 39  33 6.388370e-01
 39  35 8.075390e-01
 39  37 1.402640e+00
 39  39 5.745713e+01
 39  41 1.275790e+00
 39  43 6.952273e-01
 39  45 4.944930e-01
 39  47 3.847277e-01
 39  49 2.887247e-01
 39  51 2.183957e-01
 39  53 1.337395e-01
 39  55 5.863985e-02
 40   0 1.623577e-02
 40   2 7.170567e-02
 40   4 1.311283e-01
 40   6 2.019140e-01
 40   8 2.655663e-01
 40  10 2.977687e-01
 40  12 2.950957e-01
 40  14 2.723073e-01
 40  16 2.665510e-01
 40  18 2.871630e-01
 40  20 3.014313e-01
 40  22 2.952713e-01
 40  24 3.401290e-01
 40  26 3.842480e-01
 40  28 3.807727e-01
 40  30 4.286360e-01
 40  32 5.531750e-01
 40  34 6.234673e-01
 40  36 7.805413e-01
 40  38 1.393443e+00
 40  40 5.669187e+01
 40  42 1.221640e+00
 40  44 6.918410e-01
 40  46 4.810483e-01
 40  48 3.665407e-01
 40  50 2.735257e-01
 40  52 2.003140e-01
 40  54 1.050798e-01
 41   1 4.335187e-02
 41   3 9.907640e-02
 41   5 1.595447e-01
 41   7 2.273477e-01
 41   9 2.850507e-01
 41  11 2.863003e-01
 41  13 2.709010e-01
 41  15 2.565727e-01
 41  17 2.645660e-01
 41  19 2.761043e-01
 41  21 2.867663e-01
 41  23 2.929597e-01
 41  25 3.412417e-01
 41  27 3.737587e-01
 41  29 3.757257e-01
 41  31 4.369947e-01
 41  33 5.420747e-01
 41  35 5.978413e-01
 41  37 8.218610e-01
 41  39 1.349430e+00
 41  41 5.615343e+01
 41  43 1.190197e+00
 41  45 6.902773e-01
 41  47 4.549103e-01
 41  49 3.438517e-01
 41  51 2.722253e-01
 41  53 1.653468e-01
 41  55 6.495468e-02
 42   0 1.355563e-02
 42   2 6.939330e-02
 42   4 1.295040e-01
 42   6 1.836963e-01
 42   8 2.534660e-01
 42  10 2.966023e-01
 42  12 2.556787e-01
 42  14 2.509343e-01
 42  16 2.551137e-01
 42  18 2.516550e-01
 42  20 2.708650e-01
 42  22 2.840373e-01
 42  24 2.966560e-01
 42  26 3.342887e-01
 42  28 3.685543e-01
 42  30 3.795560e-01
 42  32 4.419733e-01
 42  34 5.278403e-01
 42  36 6.255147e-01
 42  38 8.194480e-01
 42  40 1.305027e+00
 42  42 5.582003e+01
 42  44 1.160540e+00
 42  46 6.703867e-01
 42  48 4.489943e-01
 42  50 3.318957e-01
 42  52 2.483627e-01
 42  54 1.206979e-01
 43   1 3.903020e-02
 43   3 9.996617e-02
 43   5 1.531100e-01
 43   7 2.084067e-01
 43   9 2.802363e-01
 43  11 2.746163e-01
 43  13 2.271240e-01
 43  15 2.437067e-01
 43  17 2.466830e-01
 43  19 2.392077e-01
 43  21 2.732577e-01
 43  23 2.827757e-01
 43  25 2.883320e-01
 43  27 3.330647e-01
 43  29 3.632160e-01
 43  31 3.760163e-01
 43  33 4.443887e-01
 43  35 5.503990e-01
 43  37 6.234913e-01
 43  39 7.943057e-01
 43  41 1.285603e+00
 43  43 5.578383e+01
 43  45 1.123513e+00
 43  47 6.550720e-01
 43  49 4.481117e-01
 43  51 3.158993e-01
 43  53 1.974604e-01
 43  55 6.975491e-02
 44   0 1.217506e-02
 44   2 6.798593e-02
 44   4 1.252187e-01
 44   6 1.748330e-01
 44   8 2.389320e-01
 44  10 2.864387e-01
 44  12 2.345717e-01
 44  14 2.200660e-01
 44  16 2.402777e-01
 44  18 2.305040e-01
 44  20 2.422927e-01
 44  22 2.732517e-01
 44  24 2.770143e-01
 44  26 2.903790e-01
 44  28 3.393573e-01
 44  30 3.547970e-01
 44  32 3.765680e-01
 44  34 4.588687e-01
 44  36 5.588853e-01
 44  38 6.186240e-01
 44  40 8.083860e-01
 44  42 1.269393e+00
 44  44 5.601413e+01
 44  46 1.111222e+00
 44  48 6.482340e-01
 44  50 4.223683e-01
 44  52 2.924693e-01
 44  54 1.356258e-01
 45   1 3.808977e-02
 45   3 9.198567e-02
 45   5 1.449067e-01
 45   7 1.989807e-01
 45   9 2.606287e-01
 45  11 2.593250e-01
 45  13 2.107377e-01
 45  15 2.217363e-01
 45  17 2.259013e-01
 45  19 2.279263e-01
 45  21 2.409450e-01
 45  23 2.637963e-01
 45  25 2.773827e-01
 45  27 2.972370e-01
 45  29 3.373397e-01
 45  31 3.582177e-01
 45  33 3.802380e-01
 45  35 4.616800e-01
 45  37 5.455190e-01
 45  39 6.269203e-01
 45  41 8.273760e-01
 45  43 1.246720e+00
 45  45 5.642003e+01
 45  47 1.089733e+00
 45  49 6.315597e-01
 45  51 4.038183e-01
 45  53 2.416547e-01
 45  55 7.309736e-02
 46   0 1.265500e-02
 46   2 6.081703e-02
 46   4 1.100322e-01
 46   6 1.670960e-01
 46   8 2.203167e-01
 46  10 2.617670e-01
 46  12 2.250297e-01
 46  14 2.107897e-01
 46  16 2.169527e-01
 46  18 2.232933e-01
 46  20 2.328470e-01
 46  22 2.328880e-01
 46  24 2.662920e-01
 46  26 2.785080e-01
 46  28 2.936727e-01
 46  30 3.462530e-01
 46  32 3.637417e-01
 46  34 3.931203e-01
 46  36 4.714600e-01
 46  38 5.469960e-01
 46  40 6.342870e-01
 46  42 8.274593e-01
 46  44 1.253963e+00
 46  46 5.694573e+01
 46  48 1.049952e+00
 46  50 6.201140e-01
 46  52 3.804613e-01
 46  54 1.687338e-01
 47   1 3.517697e-02
 47   3 7.638893e-02
 47   5 1.285683e-01
 47   7 1.845297e-01
 47   9 2.302137e-01
 47  11 2.384997e-01
 47  13 2.058150e-01
 47  15 2.082853e-01
 47  17 2.153030e-01
 47  19 2.315917e-01
 47  21 2.268237e-01
 47  23 2.422110e-01
 47  25 2.699733e-01
 47  27 2.703120e-01
 47  29 2.945463e-01
 47  31 3.439993e-01
 47  33 3.617343e-01
 47  35 4.030217e-01
 47  37 4.852840e-01
 47  39 5.615003e-01
 47  41 6.276960e-01
 47  43 8.368060e-01
 47  45 1.254483e+00
 47  47 5.747923e+01
 47  49 1.037225e+00
 47  51 5.912767e-01
 47  53 3.301973e-01
 47  55 8.762092e-02
 48   0 1.119424e-02
 48   2 5.202987e-02
 48   4 9.333463e-02
 48   6 1.476182e-01
 48   8 1.965630e-01
 48  10 2.309693e-01
 48  12 2.072447e-01
 48  14 1.995220e-01
 48  16 2.054877e-01
 48  18 2.201447e-01
 48  20 2.325273e-01
 48  22 2.335430e-01
 48  24 2.596570e-01
 48  26 2.716007e-01
 48  28 2.818927e-01
 48  30 3.020777e-01
 48  32 3.459427e-01
 48  34 3.652227e-01
 48  36 4.090617e-01
 48  38 5.043507e-01
 48  40 5.699887e-01
 48  42 6.535957e-01
 48  44 8.627057e-01
 48  46 1.238270e+00
 48  48 5.808413e+01
 48  50 1.009443e+00
 48  52 5.540833e-01
 48  54 2.291746e-01
 49   1 3.017918e-02
 49   3 6.889607e-02
 49   5 1.134645e-01
 49   7 1.621712e-01
 49   9 2.103212e-01
 49  11 2.135581e-01
 49  13 1.825111e-01
 49  15 1.986643e-01
 49  17 1.987160e-01
 49  19 2.178087e-01
 49  21 2.284357e-01
 49  23 2.418510e-01
 49  25 2.619893e-01
 49  27 2.831827e-01
 49  29 2.921007e-01
 49  31 3.218737e-01
 49  33 3.574790e-01
 49  35 3.743063e-01
 49  37 4.221747e-01
 49  39 5.121490e-01
 49  41 5.766480e-01
 49  43 6.957260e-01
 49  45 8.836390e-01
 49  47 1.260633e+00
 49  49 5.876667e+01
 49  51 9.479830e-01
 49  53 4.801227e-01
 49  55 1.051917e-01
 50   0 9.571114e-03
 50   2 4.951121e-02
 50   4 9.158264e-02
 50   6 1.339504e-01
 50   8 1.855507e-01
 50  10 2.236569e-01
 50  12 1.837255e-01
 50  14 1.860097e-01
 50  16 1.945020e-01
 50  18 1.932886e-01
 50  20 2.178083e-01
 50  22 2.271933e-01
 50  24 2.402370e-01
 50  26 2.710297e-01
 50  28 2.913573e-01
 50  30 3.106243e-01
 50  32 3.524267e-01
 50  34 3.884610e-01
 50  36 4.081243e-01
 50  38 4.639520e-01
 50  40 5.373413e-01
 50  42 6.103483e-01
 50  44 7.101183e-01
 50  46 9.239050e-01
 50  48 1.275237e+00
 50  50 5.991427e+01
 50  52 8.609773e-01
 50  54 3.297717e-01
 51   1 2.961024e-02
 51   3 7.437740e-02
 51   5 1.155902e-01
 51   7 1.631042e-01
 51   9 2.198163e-01
 51  11 2.166984e-01
 51  13 1.734083e-01
 51  15 1.993713e-01
 51  17 1.858870e-01
 51  19 2.007835e-01
 51  21 2.138664e-01
 51  23 2.263520e-01
 51  25 2.373153e-01
 51  27 2.729360e-01
 51  29 2.901347e-01
 51  31 3.231777e-01
 51  33 3.706300e-01
 51  35 4.158587e-01
 51  37 4.537033e-01
 51  39 5.154087e-01
 51  41 6.073833e-01
 51  43 6.525217e-01
 51  45 7.516943e-01
 51  47 9.560970e-01
 51  49 1.261233e+00
 51  51 6.190283e+01
 51  53 7.842003e-01
 51  55 1.433874e-01
 52   0 1.064396e-02
 52   2 5.695832e-02
 52   4 1.053313e-01
 52   6 1.530750e-01
 52   8 2.139724e-01
 52  10 2.583840e-01
 52  12 2.068082e-01
 52  14 2.053006e-01
 52  16 2.112836e-01
 52  18 2.098013e-01
 52  20 2.224264e-01
 52  22 2.357080e-01
 52  24 2.436790e-01
 52  26 2.635429e-01
 52  28 2.856484e-01
 52  30 3.111338e-01
 52  32 3.368717e-01
 52  34 3.906130e-01
 52  36 4.313437e-01
 52  38 4.798657e-01
 52  40 5.634023e-01
 52  42 6.539087e-01
 52  44 7.040030e-01
 52  46 8.115597e-01
 52  48 1.002163e+00
 52  50 1.232670e+00
 52  52 6.553403e+01
 52  54 6.132233e-01
 53   1 3.753704e-02
 53   3 9.042390e-02
 53   5 1.462941e-01
 53   7 2.081741e-01
 53   9 2.780316e-01
 53  11 2.776028e-01
 53  13 2.171673e-01
 53  15 2.477686e-01
 53  17 2.331546e-01
 53  19 2.518472e-01
 53  21 2.549362e-01
 53  23 2.806056e-01
 53  25 2.837096e-01
 53  27 3.101165e-01
 53  29 3.376474e-01
 53  31 3.502575e-01
 53  33 3.897320e-01
 53  35 4.280211e-01
 53  37 4.589327e-01
 53  39 5.058740e-01
 53  41 5.912970e-01
 53  43 6.537343e-01
 53  45 7.209837e-01
 53  47 8.557763e-01
 53  49 1.023814e+00
 53  51 1.256903e+00
 53  53 7.038517e+01
 53  55 2.989423e-01
 54   0 1.562936e-02
 54   2 7.789381e-02
 54   4 1.455077e-01
 54   6 2.223533e-01
 54   8 3.074721e-01
 54  10 3.761590e-01
 54  12 2.968752e-01
 54  14 2.992245e-01
 54  16 2.975808e-01
 54  18 3.151693e-01
 54  20 3.101023e-01
 54  22 3.415402e-01
 54  24 3.484771e-01
 54  26 3.696294e-01
 54  28 3.926944e-01
 54  30 4.248493e-01
 54  32 4.385720e-01
 54  34 4.787353e-01
 54  36 5.167109e-01
 54  38 5.210290e-01
 54  40 5.779304e-01
 54  42 6.214114e-01
 54  44 6.383888e-01
 54  46 7.038187e-01
 54  48 8.105470e-01
 54  50 9.232463e-01
 54  52 1.199137e+00
 54  54 7.728463e+01
 55   1 6.749758e-02
 55   3 1.599400e-01
 55   5 2.673756e-01
 55   7 3.899285e-01
 55   9 5.267048e-01
 55  11 5.236560e-01
 55  13 4.189064e-01
 55  15 4.800163e-01
 55  17 4.588077e-01
 55  19 4.909005e-01
 55  21 5.040952e-01
 55  23 5.261522e-01
 55  25 5.522784e-01
 55  27 5.631486e-01
 55  29 6.033107e-01
 55  31 6.153646e-01
 55  33 6.385841e-01
 55  35 6.735013e-01
 55  37 6.849843e-01
 55  39 6.905304e-01
 55  41 7.231470e-01
 55  43 7.189566e-01
 55  45 6.789527e-01
 55  47 7.069719e-01
 55  49 6.983243e-01
 55  51 7.154720e-01
 55  53 9.306693e-01
