# O(3P)+CO2(000; j=0) -> O(3P)+CO2(000; j') scattering, statistically averaged (3A2+3B2+3B1) potential energy surfaces
# Differential cross sections; packaged by M. Gacesa (marko.gacesa@nasa.gov), Apr 30 2019
# E = 0.401709 eV
# theta(rad)                 elastic DCS                total DCS (both in units of 1E-16 cm^2/Sr)
0.	1.2837236666666665e6	1.3058959693028973e6
0.0017453292519943296	1.1071919e6	1.1244484603023333e6
0.003490658503988659	733178.3333333333	741835.4916109999
0.005235987755982989	407429.0999999999	411661.56048100005
0.006981317007977318	210245.66666666666	213854.81473500002
0.008726646259971648	106620.92666666667	110271.03918073334
0.010471975511965978	56381.70333333334	59635.2906758
0.012217304763960305	33436.60666666667	35909.57672033334
0.013962634015954637	21262.403333333332	22922.195939033336
0.015707963267948967	13701.543999999998	14926.111058863331
0.017453292519943295	9479.505	10725.951742093333
0.019198621771937624	7345.856666666667	8867.432985646667
0.020943951023931956	6494.938666666666	8318.148095186665
0.02268928027592628	6384.351333333333	8333.592100483333
0.02443460952792061	6142.381666666665	7938.934680506667
0.02617993877991494	5376.477	6823.225021886666
0.027925268031909273	4325.452333333333	5394.905544886666
0.029670597283903602	3241.7403333333336	4041.5286466433326
0.031415926535897934	2387.594333333333	3095.5590590466663
0.03316125578789226	2017.6421666666665	2793.7402476933335
0.03490658503988659	2078.8549	2986.5845611899995
0.03665191429188092	2320.079066666666	3323.126976783333
0.03839724354387525	2525.7671333333333	3534.37494552
0.040142572795869566	2510.7479666666663	3429.598760356667
0.04188790204786391	2205.3067333333333	2980.3690321186664
0.043633231299858244	1740.695933333333	2384.1957299023334
0.04537856055185256	1306.9503	1878.4234553319998
0.047123889803846894	1036.1803	1604.8934882373333
0.04886921905584122	993.0618333333333	1606.7125150763331
0.05061454830783555	1129.6250999999997	1793.4647871426664
0.05235987755982988	1305.9615999999999	1985.1359093029998
0.054105206811824215	1400.2845666666665	2046.335880216
0.05585053606381855	1351.6099333333332	1929.9046954906667
0.05759586531581287	1158.7080333333333	1663.2942760466667
0.059341194567807204	892.7299333333333	1347.9179113163332
0.061086523819801536	654.9696666666666	1100.9139308569997
0.06283185307179587	513.1729666666666	983.1495418096667
0.0645771823237902	490.1030333333333	995.3530633780001
0.06632251157578452	562.0283333333333	1088.9486003266666
0.06806784082777885	660.7134666666667	1178.533801567
0.06981317007977318	716.3342333333333	1193.5240489166665
0.0715584993317675	693.9096666666667	1114.5512297516666
0.07330382858376185	593.5688333333333	963.764416181
0.07504915783575618	449.30298999999997	792.7164583199999
0.0767944870877505	315.74842666666666	661.709293016
0.07853981633974483	233.02120000000002	601.8812728856666
0.08028514559173913	211.86344333333332	605.456044883
0.08203047484373349	240.93623666666667	643.0820019606667
0.08377580409572782	289.80492666666663	674.8733400369999
0.08552113334772216	322.10690666666665	667.144786209
0.08726646259971649	317.7105766666666	613.0668525956667
0.08901179185171079	275.9344433333333	529.2018228883333
0.09075712110370512	209.54616	441.276020626
0.09250245035569944	143.03798	377.0164479416667
0.09424777960769379	100.03983899999999	352.60899158766665
0.09599310885968812	88.26349333333333	361.4583899933333
0.09773843811168244	101.50647	383.01149024666665
0.09948376736367677	126.15728000000001	395.48316256566665
0.1012290966156711	144.3920533333333	382.2092103463333
0.10297442586766543	143.99729	340.5593568273333
0.10471975511965977	125.17815666666667	284.05122684066663
0.10646508437165408	95.25390666666667	231.14880468999996
0.10821041362364843	64.36327	196.62289792566668
0.10995574287564276	44.013846	188.467185384
0.1117010721276371	40.155781999999995	202.86266247266667
0.11344640137963143	49.58972	225.38774951266663
0.11519173063162574	64.71952666666665	240.491214776
0.11693705988362009	76.89662999999999	237.49016679916667
0.11868238913561441	78.58616666666666	213.21316625869997
0.12042771838760875	68.39227666666666	174.87572307136668
0.12217304763960307	51.362546666666674	136.27357088703332
0.12391837689159738	33.97356666666667	109.2993202721
0.12566370614359174	21.974008666666666	100.18367095689999
0.12740903539558604	19.378422333333333	108.5466308505
0.1291543646475804	25.601776666666666	126.68994437203332
0.13089969389957473	36.03984333333333	143.6433702396
0.13264502315156904	45.52713333333333	150.99231630386666
0.1343903524035634	49.65338666666666	144.81043158403332
0.1361356816555577	45.99292666666666	126.4082988505
0.13788101090755206	36.15741	102.6005996506
0.13962634015954636	24.488096666666667	81.90403790563333
0.1413716694115407	15.019683333333333	70.0296544071
0.143116998663535	10.560955	68.78574707063333
0.14486232791552936	12.102073666666666	76.0537961517
0.1466076571675237	17.90701333333333	86.39615908023332
0.148352986419518	24.75126666666667	94.14212115410001
0.15009831567151236	29.77592	96.01503591289999
0.15184364492350666	30.936083333333332	91.28724201763333
0.153588974175501	27.611126666666667	81.70675197969999
0.15533430342749535	21.299422999999997	71.07561359776666
0.15707963267948966	14.544008999999997	63.031417350666665
0.158824961931484	9.447678566666667	59.264500767666675
0.16057029118347826	7.292217666666666	59.56017109216666
0.16231562043547265	8.283821666666666	62.208161031466666
0.16406094968746698	11.345008666666667	64.69938031923333
0.16580627893946132	14.852293333333332	65.21151117529999
0.16755160819145565	17.442076666666665	63.38796091886667
0.16929693744344992	18.202233333333332	59.94452726183333
0.1710422666954443	16.895312333333333	56.213969538899995
0.17278759594743864	14.161176999999999	53.668199415900006
0.17453292519943298	11.063495633333332	53.053686230699995
0.17627825445142725	8.482309	53.963408353266665
0.17802358370342158	6.933356666666666	55.2240627046
0.17976891295541597	6.589868366666666	55.56164024959999
0.18151424220741025	7.2444291	54.145442927199994
0.18325957145940458	8.417170666666665	50.95978943596666
0.18500490071139888	9.61995	46.83596031903333
0.18675022996339324	10.524497666666667	43.08164453823333
0.18849555921538758	10.929333666666667	40.85004451413333
0.1902408884673819	10.787812333333335	40.6828849555
0.19198621771937624	10.242944333333334	42.36594559386666
0.19373154697137057	9.449658666666666	44.94016604516666
0.19547687622336488	8.463924333333333	47.02353061176667
0.19722220547535924	7.466325666666666	47.55605307096667
0.19896753472735354	6.763404333333332	46.21752106236666
0.2007128639793479	6.482649246666666	43.27216002583333
0.2024581932313422	6.599686866666667	39.480831533633335
0.20420352248333656	7.147133999999999	36.000571801599996
0.20594885173533087	8.024082666666667	33.78014998196666
0.20769418098732523	8.906583999999999	33.13822686803333
0.20943951023931953	9.522365666666666	33.89885830876666
0.2111848394913139	9.682288999999999	35.44557820476666
0.21293016874330817	9.189958666666666	36.81973482623333
0.21467549799530256	8.136713666666665	37.32940341483334
0.21642082724729686	6.94173	36.83290701426667
0.2181661564992912	5.924084666666666	35.414503502866665
0.21991148575128552	5.246768633333333	33.36516550373333
0.22165681500327983	5.1310754	31.32102333903333
0.2234021442552742	5.614015333333333	29.82432029383333
0.22514747350726852	6.388874333333334	29.012321909033332
0.22689280275926285	7.112722333333332	28.840505368766664
0.22863813201125716	7.516805333333332	29.10371142136666
0.2303834612632515	7.332254333333333	29.371741344766665
0.23212879051524585	6.548610333333333	29.37822555883333
0.23387411976724018	5.4772240000000005	29.153829378799998
0.23561944901923448	4.398880333333333	28.697811264866665
0.23736477827122882	3.502514266666667	28.009988432266667
0.23911010752322315	3.0413892333333328	27.2948961153
0.2408554367752175	3.116164	26.695902326766664
0.24260076602721184	3.533068333333333	26.152469060233333
0.24434609527920614	4.036510999999999	25.630959849233335
0.24609142453120048	4.399576	25.11123998183333
0.24783675378319475	4.3837166666666665	24.492819695866665
0.24958208303518917	3.9338333333333333	23.826808910866664
0.25132741228718347	3.223098333333333	23.3132108147
0.2530727415391778	2.4329046666666665	23.01909091873333
0.2548180707911721	1.726776033333333	22.923808641
0.25656340004316636	1.3147236800000002	23.049705726566664
0.2583087292951608	1.2838911666666666	23.292765058433332
0.26005405854715513	1.5400448999999998	23.43857355223333
0.26179938779914946	1.9435583333333333	23.363927640566665
0.2635447170511437	2.320683833333333	22.982894001233333
0.26529004630313807	2.4722668666666667	22.221015382833333
0.26703537555513246	2.3357938999999996	21.21117807263333
0.2687807048071268	1.9807845666666666	20.2091722722
0.270526034059121	1.4958059666666668	19.37255315666667
0.2722713633111154	1.0206429333333333	18.82440460493333
0.2740166925631097	0.7234359666666667	18.667909492099998
0.2757620218151041	0.6600994666666666	18.8229648011
0.27750735106709834	0.8212843999999999	19.1350868165
0.2792526803190927	1.192995	19.5126812269
0.280998009571087	1.6518786666666667	19.7874157764
0.2827433388230814	2.0143236666666664	19.757641632366663
0.2844886680750758	2.220072666666667	19.432105007133334
0.28623399732707	2.269674666666667	18.918497613466663
0.28797932657906433	2.1482183666666668	18.2563186675
0.2897246558310587	1.930813	17.548398056766665
0.291469985083053	1.7328695666666667	16.938416114533332
0.2932153143350474	1.5723384999999999	16.431752046633335
0.29496064358704166	1.4920128	16.041052297933334
0.296705972839036	1.5927876666666667	15.868360551133332
0.2984513020910303	1.8274249999999999	15.863969943966666
0.3001966313430247	2.053765	15.868802888533333
0.301941960595019	2.260021	15.890350383566666
0.3036872898470133	2.4566846666666664	15.967546677166666
0.30543261909900765	2.5655246666666667	16.001006954999998
0.307177948351002	2.5790656666666667	15.945250387099998
0.3089232776029963	2.5516996666666665	15.831877866433333
0.3106686068549907	2.453821333333333	15.597168884799999
0.312413936106985	2.3065629999999997	15.235330713833331
0.3141592653589793	2.2350426666666667	14.887070663966668
0.31590459461097364	2.236937333333333	14.577643041000002
0.317649923862968	2.2124576666666664	14.2328088954
0.3193952531149623	2.202465	13.946845508866666
0.32114058236695653	2.268701	13.8346122875
0.32288591161895097	2.3383183333333335	13.829299433966668
0.3246312408709453	2.370941666666667	13.871547364733333
0.32637657012293964	2.3984916666666667	13.9682284464
0.32812189937493397	2.3760186666666665	14.0252669904
0.32986722862692824	2.286030666666667	13.974422329966666
0.33161255787892263	2.2189256666666664	13.884230461499998
0.3333578871309169	2.1750843333333334	13.743275273566667
0.3351032163829113	2.0706537	13.465856113800001
0.3368485456349056	1.9577577666666666	13.139878546099997
0.33859387488689985	1.9222931666666665	12.901072813199997
0.34033920413889424	1.9149500999999998	12.729519020866665
0.3420845333908886	1.8964849999999998	12.608173786933332
0.3438298626428829	1.9025103333333333	12.587783810833333
0.3455751918948773	1.9015300000000002	12.622911602733334
0.34732052114687156	1.8608225999999999	12.655561111299999
0.34906585039886595	1.8368542666666665	12.722726216733331
0.3508111796508603	1.823023133333333	12.785188941033333
0.3525565089028545	1.7400667333333333	12.728433542433331
0.3543018381548489	1.6264290333333333	12.5846098275
0.35604716740684317	1.5627402333333331	12.441970174433331
0.35779249665883756	1.5138334666666666	12.270360917200001
0.35953782591083194	1.4468793999999998	12.057841907466667
0.3612831551628262	1.4046277	11.876269470233334
0.3630284844148205	1.3780749666666665	11.731221654613332
0.3647738136668149	1.3397144	11.612136095396666
0.36651914291880916	1.3294616	11.580698575809999
0.36826447217080355	1.3418599000000002	11.6253413905
0.37000980142279777	1.3067897	11.65118865663
0.3717551306747922	1.2455029999999998	11.667372605976666
0.3735004599267865	1.2191941333333334	11.71876411975
0.3752457891787809	1.1941693333333334	11.74138003329
0.37699111843077515	1.1360611666666665	11.68574304301
0.3787364476827695	1.0826278333333332	11.586999695536665
0.3804817769347638	1.0366491333333334	11.440431280923331
0.38222710618675815	0.9784021666666665	11.239735184913332
0.3839724354387525	0.9405224999999999	11.054741343509999
0.38571776469074687	0.9258962	10.907047997126668
0.38746309394274114	0.8835832	10.7510112648
0.3892084231947355	0.8298688333333334	10.626820122713333
0.39095375244672975	0.8125902666666667	10.59837691416
0.39269908169872414	0.8027886333333332	10.621674538253332
0.39444441095071847	0.7684537666666666	10.648587751956665
0.3961897402027128	0.7375552000000001	10.69392337956
0.3979350694547071	0.7120374333333334	10.729715095356667
0.39968039870670136	0.6739963666666666	10.718164846466667
0.4014257279586958	0.6476652333333333	10.688416059709997
0.4031710572106902	0.6366582	10.637728116866665
0.4049163864626844	0.6023487999999999	10.514965086403333
0.4066617157146788	0.5593409666666667	10.35597791238
0.4084070449666731	0.5469954666666667	10.23154397276
0.41015237421866746	0.543213	10.12496760605
0.41189770347066174	0.5244009	10.01740370138
0.413643032722656	0.5144538333333333	9.948487301133333
0.41538836197465046	0.5135836666666667	9.91634688357
0.4171336912266447	0.5072802333333333	9.895512524016667
0.41887902047863906	0.5171107666666666	9.907761365996667
0.42062434973063334	0.5437299666666666	9.940836427529998
0.4223696789826278	0.5504181333333333	9.930823837630001
0.4241150082346221	0.5486914333333333	9.886178567453332
0.42586033748661634	0.5716620333333333	9.851118062626664
0.4276056667386108	0.5970911	9.795108224713333
0.4293509959906051	0.6024643333333333	9.689277228776668
0.43109632524259933	0.6097579333333333	9.572211468953332
0.4328416544945937	0.6203424666666667	9.457981063623333
0.434586983746588	0.6227148666666666	9.337057259046667
0.4363323129985824	0.6394926666666666	9.242249605209999
0.43807764225057666	0.6739686666666667	9.18295771196
0.43982297150257105	0.6928989666666665	9.11755491756
0.44156830075456543	0.7077456666666666	9.057667470176664
0.44331363000655966	0.7510015000000001	9.043156303726665
0.445058959258554	0.7989253000000001	9.040510358503333
0.4468042885105484	0.8232392666666666	9.007572575226666
0.44854961776254265	0.842346	8.965678556339999
0.45029494701453704	0.8589547	8.920467783
0.4520402762665313	0.8582628666666667	8.85059925275
0.4537856055185257	0.8579561	8.773686764953332
0.45553093477052	0.8662812999999999	8.702196517893332
0.4572762640225143	0.8581547666666667	8.609096509953332
0.45902159327450864	0.8475354666666668	8.510944558646665
0.460766922526503	0.8713814333333333	8.45364234177
0.46251225177849725	0.9117829333333332	8.420164877523334
0.4642575810304917	0.9387651333333333	8.37841484152
0.46600291028248597	0.9686509333333333	8.3513332237
0.46774823953448036	1.0057317333333333	8.348365466796665
0.4694935687864746	1.0267066333333332	8.343312621953332
0.47123889803846897	1.0345457	8.337296777926667
0.4729842272904633	1.0350730666666665	8.334279397326666
0.47472955654245763	1.0062429	8.30459610395
0.4764748857944519	0.9579099333333333	8.251799843583331
0.4782202150464463	0.9282702666666666	8.21098172222
0.4799655442984406	0.910377	8.168963431729999
0.481710873550435	0.8813597999999999	8.098548016093332
0.48345620280242924	0.8644315666666667	8.0264790331
0.4852015320544237	0.8765049333333332	7.97475545091
0.48694686130641796	0.8954341000000001	7.926949909209999
0.4886921905584123	0.9127269666666666	7.884853833386666
0.49043751981040656	0.9317796999999999	7.8599005093533325
0.49218284906240095	0.9310909666666666	7.832596235916668
0.4939281783143953	0.9051929	7.800512483383334
0.4956735075663895	0.8771537666666666	7.7876944089233335
0.4974188368183839	0.8409714999999999	7.77941484386
0.49916416607037833	0.7759516333333332	7.743894243570001
0.5009094953223726	0.7059088	7.69775287709
0.5026548245743669	0.6594890333333333	7.66097438611
0.5044001538263612	0.6260362333333334	7.61630700213
0.5061454830783556	0.5989810666666666	7.559414426243333
0.5078908123303499	0.5909932999999999	7.506518982733333
0.5096361415823442	0.593947	7.45193428004
0.5113814708343385	0.5955586666666666	7.394761634736666
0.5131268000863327	0.6025717333333334	7.3564240199699995
0.5148721293383272	0.6061738666666666	7.332182507
0.5166174585903216	0.5828652333333333	7.298256547266666
0.5183627878423158	0.5420193666666666	7.26708848353
0.5201081170943103	0.5049434333333332	7.25686132529
0.5218534463463045	0.46444046666666666	7.250225188596667
0.5235987755982989	0.4148166	7.234569996119999
0.5253441048502931	0.3744066	7.22133981758
0.5270894341022874	0.35034393333333336	7.207715718946667
0.5288347633542818	0.33641180000000004	7.186384790696666
0.5305800926062761	0.3362207	7.168035704216667
0.5323254218582705	0.3473299666666666	7.151405396426666
0.5340707511102649	0.3527940333333333	7.119621961499999
0.5358160803622593	0.3515007333333333	7.08125052918
0.5375614096142536	0.3520840666666666	7.053152762466667
0.5393067388662478	0.3454775	7.024571479646667
0.541052068118242	0.3227325	6.984900907186667
0.5427973973702365	0.29607089999999997	6.9462231188966665
0.5445427266222308	0.2749277	6.912248090876666
0.5462880558742251	0.25776096666666665	6.8768360052899995
0.5480333851262194	0.24903293333333335	6.845735387436666
0.5497787143782138	0.25315523333333334	6.82131707516
0.5515240436302082	0.2635171666666667	6.793267891403333
0.5532693728822025	0.2782534	6.76557501152
0.5550147021341967	0.2999199933333333	6.749296599436666
0.5567600313861911	0.3200435333333333	6.735927634213333
0.5585053606381855	0.32887848999999997	6.71445629258
0.5602506898901798	0.33012127666666663	6.69154436823
0.561996019142174	0.3274332333333333	6.669487628903333
0.5637413483941685	0.3196756333333333	6.640932353806666
0.5654866776461628	0.3115466	6.60681399744
0.5672320068981571	0.3093856	6.570074074506666
0.5689773361501516	0.31280559999999996	6.525710300333333
0.5707226654021459	0.324342	6.477650290743332
0.57246799465414	0.3480266666666667	6.4365087099
0.5742133239061344	0.3783398	6.40083807393
0.5759586531581287	0.40681500000000004	6.36636591435
0.5777039824101231	0.43255779999999994	6.341096746839999
0.5794493116621174	0.4533048	6.329606876213333
0.5811946409141118	0.4640389999999999	6.326823354706666
0.582939970166106	0.4656415666666667	6.331063637733333
0.5846852994181004	0.4614506333333333	6.341867156446666
0.5864306286700948	0.45149286666666666	6.3516119841966665
0.5881759579220891	0.4412714333333333	6.356934646246666
0.5899212871740833	0.4393128	6.359512498966667
0.5916666164260775	0.4456515	6.353941389023333
0.593411945678072	0.45654116666666666	6.333712318033332
0.5951572749300664	0.4742016333333333	6.303565171263333
0.5969026041820606	0.49800306666666666	6.268859400503333
0.5986479334340549	0.5209748666666666	6.229478848713333
0.6003932626860494	0.5388229	6.18889268348
0.6021385919380438	0.5505192999999999	6.153782063159999
0.603883921190038	0.5527048999999999	6.125814976576667
0.6056292504420324	0.5461810333333332	6.10726357996
0.6073745796940266	0.5365925333333333	6.101959603383333
0.609119908946021	0.5258411000000001	6.107184300746667
0.6108652381980153	0.5136832666666666	6.116322502296666
0.6126105674500095	0.5057837666666667	6.127890624756667
0.614355896702004	0.5065387333333333	6.139485502026666
0.6161012259539983	0.513169	6.144064928233334
0.6178465552059926	0.5223096333333332	6.1370631730900005
0.6195918844579871	0.5333559999999999	6.118388282406666
0.6213372137099814	0.5428718666666666	6.087147994296666
0.6230825429619757	0.5471739333333333	6.045019893389999
0.62482787221397	0.5457968333333334	5.997440899613332
0.6265732014659642	0.5383551	5.94862545001
0.6283185307179586	0.5238378666666668	5.901554050386666
0.630063859969953	0.5057611333333333	5.862531026883333
0.6318091892219473	0.4888315666666667	5.8364516384866665
0.6335545184739415	0.474121	5.823430452683334
0.635299847725936	0.4616590666666667	5.822123415669999
0.6370451769779303	0.45360143333333336	5.8312110441766665
0.6387905062299246	0.4499359666666667	5.846177560776667
0.6405358354819191	0.44786346666666665	5.861592173306666
0.6422811647339131	0.4447957666666667	5.872842458496667
0.6440264939859075	0.4392166999999999	5.875239764163333
0.6457718232379019	0.42915763333333323	5.864709471253333
0.6475171524898962	0.4141343	5.840870545033333
0.6492624817418906	0.3952877	5.805219158313333
0.6510078109938849	0.3740927333333333	5.760112008249999
0.6527531402458793	0.3518626333333333	5.70947262748
0.6544984694978735	0.3313137666666667	5.6588506462799995
0.6562437987498679	0.3148878	5.613130465519999
0.6579891280018623	0.3029409333333333	5.57625254464
0.6597344572538565	0.294118	5.550274987876667
0.6614797865058508	0.28804739999999995	5.535718704433333
0.6632251157578453	0.28410593333333334	5.53141779675
0.6649704450098396	0.2797765	5.533955616089999
0.6667157742618338	0.27232389999999995	5.537730324589999
0.668461103513828	0.2621192	5.538411934679999
0.6702064327658226	0.2502070333333333	5.532441216913334
0.6719517620178169	0.23660583333333332	5.51559519894
0.6736970912698113	0.22225663333333334	5.485218786013332
0.6754424205218055	0.20968733333333334	5.442647250459999
0.6771877497737997	0.199684	5.38990985565
0.6789330790257941	0.192664	5.330133546186667
0.6806784082777885	0.18978869999999998	5.269080194833333
0.6824237375297828	0.18995266666666666	5.211716298499999
0.6841690667817772	0.18968286666666667	5.160083299909999
0.6859143960337715	0.18890706666666668	5.1185783297
0.6876597252857658	0.18878372	5.091504515253334
0.6894050545377601	0.1869615066666667	5.076601336286666
0.6911503837897546	0.18148807666666666	5.069099709796666
0.6928957130417489	0.17529472333333332	5.0682567796199995
0.6946410422937431	0.17039706999999998	5.071335515353333
0.6963863715457373	0.16649067666666664	5.071990858636667
0.6981317007977319	0.16509738666666665	5.06696540695
0.6998770300497262	0.16749141999999997	5.055206719666666
0.7016223593017206	0.17130452	5.033429961846666
0.7033676885537148	0.17649624666666666	5.00310828443
0.705113017805709	0.18497197999999998	4.970518057216666
0.7068583470577035	0.19356279666666665	4.93680715911
0.7086036763096978	0.19780654	4.901101985246666
0.710349005561692	0.20025083333333332	4.87085802603
0.7120943348136863	0.20363602333333333	4.852750211823333
0.7138396640656808	0.20589948666666663	4.84435850823
0.7155849933176751	0.20734175999999996	4.84381715073
0.7173303225696694	0.21157692333333333	4.853189573266666
0.7190756518216639	0.21825036666666664	4.868864446143332
0.7208209810736581	0.22726129999999994	4.885978590106666
0.7225663103256524	0.24153593333333334	4.90436227056
0.7243116395776467	0.25869963333333335	4.919583282326666
0.726056968829641	0.2724455	4.923281454990001
0.7278022980816354	0.2843672666666667	4.917761487736666
0.7295476273336298	0.2977298666666667	4.909215157219999
0.7312929565856241	0.3074541333333333	4.893760727886667
0.7330382858376183	0.30985226666666665	4.868583508453334
0.7347836150896128	0.3101719333333333	4.84251889584
0.7365289443416071	0.31118656666666666	4.821236732303333
0.7382742735936013	0.31161863333333334	4.803059306116666
0.7400196028455955	0.31438506666666666	4.790603233793333
0.7417649320975901	0.32160266666666665	4.786752566959999
0.7435102613495844	0.32954453333333333	4.78690668618
0.7452555906015788	0.33913816666666663	4.790669653809999
0.747000919853573	0.3542037	4.801803594963333
0.7487462491055674	0.3689785666666666	4.813413653276666
0.7504915783575618	0.3757946666666666	4.81573390134
0.752236907609556	0.37833486666666666	4.812580605086667
0.7539822368615503	0.38003706666666665	4.808024139866666
0.7557275661135445	0.3760577333333333	4.795359636759999
0.757472895365539	0.36575766666666665	4.772413118096666
0.7592182246175333	0.3549321666666666	4.74596945815
0.7609635538695276	0.34455256666666667	4.717590018666666
0.7627088831215221	0.3353134	4.687652105253332
0.7644542123735163	0.33228420000000003	4.662444422056667
0.7661995416255106	0.3344329666666666	4.64275543049
0.767944870877505	0.33557249999999994	4.623358794593333
0.7696902001294994	0.33816119999999994	4.608455623253333
0.7714355293814937	0.34568183333333335	4.603489562339999
0.773180858633488	0.3507506566666667	4.600712837886666
0.7749261878854823	0.3473901233333333	4.592730789159999
0.7766715171374765	0.34020915999999995	4.583560277223333
0.778416846389471	0.3311460133333334	4.5734430283766665
0.7801621756414653	0.3175376833333333	4.556473218043333
0.7819075048934595	0.3023021533333333	4.5332737094299995
0.7836528341454538	0.2890542433333333	4.506228918103333
0.7853981633974483	0.2759775033333333	4.472498329986665
0.7871434926494427	0.26587266	4.4357208795866665
0.7888888219014369	0.26422860666666664	4.404089620013332
0.7906341511534312	0.26654590999999994	4.3754980613033325
0.7923794804054256	0.26594224999999994	4.345703847226666
0.7941248096574199	0.26577262	4.32191527976
0.7958701389094142	0.26797248333333334	4.30865825323
0.7976154681614087	0.2658025133333333	4.299448964043333
0.7993607974134027	0.25670915333333333	4.291265912449999
0.8011061266653973	0.24469986333333332	4.286236326106666
0.8028514559173916	0.2298427866666667	4.28036577378
0.8045967851693858	0.21259137666666666	4.27062253059
0.8063421144213804	0.19812266666666667	4.259835269053333
0.8080874436733746	0.18700903333333332	4.245095266223332
0.8098327729253688	0.1759569933333333	4.220648316166667
0.8115781021773631	0.16891878999999999	4.19232175144
0.8133234314293576	0.16967946666666667	4.167181361443333
0.815068760681352	0.1723495333333333	4.141422307896666
0.8168140899333463	0.1720524333333333	4.113709025026666
0.8185594191853405	0.17146936666666668	4.091583507026666
0.8203047484373349	0.17008099999999998	4.07706620662
0.8220500776893291	0.16437203333333333	4.067658940643334
0.8237954069413235	0.15586993333333332	4.065693738946667
0.8255407361933177	0.14627296666666667	4.070428339783334
0.827286065445312	0.13394044333333333	4.075251937496667
0.8290313946973066	0.12248246666666665	4.0812027938533335
0.8307767239493009	0.11735772333333333	4.091901240563333
0.8325220532012951	0.11612119333333333	4.10002112782
0.8342673824532894	0.11552588666666666	4.098896474523333
0.8360127117052839	0.11916262	4.094017087466666
0.8377580409572781	0.12746156	4.088173329873333
0.8395033702092725	0.13530999666666665	4.076900147723333
0.8412486994612667	0.14138122	4.061700421933333
0.8429940287132611	0.1460385733333333	4.046969854169999
0.8447393579652556	0.14595913	4.030979840766667
0.8464846872172498	0.14220842833333333	4.016076266019999
0.8482300164692442	0.1398599053333333	4.009013458436667
0.8499753457212386	0.13733702666666667	4.006288952849999
0.8517206749732327	0.13179464666666665	4.00127922007
0.853466004225227	0.12949877666666665	3.9997809686266663
0.8552113334772216	0.13496960333333333	4.0060960942333335
0.8569566627292158	0.14358509999999997	4.011831411979999
0.8587019919812102	0.15317535666666665	4.012544635083334
0.8604473212332044	0.16624371999999998	4.012930814383333
0.8621926504851987	0.17999481666666664	4.01181683423
0.8639379797371932	0.19136825666666668	4.00605361416
0.8656833089891874	0.2024204133333333	3.999493807693333
0.8674286382411818	0.21082870666666667	3.9920029589633335
0.869173967493176	0.21126013333333332	3.9783534190999994
0.8709192967451702	0.20872063333333335	3.9641814786466663
0.8726646259971648	0.21006989999999998	3.95745747785
0.8744099552491591	0.2108410666666667	3.9518216814966665
0.8761552845011533	0.20777659999999998	3.941376690806667
0.8779006137531478	0.20838403333333333	3.934090913926666
0.8796459430051421	0.21558303333333334	3.9332507533866665
0.8813912722571363	0.2240504	3.9313293293233333
0.8831366015091309	0.23319426666666665	3.926954225276667
0.8848819307611251	0.24434513333333333	3.9233285952666663
0.8866272600131193	0.252947	3.9168280903099992
0.8883725892651138	0.25856006666666664	3.9071262851233333
0.890117918517108	0.2655608	3.8999102957166665
0.8918632477691024	0.2699087	3.89194587982
0.8936085770210968	0.2659434333333333	3.87717498644
0.895353906273091	0.26083243333333334	3.8634063573799993
0.8970992355250853	0.2611346333333333	3.8579714510966667
0.8988445647770799	0.2608972666666667	3.8537155644033327
0.9005898940290741	0.25724479999999994	3.846725980433333
0.9023352232810684	0.2568568333333333	3.8444680946600003
0.9040805525330626	0.2604723333333333	3.8478855170533333
0.9058258817850569	0.26338633333333333	3.85135543154
0.9075712110370514	0.26635546666666665	3.8555812116666663
0.9093165402890456	0.26926886666666666	3.86064325075
0.91106186954104	0.2671580333333333	3.8607972704766667
0.9128071987930344	0.2620232333333333	3.85762863912
0.9145525280450286	0.25919652666666665	3.8563904293833335
0.9162978572970231	0.2542185033333333	3.851368066893333
0.9180431865490173	0.24272792999999998	3.8370030345966666
0.9197885158010117	0.23234035	3.8212557590266663
0.921533845053006	0.22801450666666667	3.8094000514566666
0.9232791743050003	0.22416961666666663	3.7957009190999997
0.9250245035569945	0.21913301333333335	3.7794973055
0.9267698328089891	0.21733824333333335	3.7667891795266666
0.9285151620609834	0.21738745666666662	3.7570809297199994
0.9302604913129776	0.21622101333333332	3.7487751071766664
0.9320058205649719	0.21546240666666666	3.745197989316666
0.9337511498169662	0.21334980999999997	3.7443130478633333
0.9354964790689607	0.2052870566666667	3.740403320373333
0.9372418083209549	0.19490901333333333	3.73721761152
0.9389871375729492	0.18711975333333333	3.73898912784
0.9407324668249435	0.17779378999999998	3.7389354234266663
0.9424777960769379	0.16451589333333333	3.7327877093133326
0.9442231253289324	0.15386002999999998	3.7267374366199997
0.9459684545809266	0.1485315633333333	3.7226144347999996
0.9477137838329208	0.14458310999999996	3.716122050586667
0.9494591130849153	0.14188828	3.70843501303
0.9512044423369096	0.14209236999999997	3.701931061903333
0.9529497715889038	0.14221734333333333	3.6938184199833337
0.9546951008408984	0.14142260333333334	3.6854391143866665
0.9564404300928926	0.1418389	3.68103097776
0.9581857593448869	0.14026293666666667	3.6763254729966666
0.9599310885968813	0.13292985666666665	3.6662678025333335
0.9616764178488755	0.12429969666666665	3.6562251429766666
0.96342174710087	0.11804110999999998	3.6495447745266665
0.9651670763528643	0.11067856	3.64029592669
0.9669124056048585	0.10158079666666667	3.6269109846766665
0.9686577348568528	0.09540908666666666	3.61457632702
0.9704030641088474	0.09261781999999999	3.60349709477
0.9721483933608416	0.09125447999999999	3.59246091246
0.9738937226128359	0.09248789333333332	3.5849484176566664
0.9756390518648301	0.09543787	3.5808294098799998
0.9773843811168246	0.09639036666666667	3.5763462493133336
0.9791297103688189	0.09666826333333334	3.5750467214766664
0.9808750396208131	0.09862164333333334	3.580731920373333
0.9826203688728073	0.09831613	3.5868748117133333
0.9843656981248019	0.09321017999999999	3.588239803533334
0.9861110273767961	0.08793240999999999	3.5891606887866665
0.9878563566287906	0.08471385999999999	3.5901041238699998
0.9896016858807848	0.08101661333333333	3.5848104959233327
0.991347015132779	0.07759762999999999	3.572398598156666
0.9930923443847736	0.07690806333333333	3.5554889271199994
0.9948376736367678	0.07756770666666665	3.532539769863333
0.9965830028887621	0.07946163333333334	3.5049212842933333
0.9983283321407567	0.08452185333333331	3.4779943711233337
1.0000736613927508	0.08993795333333333	3.4510576863966667
1.0018189906447452	0.09199788666666667	3.4220819625766663
1.0035643198967397	0.09367207666666666	3.39803524764
1.0053096491487339	0.09720370333333334	3.384124635413333
1.007054978400728	0.09868705	3.375240524423333
1.0088003076527223	0.09702329999999999	3.36867571404
1.0105456369047165	0.09641727333333333	3.3687134709933333
1.0122909661567112	0.09765498666666667	3.37418352369
1.0140362954087054	0.09937866333333334	3.379402617066667
1.0157816246606999	0.10337712333333333	3.383286714353333
1.017526953912694	0.10974855333333333	3.3844549074533328
1.0192722831646883	0.11555488666666666	3.3781146212333333
1.0210176124166828	0.12225900333333331	3.3652723721799997
1.022762941668677	0.13215737666666666	3.34972776978
1.0245082709206712	0.14076069666666666	3.328103556566666
1.0262536001726654	0.14447899	3.2982320415599995
1.02799892942466	0.14756623333333332	3.26809286873
1.0297442586766543	0.15214382999999998	3.243241495556667
1.0314895879286488	0.15444749333333332	3.2206946836333334
1.0332349171806432	0.15452153333333332	3.20121857187
1.0349802464326374	0.15622853333333334	3.1905502389566665
1.0367255756846316	0.15939033333333333	3.1886249292466666
1.0384709049366259	0.16353286666666667	3.1929322348366664
1.0402162341886205	0.17100366666666666	3.2042120794533333
1.041961563440615	0.1801568	3.2196132465200002
1.043706892692609	0.18702566666666665	3.2331107892533333
1.0454522219446034	0.19405139999999999	3.2453182411066663
1.0471975511965979	0.20360023333333332	3.257659526516666
1.048942880448592	0.21004219999999998	3.2634592143
1.0506882097005863	0.2099145	3.2585582257233328
1.0524335389525805	0.2084124333333333	3.248833617766666
1.0541788682045747	0.20781339999999998	3.2375257674866664
1.0559241974565694	0.20452986666666667	3.2214735929866665
1.0576695267085636	0.1993322	3.202460405463333
1.059414855960558	0.1963423	3.186385110973333
1.0611601852125523	0.1953702	3.174358608766666
1.0629055144645467	0.19630506666666664	3.1670761452299994
1.064650843716541	0.20152743333333334	3.167806063353333
1.0663961729685352	0.20888753333333332	3.174917927896667
1.0681415022205298	0.21421236666666665	3.1840904649833335
1.069886831472524	0.21979436666666666	3.197152993196667
1.0716321607245185	0.22742522999999998	3.214950529656667
1.0733774899765127	0.23112792666666665	3.22997450912
1.0751228192285072	0.22747986	3.2371792390499996
1.0768681484805014	0.22143443666666665	3.2398490166266662
1.0786134777324956	0.21506308666666665	3.2383128474299996
1.0803588069844898	0.20505080999999997	3.228225032286667
1.082104136236484	0.19240774333333333	3.2103676608033327
1.0838494654884787	0.18146980000000001	3.188942100623333
1.085594794740473	0.1726269433333333	3.1649202405366665
1.0873401239924672	0.16602837	3.140617562213333
1.0890854532444616	0.16396159333333332	3.120791348533333
1.0908307824964558	0.16497930999999996	3.105686265553333
1.0925761117484503	0.16575431	3.093904139893333
1.0943214410004445	0.16800497666666664	3.089377557183333
1.0960667702524387	0.17283128666666664	3.0940576917200002
1.0978120995044334	0.17496271666666666	3.10217895265
1.0995574287564276	0.17126129666666667	3.109694325323333
1.101302758008422	0.16541498666666665	3.1182675709266663
1.1030480872604165	0.15877146333333333	3.126106102826667
1.1047934165124107	0.14832762666666666	3.1277319190233333
1.106538745764405	0.13470912999999998	3.1217646613966665
1.1082840750163991	0.12165120000000001	3.1091153030233336
1.1100294042683934	0.10987090666666667	3.088754826593333
1.111774733520388	0.09944853333333332	3.06204503902
1.1135200627723822	0.09217408333333334	3.0327889647333333
1.1152653920243765	0.08769722333333332	3.0017744133299997
1.117010721276371	0.08415774	2.9697509001033335
1.1187560505283651	0.08260361333333333	2.942231267166666
1.1205013797803596	0.08361375666666666	2.92299212443
1.1222467090323538	0.08387153666666665	2.9101385797433332
1.123992038284348	0.08142079666666666	2.903051211013333
1.1257373675363422	0.07839009666666666	2.90414491887
1.127482696788337	0.07539512999999999	2.9121908788166664
1.1292280260403311	0.07065096333333333	2.923136248996667
1.1309733552923256	0.06464201	2.9350132998733334
1.13271868454432	0.059550983333333335	2.9458866657466665
1.1344640137963142	0.05577612466666666	2.9522367491866666
1.1362093430483085	0.05343087516666667	2.9530183590333334
1.1379546723003031	0.053391772700000006	2.94863082152
1.139700001552297	0.05527790833333333	2.9371919574599996
1.1414453308042918	0.05799253333333333	2.9181250443466666
1.143190660056286	0.06174991	2.8953372663133328
1.14493598930828	0.06625006666666666	2.8717958220399997
1.1466813185602747	0.06977827666666667	2.847569837503333
1.1484266478122689	0.07163594333333334	2.824689045203333
1.150171977064263	0.07244434666666666	2.8068735270233334
1.1519173063162573	0.07212949666666665	2.79513759466
1.1536626355682515	0.07087771	2.78951727618
1.1554079648202462	0.06991080333333333	2.7908537853066666
1.1571532940722404	0.06975664	2.7978075614766666
1.1588986233242349	0.07044299333333333	2.8075626419666664
1.160643952576229	0.07336863666666667	2.8197685089233335
1.1623892818282235	0.07938105333333333	2.83365448286
1.1641346110802178	0.08710547333333332	2.84500178255
1.165879940332212	0.09550247333333334	2.8510725061299995
1.1676252695842066	0.10497793666666666	2.8532127830899996
1.1693705988362009	0.11465922333333334	2.8515092714666666
1.171115928088195	0.12273822000000001	2.844094004703333
1.1728612573401895	0.12876847666666666	2.83181886997
1.1746065865921838	0.13262544999999998	2.8173005516566665
1.1763519158441782	0.13354913999999998	2.8014836572799995
1.1780972450961724	0.13239572666666666	2.785881470766667
1.1798425743481666	0.13080915666666665	2.7731340777266666
1.1815879036001609	0.12844093	2.76352051952
1.183333232852155	0.12512326333333332	2.7564170020566667
1.18507856210415	0.12352785	2.75395561562
1.186823891356144	0.12519138666666665	2.75708977548
1.1885692206081382	0.12824644333333335	2.7625017877766664
1.1903145498601329	0.13184826333333333	2.7679552646499994
1.192059879112127	0.13757676666666666	2.7747279565099996
1.1938052083641213	0.14498365333333332	2.782020888976666
1.1955505376161155	0.15166480666666665	2.786405688933333
1.1972958668681097	0.15696249666666667	2.7869430447599997
1.1990411961201044	0.16108593666666665	2.7846643222100003
1.2007865253720988	0.16303473999999998	2.7790659701499996
1.2025318546240933	0.16277487333333332	2.77010138781
1.2042771838760875	0.16141081	2.759395591476667
1.2060225131280817	0.15854661333333334	2.747435970783333
1.207767842380076	0.15380225666666664	2.734270538433333
1.2095131716320702	0.14950689666666667	2.72242736702
1.2112585008840648	0.14726403999999998	2.7138511440299995
1.213003830136059	0.14554491333333333	2.7071902905366665
1.2147491593880533	0.14380929666666664	2.70184864154
1.2164944886400477	0.14413121	2.6999043405699994
1.218239817892042	0.1466705266666667	2.7014273998699996
1.2199851471440364	0.14920149666666666	2.7038114793366668
1.2217304763960306	0.15111163333333333	2.7060679488266666
1.2234758056480248	0.15310116666666668	2.7086895648600002
1.225221134900019	0.15439173333333334	2.7105749271499997
1.2269664641520137	0.15419046666666664	2.71045049667
1.228711793404008	0.1529472	2.7084438867099996
1.2304571226560024	0.15048679999999998	2.7043164158099993
1.2322024519079966	0.1463081	2.6975451502099994
1.233947781159991	0.14172603333333333	2.6894017402666663
1.2356931104119853	0.13789669999999998	2.681197696723333
1.23743843966398	0.1338352333333333	2.67242082952
1.2391837689159741	0.12920946666666666	2.663239634296666
1.240929098167968	0.12582359999999998	2.65575288207
1.2426744274199628	0.12414992333333333	2.650777133646667
1.244419756671957	0.12260966000000001	2.647293909796667
1.2461650859239515	0.12082482	2.64524491168
1.2479104151759457	0.11971865999999999	2.645393112093333
1.24965574442794	0.11887753999999998	2.647147326983333
1.2514010736799341	0.11733509333333333	2.6495038520333334
1.2531464029319284	0.11517142333333331	2.6521756654066664
1.254891732183923	0.11238714999999999	2.6544942339633333
1.2566370614359172	0.10845671666666665	2.6554563869633334
1.2583823906879115	0.10385518666666667	2.6551867694133326
1.260127719939906	0.09924229999999998	2.6538923532966665
1.2618730491919004	0.09399342333333334	2.65072562218
1.2636183784438946	0.08782424	2.645465004733333
1.2653637076958888	0.08209285000000001	2.63939765162
1.267109036947883	0.07741434666666666	2.6331761893066665
1.2688543661998777	0.07277730333333333	2.6264074689233334
1.270599695451872	0.06801019333333333	2.619502381743333
1.2723450247038663	0.06427316999999999	2.613618375633333
1.2740903539558606	0.061644903333333334	2.609025095723333
1.2758356832078548	0.05918146	2.605548868763333
1.2775810124598492	0.05678982333333332	2.60342810708
1.2793263417118435	0.054895349999999996	2.6027012354399996
1.2810716709638381	0.053173822999999995	2.6029379935833328
1.282817000215832	0.05129248966666666	2.6040502478666667
1.2845623294678261	0.049391472	2.60591157375
1.286307658719821	0.04731297499999999	2.6077767159166663
1.288052987971815	0.044767121	2.609080887253333
1.2897983172238097	0.04223471266666666	2.610013061743333
1.2915436464758039	0.04012175133333333	2.6104629809133333
1.293288975727798	0.037993879333333334	2.6097990782666667
1.2950343049797923	0.03573721533333333	2.6078774173
1.296779634231787	0.03422818333333333	2.605160129723333
1.2985249634837812	0.033794374999999995	2.6017573660266664
1.3002702927357757	0.03375698233333333	2.5975296643666663
1.3020156219877699	0.03392594	2.592692067323333
1.3037609512397643	0.034925769999999995	2.587675822553333
1.3055062804917585	0.03669401333333333	2.582657284153333
1.3072516097437528	0.03844395	2.5777635667366665
1.308996938995747	0.039934566666666664	2.5732045436866664
1.3107422682477412	0.041464966666666665	2.569145862153333
1.3124875974997359	0.04287128333333333	2.5656304957566665
1.31423292675173	0.04382680666666666	2.5627351314466664
1.3159782560037245	0.04446923666666667	2.5604700989799998
1.3177235852557188	0.04505866333333333	2.558730373
1.319468914507713	0.04564848	2.5573696084299997
1.3212142437597074	0.04657177666666666	2.5563410881333333
1.3229595730117016	0.048239903333333334	2.5555280434666665
1.3247049022636959	0.050584616666666665	2.5546721392133334
1.3264502315156905	0.05348744999999999	2.5535421544266663
1.3281955607676847	0.057350843333333325	2.552150521753333
1.3299408900196792	0.062217789999999995	2.5504529800399998
1.3316862192716734	0.06731352666666666	2.548197007923333
1.3334315485236676	0.07213031666666667	2.5452695082366668
1.3351768777756619	0.07688843666666667	2.5419276535366664
1.336922207027656	0.08134952	2.53828688332
1.338667536279651	0.08472345333333332	2.534220299413333
1.3404128655316452	0.08685593	2.5298287379133333
1.3421581947836396	0.08822393	2.5254620802633334
1.3439035240356338	0.08893796999999999	2.521202686843333
1.345648853287628	0.08907973666666666	2.5170614448433337
1.3473941825396225	0.08921638333333333	2.5132206004766666
1.3491395117916167	0.08979844	2.50968350082
1.350884841043611	0.09097192333333333	2.5062506405500002
1.3526301702956052	0.09328996666666667	2.5031021907899995
1.3543754995475994	0.09714587	2.500360832163333
1.356120828799594	0.10196253333333334	2.4974902436066664
1.3578661580515883	0.10720482666666667	2.4941249362966667
1.3596114873035827	0.11319253666666665	2.4907553022166664
1.361356816555577	0.11964934999999999	2.487489334416666
1.3631021458075712	0.1252569633333333	2.48360601953
1.3648474750595656	0.12942101666666667	2.47898746229
1.3665928043115598	0.13260253666666666	2.474371085853333
1.3683381335635545	0.1346586933333333	2.4698571965966667
1.3700834628155487	0.13506194333333332	2.4650736397933333
1.371828792067543	0.13422307666666666	2.46031577972
1.3735741213195374	0.13290276666666667	2.456008587816666
1.3753194505715316	0.13135942666666667	2.452019283443333
1.377064779823526	0.13022752999999998	2.4485843809966665
1.3788101090755203	0.13036294999999998	2.446142431546667
1.3805554383275145	0.13161963	2.444180605213333
1.3823007675795091	0.13370182999999997	2.4422107318866666
1.384046096831503	0.13740777999999998	2.44106482958
1.3857914260834978	0.14283428666666667	2.4410226804566664
1.387536755335492	0.14832679999999998	2.4407074509766664
1.3892820845874863	0.15295940666666666	2.439605338113333
1.3910274138394805	0.15745379999999998	2.4389339305066664
1.3927727430914747	0.16146122333333335	2.4387462192066662
1.3945180723434691	0.16331571666666667	2.437630427583333
1.3962634015954638	0.16280842666666667	2.4355189727999997
1.398008730847458	0.16104618999999998	2.4334647785500003
1.3997540600994525	0.15813216666666666	2.431286142673333
1.4014993893514467	0.1538788	2.4284255321566666
1.4032447186034411	0.1491845333333333	2.42533783249
1.4049900478554354	0.14478793333333334	2.42216523247
1.4067353771074296	0.14077683333333335	2.4184811861199997
1.4084807063594238	0.13801016666666666	2.414962658273333
1.410226035611418	0.1372222	2.41226521308
1.4119713648634127	0.13745809999999997	2.4093144707366663
1.413716694115407	0.13801243333333335	2.405626149943333
1.4154620233674011	0.13989236666666666	2.4028649745133333
1.4172073526193956	0.14299476666666666	2.401508412763333
1.4189526818713898	0.1451545	2.3997687203833333
1.420698011123384	0.14559863333333334	2.397418495953333
1.4224433403753782	0.1455650666666667	2.3962863595499995
1.4241886696273727	0.14486676666666665	2.3963842166733333
1.4259339988793673	0.1420106	2.396150954516666
1.4276793281313616	0.1372477	2.3957155587466668
1.429424657383356	0.1319096	2.396001017653333
1.4311699866353502	0.12609923333333334	2.39646335801
1.4329153158873444	0.11979012	2.3965832951666663
1.4346606451393389	0.11385598666666666	2.3967151175300003
1.436405974391333	0.10857519	2.3963221989366668
1.4381513036433278	0.10372395999999998	2.3946421475966666
1.439896632895322	0.10011057666666665	2.39258110223
1.4416419621473162	0.09816866999999999	2.390614220513333
1.4433872913993107	0.09658019333333334	2.3871843047566665
1.4451326206513049	0.09468817333333332	2.3819213535533335
1.446877949903299	0.09363401333333334	2.3768238171966667
1.4486232791552933	0.09334115	2.372344162453333
1.4503686084072875	0.09197680666666666	2.3668609742699998
1.452113937659282	0.08924124	2.3606219766866663
1.4538592669112762	0.08646943999999998	2.3555589154899996
1.4556045961632709	0.08358424333333332	2.351733879896666
1.457349925415265	0.07954781999999999	2.348152551223333
1.4590952546672595	0.07474069	2.3452746734266663
1.460840583919254	0.07009204333333333	2.3436920228166667
1.4625859131712482	0.06551413	2.3428511380799995
1.4643312424232424	0.06098003333333333	2.3426706459966664
1.4660765716752366	0.05697881999999999	2.34339675251
1.4678219009272309	0.05336709666666667	2.3440445510933334
1.4695672301792255	0.04984324	2.3438698886066662
1.4713125594312197	0.046976453333333335	2.3437611739266666
1.4730578886832142	0.04491993333333333	2.34379699525
1.4748032179352084	0.04272220666666666	2.342398912846667
1.4765485471872026	0.040128725999999997	2.339350309836666
1.478293876439197	0.03795655033333333	2.3361141167766664
1.480039205691191	0.03615072366666667	2.3327555937666666
1.481784534943186	0.03385525733333333	2.328240355863333
1.4835298641951802	0.031167276	2.323000776723333
1.4852751934471744	0.02875445466666667	2.3180999814099996
1.4870205226991688	0.026518722999999998	2.313441678186666
1.488765851951163	0.02419851033333333	2.308917472893333
1.4905111812031575	0.02205649566666666	2.305040981836667
1.4922565104551517	0.020211535	2.301671713793333
1.494001839707146	0.018528547333333333	2.2984516338833334
1.4957471689591406	0.017190830999999997	2.2959641208433332
1.4974924982111348	0.016285762666666665	2.29434779629
1.4992378274631293	0.015494089333333332	2.2925378783599997
1.5009831567151235	0.0147677882	2.2902714493399996
1.5027284859671177	0.014346450066666665	2.288403875706666
1.504473815219112	0.014098645766666668	2.2867780634433332
1.5062191444711062	0.013887015533333333	2.284526822566667
1.5079644737231006	0.013909572833333331	2.2818801990499997
1.5097098029750948	0.014062660333333333	2.2793675271066665
1.511455132227089	0.014135957666666666	2.2767380212466666
1.5132004614790837	0.014635681333333333	2.274135198423333
1.514945790731078	0.01587984833333333	2.2720875849
1.5166911199830724	0.017161369	2.2701435494399993
1.5184364492350666	0.018298494	2.2679681068266664
1.520181778487061	0.020303773333333334	2.2666025828733334
1.5219271077390553	0.02329078	2.2662947795633333
1.5236724369910495	0.02614370333333333	2.2655720470399996
1.5254177662430441	0.028825870000000003	2.2641255179966664
1.5271630954950384	0.03227348	2.263236790383333
1.5289084247470326	0.03623588	2.26265208448
1.530653753999027	0.03990855333333333	2.2608570159599997
1.5323990832510213	0.043531876	2.257951488843333
1.5341444125030157	0.047312004	2.254770620006666
1.53588974175501	0.050769704	2.250867547686666
1.537635071007004	0.05419826	2.2459935058033333
1.5393804002589988	0.058092679999999994	2.2408396274733335
1.541125729510993	0.06152870366666666	2.2351952683166667
1.5428710587629875	0.06406802066666667	2.2287359692766664
1.5446163880149817	0.06732970999999999	2.2229395819833333
1.546361717266976	0.07178569666666666	2.21862793737
1.5481070465189704	0.0754691	2.2141981246866664
1.5498523757709646	0.07817991666666665	2.209446894513333
1.5515977050229588	0.08226682666666667	2.2068209671799996
1.553343034274953	0.08779866333333332	2.2065322569233334
1.5550883635269477	0.09242700999999999	2.2059832028099997
1.556833692778942	0.09625565666666666	2.20506025353
1.5585790220309363	0.10125996999999999	2.2059003903666667
1.5603243512829306	0.10695978666666667	2.207887497813333
1.5620696805349248	0.11170802333333332	2.2087671493266665
1.563815009786919	0.11592262666666665	2.2087435448833332
1.5655603390389135	0.12025741000000001	2.208705593283333
1.5673056682909077	0.12396557	2.2077421002166666
1.5690509975429023	0.12711133666666666	2.20547722474
1.5707963267948966	0.1303624	2.2026281544233335
1.5725416560468908	0.13270355333333334	2.19849102236
1.5742869852988854	0.13358111	2.1925258878166662
1.5760323145508797	0.13498623333333332	2.1867298735566667
1.5777776438028739	0.13752473333333332	2.181990647816667
1.579522973054868	0.13878026333333332	2.1761205971066664
1.5812683023068623	0.13859838333333332	2.1690972118399996
1.583013631558857	0.14000285999999998	2.1642350787533333
1.5847589608108512	0.14306493999999997	2.161829254513333
1.5865042900628454	0.14478422	2.1588306955
1.5882496193148399	0.14534633666666663	2.155464993273333
1.589994948566834	0.14738358	2.1545650536
1.5917402778188283	0.15030032333333335	2.1554527037066666
1.5934856070708228	0.1518102	2.1555169481233336
1.5952309363228174	0.15242058666666666	2.1551193541733333
1.5969762655748112	0.15332542666666665	2.1553606301299997
1.5987215948268054	0.15370480999999997	2.15510915117
1.6004669240788003	0.15321130333333333	2.1537228384866665
1.6022122533307945	0.15263539666666665	2.15184701111
1.603957582582789	0.15136854666666666	2.1486610540699997
1.6057029118347832	0.1488828233333333	2.1434799144966665
1.6074482410867772	0.14699464666666667	2.138249699723333
1.6091935703387716	0.14638019333333332	2.1337735068266666
1.6109388995907659	0.14478365666666665	2.127766539453333
1.6126842288427607	0.14205492	2.1203175857966667
1.614429558094755	0.14116779999999998	2.11493394937
1.6161748873467492	0.14213726666666665	2.1119366228533334
1.6179202165987434	0.14181466666666664	2.10829077034
1.6196655458507376	0.14032106666666666	2.10445028021
1.621410875102732	0.1404019	2.1034948005366667
1.6231562043547263	0.14139276666666667	2.1047666230799997
1.624901533606721	0.14065909999999998	2.10556836672
1.6266468628587152	0.13867770000000001	2.1063121516033334
1.6283921921107094	0.13705113333333332	2.10821751017
1.630137521362704	0.13501013333333334	2.11004853675
1.6318828506146983	0.13175673333333332	2.11081615012
1.6336281798666925	0.12811913333333333	2.11097217832
1.6353735091186867	0.12413366666666666	2.10977206992
1.637118838370681	0.11936953333333333	2.1064091543999997
1.6388641676226756	0.11507979999999998	2.1023664173466665
1.6406094968746698	0.11195903333333335	2.098261785806667
1.642354826126664	0.10838903333333333	2.092088880583333
1.6441001553786583	0.10422175	2.08400281294
1.6458454846306525	0.10184	2.077216481753333
1.647590813882647	0.10125171666666666	2.072120792483333
1.6493361431346412	0.09973963666666666	2.0661829248499997
1.6510814723866354	0.09733520666666665	2.060093849883333
1.6528268016386303	0.09643861333333333	2.056905214773333
1.654572130890624	0.09644754	2.0562064283966666
1.6563174601426187	0.09482721666666666	2.05565930978
1.6580627893946132	0.09194481666666666	2.0557942297433334
1.6598081186466074	0.08952802333333332	2.0579410590466667
1.6615534478986018	0.08693782	2.06099106886
1.663298777150596	0.08301199333333334	2.0637457257099996
1.6650441064025903	0.07845760666666667	2.06644121231
1.6667894356545845	0.07391288666666666	2.0685124482766666
1.6685347649065787	0.06903816333333332	2.0690373458233333
1.6702800941585736	0.06424446333333333	2.06870741136
1.6720254234105678	0.06013001333333333	2.0677661085966665
1.673770752662562	0.056031639999999994	2.0646121523666663
1.6755160819145563	0.05181419333333333	2.0592474090733335
1.6772614111665505	0.048793373333333334	2.05395665223
1.679006740418545	0.04702278	2.0490047413866668
1.6807520696705391	0.044888063333333325	2.0426251652699996
1.6824973989225334	0.042381819999999994	2.03555172478
1.684242728174528	0.04097806333333333	2.030238140223333
1.6859880574265222	0.0402902	2.0265632898166666
1.6877333866785167	0.03867167333333334	2.0230754273100002
1.6894787159305111	0.036356759999999995	2.020463169496667
1.6912240451825054	0.03453307766666666	2.0198895546299998
1.6929693744344996	0.032801208666666665	2.02067553304
1.6947147036864938	0.030270803333333336	2.022068324143333
1.6964600329384885	0.027379399999999998	2.0242699632566667
1.6982053621904827	0.024748116	2.026810156973333
1.6999506914424771	0.022174201666666664	2.0289429410066666
1.7016960206944713	0.01959061633333333	2.0309826773766666
1.7034413499464653	0.017319930999999997	2.0328365952366667
1.7051866791984598	0.015317197966666665	2.0331969535966667
1.706932008450454	0.013510664766666666	2.03192577947
1.708677337702449	0.012200890930000001	2.030296155723333
1.7104226669544431	0.01137838434	2.0282323089466665
1.7121679962064373	0.010636813433333333	2.024615803636667
1.7139133254584316	0.009997699783333333	2.020011707593333
1.7156586547104258	0.009696172486666665	2.015800271633333
1.7174039839624204	0.00954244596	2.0119027779066667
1.7191493132144147	0.009337340533333334	2.0079177165066664
1.7208946424664089	0.009222653233333333	2.00454501101
1.722639971718403	0.009157441899999999	2.0022077288599998
1.7243853009703973	0.009042006966666665	2.0006510677866665
1.726130630222392	0.009177342333333333	2.0002065566800002
1.7278759594743864	0.009704827333333332	2.001102718163333
1.7296212887263807	0.010254584666666665	2.002418877053333
1.7313666179783749	0.010881298333333332	2.00381547127
1.733111947230369	0.012126479999999999	2.0061627280133334
1.7348572764823635	0.013907946666666665	2.0091336819866665
1.7366026057343578	0.015708117666666667	2.0111079678266663
1.738347934986352	0.017655393666666665	2.0120396055966667
1.7400932642383462	0.020016223666666666	2.013024435963333
1.7418385934903404	0.022476068666666668	2.0135650491533337
1.7435839227423353	0.024873616	2.012507313366666
1.7453292519943295	0.027388821999999997	2.01033271964
1.7470745812463238	0.029653024333333333	2.0078170675899996
1.7488199104983182	0.03140094933333333	2.00466141173
1.7505652397503124	0.03336315833333333	2.00098665103
1.7523105690023066	0.03574377133333333	1.9975117238966666
1.7540558982543013	0.03742537233333333	1.9939823627733333
1.7558012275062955	0.03844583199999999	1.9903234022466665
1.75754655675829	0.04047979066666666	1.9879064271466667
1.7592918860102842	0.043551429	1.9870463373066667
1.7610372152622784	0.04588224666666667	1.9860713762533333
1.7627825445142726	0.047790783	1.9849962150433333
1.7645278737662669	0.051322714666666665	1.9858397281766664
1.7662732030182617	0.05607884333333333	1.9881570860066664
1.768018532270256	0.06002995333333333	1.9893561059066667
1.7697638615222502	0.06362163	1.9896288375433333
1.7715091907742444	0.06847104333333333	1.9909871940433332
1.7732545200262386	0.07382255666666666	1.99254467528
1.7749998492782333	0.07820641333333334	1.9920860066900001
1.7767451785302275	0.08213635333333333	1.9902255354333334
1.7784905077822217	0.08621622333333334	1.9883965608566667
1.780235837034216	0.08975304666666667	1.9858862075100001
1.7819811662862102	0.09268715333333333	1.982057239313333
1.7837264955382048	0.09554481999999999	1.9778311080233335
1.785471824790199	0.09762549999999999	1.9733959831066668
1.7872171540421935	0.09868191	1.9684701587699998
1.7889624832941877	0.10034104666666667	1.9642565984833333
1.790707812546182	0.10287505666666666	1.9613446478833334
1.7924531417981764	0.10422875	1.9581350491433334
1.7941984710501706	0.10464040999999999	1.9546348215733336
1.7959438003021653	0.10690397666666665	1.9532952324166666
1.7976891295541597	0.11069438	1.9538243760166667
1.7994344588061533	0.11296184	1.9530938179899997
1.8011797880581482	0.11427444999999999	1.95137003117
1.8029251173101424	0.11766714333333333	1.9515752177033332
1.8046704465621368	0.1222119	1.9527044599166665
1.806415775814131	0.12480159666666665	1.9513641145666667
1.8081611050661253	0.12625469666666667	1.9483026776066663
1.8099064343181195	0.12899906	1.9462172725866664
1.8116517635701137	0.13194117333333333	1.9440449053666664
1.8133970928221086	0.13310514666666665	1.9396061397133333
1.8151424220741028	0.13347633333333334	1.9340958187566664
1.816887751326097	0.13421756333333335	1.9291578198866666
1.8186330805780913	0.13455399999999998	1.92409361226
1.8203784098300855	0.13437926	1.91865556073
1.82212373908208	0.13450433666666667	1.9138830249933332
1.8238690683340746	0.13434355	1.90952590381
1.8256143975860688	0.1336095233333333	1.9052402756299998
1.827359726838063	0.13398583999999997	1.9025169811833331
1.8291050560900572	0.13563163333333333	1.9015576904166667
1.830850385342052	0.13617448333333332	1.9000364015099998
1.8325957145940461	0.13578524666666664	1.89794538639
1.8343410438460404	0.13731406000000002	1.8979320745233335
1.8360863730980346	0.14011992333333334	1.8992747143866666
1.8378317023500288	0.14076422	1.8984553396466666
1.8395770316020235	0.13991209333333335	1.8960135749166667
1.8413223608540177	0.14082061	1.8951100547666666
1.843067690106012	0.14239805333333333	1.8946199571166666
1.8448130193580063	0.14138456666666666	1.8913016382599999
1.8465583486100006	0.1389267	1.886335690123333
1.8483036778619948	0.13785773333333334	1.8825742924633335
1.850049007113989	0.1371071333333333	1.8790314472799996
1.8517943363659835	0.13464673333333332	1.87386502166
1.8535396656179781	0.13174426666666667	1.8684684298333334
1.8552849948699723	0.12990913333333332	1.8643642302333332
1.8570303241219668	0.12832033333333331	1.8608571980666666
1.858775653373961	0.12658636666666667	1.85779556447
1.8605209826259552	0.1255029	1.85601395583
1.8622663118779497	0.12466823333333332	1.8549683905733332
1.8640116411299439	0.1236062	1.8542085466999998
1.865756970381938	0.12346773333333333	1.8549937752199999
1.8675022996339323	0.1242545	1.8571585230633334
1.8692476288859265	0.1238551	1.85829020833
1.8709929581379214	0.1223389	1.8583623633366666
1.8727382873899157	0.122073	1.8596828674733334
1.8744836166419099	0.12243736666666666	1.8613940087466667
1.876228945893904	0.12051296666666667	1.8603909769833333
1.8779742751458983	0.1170637	1.85742378105
1.8797196043978928	0.1150657	1.8554187624566665
1.881464933649887	0.11362299999999999	1.85348339657
1.8832102629018816	0.1099916	1.8491318276433333
1.8849555921538759	0.1053882	1.84380539959
1.88670092140587	0.10246562666666666	1.8401750189666664
1.8884462506578648	0.10024695666666666	1.83754991557
1.890191579909859	0.09678326333333333	1.8345870160333333
1.8919369091618532	0.09319336	1.83259646291
1.8936822384138474	0.09094304333333333	1.8327982547400001
1.8954275676658416	0.08912300333333334	1.83445366297
1.8971728969178363	0.08689601666666666	1.8371729499133331
1.8989182261698305	0.08489051666666665	1.8412948239166664
1.900663555421825	0.08311838666666667	1.8460387128766667
1.9024088846738192	0.08103199	1.8506573970266669
1.9041542139258134	0.07903995	1.8556447734566668
1.9058995431778076	0.07726856666666666	1.8604729198233332
1.9076448724298019	0.07463812666666667	1.8631430864333334
1.9093902016817967	0.07122047999999999	1.8635739198833332
1.911135530933791	0.06846928	1.8633773357266668
1.9128808601857852	0.06613992333333332	1.8619969619533334
1.9146261894377794	0.06261623333333334	1.8575814113033333
1.9163715186897738	0.05849694	1.851154504163333
1.9181168479417683	0.055657316666666665	1.8451347162433334
1.9198621771937625	0.053541759999999994	1.8393111843133332
1.9216075064457567	0.050445870000000004	1.83255488489
1.923352835697751	0.04712421333333333	1.8263203111266666
1.9250981649497452	0.04516603	1.8225671093533333
1.92684349420174	0.04381830666666667	1.8209316775666666
1.9285888234537343	0.04167983333333333	1.8206383019766665
1.9303341527057285	0.03938222333333333	1.8223948480533334
1.9320794819577227	0.03788038999999999	1.8265513714766666
1.933824811209717	0.036514116666666666	1.8322369870333333
1.9355701404617114	0.034526886666666666	1.8388426728533331
1.9373154697137056	0.03237589	1.84604776564
1.9390607989656998	0.03042396333333333	1.8528085267199998
1.9408061282176947	0.028361519999999994	1.8583583884566663
1.9425514574696887	0.026140556666666665	1.8627890783633334
1.9442967867216832	0.024026582999999997	1.86556545894
1.9460421159736774	0.021941077000000003	1.8654904940533332
1.9477874452256718	0.019897846333333333	1.8627615895933332
1.949532774477666	0.018249296999999998	1.85852811896
1.9512781037296603	0.016996174666666662	1.8527308057833332
1.953023432981655	0.0157647349	1.8448304632766663
1.9547687622336491	0.014682959166666669	1.8358836073133333
1.9565140914856434	0.014108455533333331	1.8274001555566666
1.9582594207376378	0.013819105	1.81953867865
1.960004749989632	0.013389820333333332	1.8122017214566668
1.9617500792416263	0.012950408	1.8062951159666665
1.9634954084936205	0.012693625799999999	1.8024867006633332
1.9652407377456147	0.012399610066666665	1.800561655353333
1.9669860669976096	0.011878554333333334	1.8004160582566666
1.9687313962496038	0.011270240366666665	1.80207599266
1.970476725501598	0.0106204009	1.80491007042
1.9722220547535922	0.0098908713	1.80837938175
1.9739673840055865	0.0091976062	1.8124993028233334
1.9757127132575811	0.008638455933333334	1.8166643422266668
1.9774580425095754	0.008128150333333334	1.8195879474066665
1.9792033717615696	0.007758809666666666	1.82106578388
1.9809487010135638	0.007734670333333332	1.8216754067499998
1.982694030265558	0.008005243333333332	1.82089583626
1.9844393595175527	0.008396986333333332	1.8177333888266667
1.9861846887695471	0.008988429666666667	1.8127318890466668
1.9879300180215413	0.009816066	1.807003724763333
1.9896753472735356	0.010721784666666666	1.8004313286866664
1.9914206765255298	0.011650990666666666	1.79270479818
1.9931660057775242	0.012633922666666667	1.7847538666733334
1.9949113350295185	0.013445943999999998	1.7775044460433334
1.9966566642815133	0.014029794	1.7709755297166665
1.9984019935335076	0.014717947666666668	1.7653277576733333
2.0001473227855016	0.015502952	1.7611060218799999
2.0018926520374962	0.015879749999999998	1.7582460373266668
2.0036379812894904	0.016030381	1.756596516813333
2.0053833105414847	0.016729610333333332	1.7565550034666666
2.0071286397934793	0.017829766333333334	1.7578865192866666
2.0088739690454736	0.018493392999999997	1.7594116568033331
2.0106192982974678	0.019082452466666667	1.760982868253333
2.012364627549462	0.02060675353333333	1.7633716789933331
2.014109956801456	0.02265109436666666	1.7658614058566666
2.0158552860534504	0.024100825599999993	1.7667930412366666
2.0176006153054447	0.025398173966666666	1.76650109891
2.019345944557439	0.02753617566666667	1.7663293731799998
2.021091273809433	0.029906193666666664	1.7656007624566668
2.022836603061428	0.03143606966666666	1.7629105477566667
2.0245819323134224	0.032640274999999996	1.7591882237433334
2.0263272615654166	0.034316262	1.7560306327266666
2.028072590817411	0.035921495666666664	1.7529329285633333
2.029817920069405	0.036856747999999995	1.7489993799199999
2.0315632493213998	0.03765818733333333	1.7452399721333332
2.033308578573394	0.03870371833333333	1.7426984816166666
2.035053907825388	0.039708484999999995	1.7408542125799997
2.036799237077383	0.04077741	1.7392807004366664
2.0385445663293766	0.04223043666666666	1.73846838916
2.0402898955813713	0.04372301333333334	1.7383349601933331
2.0420352248333655	0.04524766	1.738404839556667
2.0437805540853597	0.04758107	1.7388890292666668
2.045525883337354	0.050560173333333326	1.7396739007366666
2.047271212589348	0.052985476666666656	1.7396878676299998
2.0490165418413424	0.055139499999999994	1.7389388710099998
2.0507618710933366	0.058358063333333335	1.7385801730866666
2.052507200345331	0.06198141333333333	1.7381784758066665
2.054252529597326	0.06421800333333333	1.7361691956399998
2.05599785884932	0.06574002333333333	1.7333061645566668
2.0577431881013144	0.06830965	1.7315610210833334
2.0594885173533086	0.07100985666666666	1.7302904760399997
2.0612338466053033	0.07196929333333332	1.7277404079333334
2.0629791758572975	0.07224486333333333	1.7251016493466667
2.0647245051092917	0.07370737666666666	1.7244647690700001
2.0664698343612864	0.07541006666666666	1.7248562740466664
2.0682151636132806	0.07581971666666666	1.7244780904533332
2.069960492865275	0.07608326666666666	1.7244130548233332
2.071705822117269	0.07763775	1.7261430327866667
2.0734511513692633	0.07960104999999999	1.7284567551366667
2.0751964806212575	0.08099412333333333	1.7298766421666667
2.0769418098732517	0.08263470666666667	1.7311297394666667
2.078687139125246	0.08505960999999998	1.7328388503266665
2.080432468377241	0.08757985999999998	1.7340319571366667
2.0821777976292353	0.08994419	1.73411522487
2.08392312688123	0.09243767333333333	1.7335300304966665
2.0856684561332237	0.09462930333333333	1.7321639738533332
2.087413785385218	0.09629408333333334	1.7297578565733334
2.0891591146372126	0.09808122999999999	1.7269026169
2.090904443889207	0.09982035	1.7237749906366666
2.0926497731412015	0.10037965333333333	1.7196362254633333
2.0943951023931957	0.10019697999999999	1.71498400098
2.0961404316451895	0.10076723	1.7113343083366666
2.097885760897184	0.10156879333333332	1.70840856867
2.0996310901491784	0.10104379999999999	1.7048295137333334
2.1013764194011726	0.10015658333333333	1.7014993816133333
2.103121748653167	0.10082528333333332	1.7002514197333334
2.104867077905161	0.10216300333333331	1.70019099814
2.1066124071571553	0.10234994666666666	1.6994137482299998
2.1083577364091495	0.10250301333333334	1.6988700107966666
2.1101030656611446	0.10442277666666666	1.7002230402733334
2.111848394913139	0.1069108	1.7021500409599999
2.113593724165133	0.10812987333333332	1.7026708829
2.1153390534171272	0.10909430333333332	1.7027120407366667
2.1170843826691215	0.11119844000000001	1.7036356535999997
2.118829711921116	0.11323839666666666	1.7042050377799998
2.1205750411731104	0.11378187666666664	1.7029911543700003
2.1223203704251046	0.11372870666666668	1.7009747771766666
2.124065699677099	0.11405162333333332	1.6992235572566667
2.1258110289290935	0.11392554666666665	1.69700951839
2.1275563581810877	0.11267291666666665	1.6937929335666668
2.129301687433082	0.11106552666666665	1.6904665792266667
2.131047016685076	0.1096182	1.6876001920033332
2.1327923459370703	0.10801131666666666	1.68495300657
2.1345376751890646	0.10632023666666665	1.68269453739
2.1362830044410597	0.10497773	1.681218784
2.138028333693054	0.10385515000000001	1.68026004158
2.139773662945048	0.10298150666666667	1.6797950531666666
2.141518992197043	0.10292671666666667	1.6803530684799999
2.143264321449037	0.10355449	1.6815989569733332
2.1450096507010312	0.10399745333333332	1.6824360888833332
2.1467549799530254	0.10449935333333334	1.6830332034633333
2.1485003092050197	0.10594324666666666	1.6842256653599998
2.1502456384570143	0.10767051999999999	1.6852313477866665
2.1519909677090086	0.10830911333333333	1.6846318739866668
2.1537362969610028	0.10838993999999999	1.6830418979133333
2.155481626212997	0.10910520666666668	1.6817295614433334
2.157226955464991	0.10957802666666666	1.6799303302733333
2.1589722847169854	0.10836583999999999	1.6764330784933332
2.1607176139689797	0.10637506999999999	1.6723255958000003
2.162462943220974	0.10504131666666666	1.6691107930333333
2.164208272472968	0.10352679999999999	1.6661544761133333
2.1659536017249623	0.10062216666666665	1.6625404729433333
2.1676989309769574	0.09744512999999999	1.659387553033333
2.1694442602289516	0.09535631333333333	1.6578636417566668
2.171189589480946	0.09359521333333333	1.6572822014100002
2.17293491873294	0.09124556666666667	1.6568780585833331
2.1746802479849343	0.08926392999999999	1.6573227197066667
2.176425577236929	0.08852122333333334	1.65904795
2.178170906488923	0.08830467666666666	1.6613297182166664
2.179916235740918	0.08799148000000001	1.6636393483366665
2.1816615649929116	0.08810023333333333	1.6661470704233334
2.183406894244906	0.08882433666666667	1.6686526610299999
2.1851522234969005	0.08961794666666667	1.6707235457966667
2.1868975527488947	0.09026152999999999	1.6723478329533332
2.188642882000889	0.09084519666666666	1.6734339016366664
2.190388211252883	0.09103636	1.6734873261433334
2.1921335405048774	0.09069025	1.6726210412599998
2.1938788697568716	0.09012104	1.6714148489299998
2.1956241990088667	0.08917265333333332	1.6696669570966665
2.197369528260861	0.08727882	1.66679720549
2.199114857512855	0.08479781333333333	1.66337943464
2.20086018676485	0.08250488	1.6603275659299999
2.202605516016844	0.08011562	1.6573264718533331
2.2043508452688383	0.07700822333333332	1.6537793513733334
2.206096174520833	0.07385671333333332	1.6504307283366666
2.207841503772827	0.07156616333333332	1.6481557149466666
2.2095868330248214	0.06970601	1.6465191991466668
2.2113321622768156	0.06762415666666666	1.6449574275299998
2.21307749152881	0.06596594333333333	1.6440898207666665
2.214822820780804	0.06539757333333332	1.644454535723333
2.2165681500327983	0.06534098333333334	1.6455397226699997
2.2183134792847925	0.06514985666666667	1.6468627458066667
2.2200588085367867	0.06522921333333333	1.6487202874166667
2.221804137788781	0.06588200999999999	1.6511898877866664
2.223549467040776	0.06654426666666666	1.6537951198433334
2.2252947962927703	0.06673190333333333	1.6562240684433331
2.2270401255447645	0.06666137666666666	1.65847178264
2.2287854547967587	0.06643078	1.6603053673033332
2.230530784048753	0.06572766999999999	1.6615068433166666
2.2322761133007476	0.06438446666666667	1.6621019901766667
2.234021442552742	0.06258529666666666	1.66201991756
2.235766771804736	0.06042732999999999	1.6610364778966666
2.2375121010567303	0.05791814333333334	1.6593607971233333
2.239257430308725	0.05515210333333333	1.6573967752766665
2.241002759560719	0.05231333	1.6551574594466667
2.2427480888127134	0.04952842	1.65255612878
2.2444934180647076	0.04693350333333333	1.65005135768
2.246238747316702	0.04462712333333333	1.6481172492299998
2.247984076568696	0.04269805	1.6467018002666667
2.2497294058206903	0.04121063999999999	1.6456796041533333
2.2514747350726845	0.04018073	1.6453371499566665
2.2532200643246787	0.039504120000000004	1.6458120555766667
2.254965393576674	0.03914697333333333	1.6468340953866667
2.256710722828668	0.03910259	1.6481472787533333
2.2584560520806622	0.03921586333333333	1.6497089409833334
2.260201381332657	0.039223626666666664	1.6513084002533334
2.261946710584651	0.03910338666666666	1.6526739108366666
2.2636920398366454	0.038898473333333336	1.6536849767199997
2.26543736908864	0.0384303	1.6542340571166667
2.2671826983406342	0.037476176666666666	1.6541061677133335
2.2689280275926285	0.036166118	1.6533796977933335
2.2706733568446227	0.03467216266666666	1.6523232149
2.272418686096617	0.03291748933333333	1.6509640755466664
2.274164015348611	0.030829385666666667	1.6492206674766667
2.2759093446006062	0.02865228066666667	1.64747367389
2.2776546738525996	0.026590066	1.6461800736266667
2.279400003104594	0.02463668866666667	1.6452986201199997
2.281145332356588	0.022806737999999997	1.64463724987
2.2828906616085836	0.021279056333333338	1.6444918876033334
2.284635990860578	0.020114819666666665	1.6451133065533334
2.286381320112572	0.019288958666666668	1.6461682778799998
2.288126649364566	0.018810641333333333	1.6472256694433334
2.28987197861656	0.018674257	1.6483571060366666
2.291617307868555	0.018738188	1.6495828257599998
2.2933626371205493	0.01896237	1.6504782964066664
2.2951079663725436	0.019367838999999998	1.6506654275166668
2.2968532956245378	0.019812210299999997	1.6502449777833332
2.2985986248765315	0.020044185766666667	1.6492910452333334
2.300343954128526	0.020106524266666665	1.6476495775266664
2.3020892833805204	0.0201289047	1.6453003540466664
2.3038346126325147	0.0199496092	1.6425148526033333
2.305579941884509	0.0193157366	1.63946676717
2.307325271136503	0.01842526766666667	1.6362857887833333
2.309070600388498	0.017575203	1.6332196263233332
2.3108159296404924	0.016622836333333335	1.6304711620733334
2.3125612588924866	0.015308161333333334	1.6280261978766666
2.314306588144481	0.013965688333333332	1.6260587027566666
2.316051917396475	0.013037293333333332	1.6248562065366665
2.3177972466484698	0.012322861666666666	1.6243073668699997
2.319542575900464	0.011447391000000001	1.624038886473333
2.321287905152458	0.010821361999999998	1.62423339312
2.3230332344044524	0.010980575666666667	1.6252475388766667
2.324778563656447	0.011553002666666666	1.6267038149566666
2.3265238929084413	0.011943627666666665	1.6279846327466667
2.3282692221604355	0.012616003333333334	1.6294492465866668
2.3300145514124297	0.014178285	1.631658455573333
2.331759880664424	0.016028314199999998	1.63406902373
2.333505209916418	0.017344536199999996	1.6359132803999998
2.3352505391684133	0.018683971233333332	1.6377454062566665
2.3369958684204075	0.020740374433333333	1.6402553834499998
2.3387411976724017	0.022730162266666666	1.6426875405899999
2.340486526924396	0.023728127733333333	1.6441107572866667
2.34223185617639	0.024446627366666668	1.6451587459733332
2.343977185428385	0.025668831533333332	1.6465141456199999
2.345722514680379	0.026569471666666664	1.6472762285033333
2.3474678439323733	0.026319567000000002	1.6465262982366666
2.3492131731843675	0.025780964966666667	1.6450180183966667
2.3509585024363617	0.025748329333333334	1.6434807129733333
2.3527038316883564	0.025503350999999997	1.6411887007766666
2.3544491609403506	0.024474841666666667	1.6375862584333332
2.356194490192345	0.023520275666666667	1.6336133824733334
2.357939819444339	0.023246131999999996	1.6300458112799998
2.3596851486963333	0.023117883	1.6265130676899997
2.3614304779483275	0.02286575033333333	1.6228886008866665
2.3631758072003217	0.023073110666666667	1.6200018916733332
2.364921136452316	0.023918298666666664	1.6183121577066668
2.36666646570431	0.02507676266666667	1.6175936190066666
2.3684117949563044	0.026555669999999997	1.6178455292699998
2.3701571242083	0.028454418999999998	1.6192984625233333
2.371902453460294	0.030427012333333336	1.6217134644933333
2.373647782712288	0.03243193866666666	1.6248340434833333
2.375393111964282	0.03477138333333333	1.6286478437566665
2.3771384412162764	0.037072303333333334	1.6327227311499999
2.3788837704682715	0.03860797	1.6362706479666667
2.3806290997202657	0.03974725	1.6392656037099997
2.38237442897226	0.04114237666666666	1.6419699051233334
2.384119758224254	0.04213416666666667	1.64371378464
2.3858650874762484	0.04186574333333333	1.6436644183133335
2.3876104167282426	0.04115231333333333	1.6423687152733333
2.389355745980237	0.04095256333333333	1.6405926286433332
2.391101075232231	0.040478929999999996	1.63773628294
2.3928464044842253	0.03888034666666666	1.63313991404
2.3945917337362195	0.03725155333333333	1.6278194086266666
2.3963370629882146	0.036659279999999995	1.6228242497899998
2.398082392240209	0.036212056666666666	1.6175256357533332
2.3998277214922035	0.035036769999999995	1.6112707857566666
2.4015730507441977	0.03424670666666666	1.60516065246
2.403318379996192	0.03480891333333333	1.600184329253333
2.4050637092481866	0.03571282666666666	1.5955552791433334
2.406809038500181	0.03601451	1.5905245604666665
2.408554367752175	0.03670812999999999	1.58610451868
2.4102996970041692	0.038616809999999994	1.5831553041333333
2.4120450262561635	0.04066665333333333	1.5808214209766667
2.4137903555081577	0.04188272333333333	1.5783438030866663
2.415535684760152	0.04318941333333333	1.57667102797
2.417281014012146	0.04536531666666667	1.5765746908499998
2.4190263432641403	0.04736794	1.577186848003333
2.4207716725161346	0.04827664999999999	1.5777386111199996
2.4225170017681297	0.049048756666666665	1.5790432782666664
2.424262331020124	0.05049627666666666	1.5816865925099999
2.426007660272118	0.051655853333333335	1.5847086419133334
2.4277529895241123	0.05171753	1.5872655773299997
2.4294983187761066	0.051686659999999995	1.5899589488166666
2.4312436480281012	0.05236355666666666	1.5931497981066667
2.4329889772800954	0.05286924666666666	1.5958748800066669
2.4347343065320897	0.05253950333333333	1.5973893397499999
2.436479635784084	0.05233203066666667	1.5982328033000002
2.438224965036078	0.052897258	1.5987260940933332
2.4399702942880728	0.05347117033333333	1.59822229619
2.441715623540067	0.05358600633333333	1.5963942372566664
2.443460952792061	0.05399461133333333	1.5938732933633333
2.4452062820440554	0.05504718776666667	1.5910389474066666
2.4469516112960497	0.056179502066666664	1.58771253625
2.448696940548044	0.0571839823	1.5840201548900001
2.450442269800038	0.058458260333333324	1.5804984122133332
2.4521875990520323	0.059966847999999996	1.5773540416833332
2.4539329283040274	0.061463507	1.5746903230233331
2.4556782575560216	0.06305615933333333	1.572817084013333
2.457423586808016	0.06471854733333333	1.5718317128700001
2.4591689160600105	0.06606124033333333	1.5715039512533333
2.4609142453120048	0.06726045566666666	1.5720270432566665
2.462659574563999	0.06875945333333333	1.5737100658433332
2.464404903815993	0.07014806133333332	1.57612596002
2.466150233067988	0.07080284266666666	1.5786445250233332
2.467895562319982	0.07133635566666666	1.5815703924566666
2.4696408915719763	0.07246356166666666	1.5852408857766664
2.4713862208239705	0.073478505	1.5888845468033335
2.4731315500759647	0.07363192436666666	1.5916886589033332
2.47487687932796	0.0738445881	1.594135589053333
2.476622208579954	0.0749497194	1.5966449804866667
2.4783675378319483	0.07602109443333332	1.5983118195066663
2.4801128670839416	0.07623079033333333	1.5983291163799997
2.481858196335936	0.07661486466666667	1.5973758133933331
2.4836035255879314	0.07798479933333333	1.5960055427933333
2.4853488548399256	0.079278287	1.593388122993333
2.48709418409192	0.079627019	1.5888979103966667
2.488839513343914	0.08007696666666667	1.58346933826
2.490584842595908	0.08140414666666665	1.5778875928399998
2.492330171847903	0.08252143	1.571556367443333
2.494075501099897	0.08257944333333334	1.56410571837
2.4958208303518914	0.08265436333333333	1.55669398068
2.4975661596038856	0.08355945	1.5502682343333332
2.49931148885588	0.0842459	1.5443289780766665
2.501056818107874	0.08390059	1.5385211064966664
2.5028021473598683	0.08366500333333333	1.53392580223
2.5045474766118625	0.08441153999999998	1.53131412141
2.5062928058638567	0.08508128999999999	1.5299134894899997
2.508038135115851	0.08484619	1.5290407546566664
2.509783464367846	0.08488441766666667	1.5294281538233332
2.5115287936198403	0.08605794699999998	1.5314738980033333
2.5132741228718345	0.087225277	1.5340565847266667
2.5150194521238287	0.08752106666666666	1.5362393875833331
2.516764781375823	0.08810542666666665	1.5385715163733331
2.5185101106278176	0.08974892000000001	1.5413280997599998
2.520255439879812	0.09126685000000001	1.54343025933
2.522000769131806	0.09184734666666666	1.5441335775866665
2.5237460983838007	0.09258426666666666	1.5441489433566666
2.525491427635795	0.09410731	1.5439193545433332
2.527236756887789	0.09534229000000001	1.5427363326266665
2.5289820861397834	0.09567436333333335	1.5402613567799996
2.5307274153917776	0.09605243666666666	1.5373333470733332
2.532472744643772	0.09691778666666664	1.5344442746199998
2.534218073895766	0.09746730333333332	1.5311778284366666
2.535963403147761	0.09737089333333333	1.5274245196866665
2.5377087323997554	0.09731903	1.52383389462
2.5394540616517496	0.09752240333333331	1.5206869878433331
2.541199390903744	0.09754441999999999	1.5177252892933333
2.542944720155738	0.09734359333333334	1.5149402919433332
2.5446900494077327	0.09727109999999997	1.5126811835133334
2.546435378659727	0.09730859666666666	1.5110192979666666
2.548180707911721	0.09739756	1.5099097418233334
2.5499260371637154	0.09772228000000001	1.5094799472166667
2.5516713664157096	0.09828085999999998	1.509837065653333
2.5534166956677042	0.09885503333333334	1.5108994262333333
2.5551620249196985	0.09968013666666667	1.5127842173766668
2.5569073541716927	0.10105417	1.5156347800433334
2.558652683423687	0.10264834333333334	1.5192249630266668
2.560398012675681	0.10406409999999999	1.5231933124200001
2.5621433419276762	0.10570075666666667	1.52760396986
2.5638886711796696	0.10788069666666666	1.5324473086699997
2.565634000431664	0.11001564666666666	1.5371323020033334
2.567379329683658	0.11156589666666666	1.5410479174966665
2.5691246589356522	0.11304602999999999	1.5442845112266665
2.570869988187648	0.11483317	1.5468956919299999
2.572615317439642	0.11619854666666665	1.5482621267599996
2.5743606466916362	0.1165447	1.5478930129233333
2.57610597594363	0.11657751999999999	1.5462937741633334
2.5778513051956247	0.11684705000000001	1.5439614878333332
2.5795966344476193	0.11656782333333332	1.5405289891733331
2.5813419636996136	0.11513075	1.535783201113333
2.5830872929516078	0.11351106	1.5306995816933333
2.584832622203602	0.11247647999999999	1.5261154586699999
2.586577951455596	0.1111279	1.5216285862766665
2.5883232807075904	0.10878013666666665	1.51692484253
2.5900686099595847	0.10664463333333332	1.5130364873533333
2.591813939211579	0.10561172333333332	1.51068353011
2.593559268463574	0.10453535333333333	1.5090009178566666
2.595304597715568	0.10257155000000001	1.5072682710733334
2.5970499269675624	0.10107533666666665	1.5063715641566664
2.598795256219557	0.10093698000000001	1.5068223772233333
2.6005405854715513	0.10074208333333334	1.5074044779766667
2.6022859147235455	0.09953214	1.50724729608
2.6040312439755398	0.09874511333333331	1.5073345334766668
2.6057765732275344	0.09921995333333333	1.5082442574533332
2.6075219024795286	0.09942418333333333	1.5088024099466666
2.609267231731523	0.09843766666666666	1.50831717121
2.611012560983517	0.09772655	1.5079611739733334
2.6127578902355113	0.09805964666666667	1.5083904594666668
2.6145032194875055	0.09798291333333332	1.5085320817933332
2.6162485487394997	0.09673515666666667	1.5077984310266666
2.617993877991494	0.09570538666666664	1.5072721043766664
2.619739207243488	0.09555415666666667	1.5074448778466665
2.6214845364954824	0.09503130333333333	1.50725000003
2.6232298657474775	0.09355862666666666	1.5061081832666665
2.6249751949994717	0.09233873	1.5049074154466666
2.626720524251466	0.09189838	1.5040219179833332
2.62846585350346	0.09123388333333333	1.5025791231966665
2.6302111827554544	0.08991964999999999	1.5002067482499997
2.631956512007449	0.08892883333333335	1.4977993512099999
2.6337018412594433	0.08866457999999999	1.4958331441166666
2.6354471705114375	0.08834710333333334	1.4937843741299999
2.6371924997634317	0.08765229333333333	1.4915311082799998
2.638937829015426	0.08733173333333333	1.4899305843566666
2.6406831582674206	0.08767009333333334	1.4894088102933332
2.642428487519415	0.08804429999999999	1.4895169312833334
2.644173816771409	0.08818638000000001	1.4900573563499997
2.6459191460234033	0.08863847333333333	1.4915237294266666
2.6476644752753975	0.08954814333333334	1.4939801423866665
2.6494098045273917	0.09041603	1.49682357563
2.651155133779386	0.09104700666666667	1.4996848247999996
2.652900463031381	0.09178188	1.50269995192
2.6546457922833753	0.09262031666666666	1.50569900611
2.6563911215353695	0.09325628333333331	1.5082296126799997
2.658136450787364	0.09365859333333333	1.5101348851333332
2.6598817800393584	0.09395028666666666	1.5115198389266666
2.6616271092913526	0.09397674333333333	1.5122979546733335
2.663372438543347	0.09375119	1.5125129911066666
2.665117767795341	0.0934853	1.5124216881399999
2.6668630970473353	0.09300555666666667	1.5120625756766666
2.66860842629933	0.09197200666666666	1.5113088097833334
2.6703537555513237	0.09080097333333333	1.5105492504966667
2.6720990848033184	0.08994158333333332	1.5101678413633333
2.673844414055312	0.088825	1.5097610232699998
2.6755897433073077	0.08690913666666666	1.5088679881766665
2.677335072559302	0.08502648999999998	1.5080180776999996
2.679080401811296	0.08380501999999998	1.50757098457
2.6808257310632904	0.08227116333333333	1.5066842998199999
2.6825710603152837	0.07973919333333332	1.5047304778366666
2.6843163895672792	0.07741320333333332	1.5025714587433332
2.6860617188192735	0.07603219	1.5007760535966663
2.6878070480712677	0.07432417999999999	1.49842467112
2.689552377323262	0.07155833666666667	1.4950406368633333
2.691297706575256	0.06919194333333333	1.491904908153333
2.6930430358272504	0.06799304333333334	1.4897907481000001
2.694788365079245	0.06652922	1.4877208038299998
2.696533694331239	0.06407898666666667	1.4852163723633334
2.6982790235832335	0.062185736666666665	1.48358130034
2.7000243528352272	0.06157428333333333	1.483413514093333
2.701769682087222	0.06075758333333332	1.4834318501166668
2.703515011339216	0.059027353333333324	1.482902256613333
2.7052603405912103	0.057905729999999996	1.48291837787
2.7070056698432046	0.05807665999999999	1.4838775955666663
2.708750999095199	0.05805781333333333	1.4843655897933332
2.710496328347194	0.057139680000000005	1.483643005016667
2.712241657599188	0.056834703333333327	1.4829373765466667
2.7139869868511823	0.05784594	1.4828676771833333
2.7157323161031766	0.05866867666666667	1.4822543185533332
2.7174776453551712	0.05854455333333334	1.48062574164
2.7192229746071654	0.059037606666666666	1.47953970911
2.7209683038591597	0.06089315666666667	1.4798564458733332
2.722713633111154	0.06246685	1.4804156311533332
2.7244589623631486	0.06288726333333333	1.4806761045999999
2.7262042916151423	0.06381727666666667	1.4821299822933334
2.727949620867137	0.06602079999999999	1.4853957787666667
2.729694950119131	0.06764236666666668	1.4888592286533333
2.7314402793711254	0.06772929666666666	1.4915801078133333
2.7331856086231197	0.06809016333333333	1.49478663413
2.734930937875114	0.06950686666666667	1.4988152551866665
2.736676267127109	0.07002324666666666	1.5018379609499999
2.738421596379103	0.0687724	1.50295435173
2.7401669256310974	0.06770763333333332	1.5035698124699999
2.7419122548830916	0.06762007333333334	1.5042476838666667
2.743657584135086	0.06666957	1.5036036906266665
2.7454029133870805	0.06422008666666666	1.5012925693966666
2.7471482426390748	0.06219402	1.4990413225199997
2.748893571891069	0.06127184333333333	1.4976339625000001
2.750638901143063	0.05987484666666666	1.4960960648833332
2.7523842303950574	0.05758139333333333	1.4942990222566668
2.754129559647052	0.05596627999999999	1.49360214752
2.755874888899046	0.05543123666666666	1.4943425422966667
2.7576202181510405	0.05472010333333333	1.4954456830166665
2.7593655474030343	0.053539500000000004	1.4964750396933333
2.761110876655029	0.05291614333333333	1.4979740752000001
2.762856205907024	0.05296077333333333	1.49971930177
2.7646015351590183	0.05281184666666666	1.5007147550966666
2.7663468644110116	0.052293216666666656	1.5005547244233333
2.768092193663006	0.05195896333333333	1.4995259682433333
2.769837522915	0.051799149999999995	1.4975711501666666
2.7715828521669956	0.05138076	1.4944355137466667
2.77332818141899	0.05065653666666667	1.49031034375
2.775073510670984	0.04991540333333333	1.4857481716633334
2.7768188399229783	0.04917081666666666	1.4811235312133333
2.7785641691749725	0.048286716666666674	1.4767685267266666
2.780309498426967	0.04726976333333333	1.4730998857500002
2.782054827678961	0.046282946666666665	1.4704859513566666
2.7838001569309556	0.04535884999999999	1.4690605881633332
2.7855454861829494	0.04444149666666666	1.4688949934399997
2.787290815434944	0.043513273333333324	1.469918929863333
2.7890361446869383	0.04267375333333333	1.4718355900633333
2.7907814739389325	0.04192264	1.4742092834633331
2.7925268031909276	0.041215183333333336	1.4767743456566667
2.794272132442922	0.040568053333333326	1.4792426347233332
2.796017461694916	0.040035879999999996	1.48113570159
2.7977627909469107	0.03955686	1.4820791702533334
2.799508120198905	0.03922224666666667	1.4822771704866666
2.801253449450899	0.03920372666666667	1.48200718909
2.8029987787028934	0.03939448666666666	1.4811337454566669
2.8047441079548876	0.03958717333333333	1.4796894337933333
2.8064894372068823	0.0401575	1.47857354398
2.808234766458876	0.041445819999999994	1.478495693133333
2.8099800957108707	0.04291695666666667	1.47911246444
2.8117254249628645	0.04408741766666666	1.48019682779
2.813470754214859	0.04570867399999999	1.4826848429866666
2.8152160834668534	0.04822687966666667	1.4869523134566667
2.8169614127188476	0.050489852666666654	1.4917079867066665
2.818706741970842	0.05174452666666666	1.4960187513100003
2.820452071222836	0.053217147333333326	1.5006914904266666
2.8221974004748303	0.05546474133333333	1.5058219513133333
2.8239427297268254	0.056812230666666665	1.5095622222333334
2.8256880589788196	0.05644199633333333	1.5109426514233333
2.827433388230814	0.05611578366666667	1.5113429576000001
2.829178717482808	0.05653851333333333	1.5113202804699999
2.8309240467348022	0.055777988	1.5093150792666665
2.832669375986797	0.053145980999999995	1.5049625491233334
2.834414705238791	0.05079605333333333	1.5004101275433332
2.8361600344907854	0.04950184866666667	1.4966606838899996
2.8379053637427796	0.047272038999999995	1.4923511213533331
2.839650692994774	0.043552391333333336	1.4872738837033332
2.841396022246768	0.04056746666666666	1.4835233069999998
2.8431413514987627	0.03900866933333333	1.4817694231099998
2.8448866807507565	0.036910421666666665	1.4802500153566664
2.846632010002751	0.033756204666666664	1.4783206847133334
2.8483773392547453	0.031612338999999996	1.4775333028766664
2.8501226685067405	0.031053814	1.4781018335633331
2.8518679977587347	0.03018383833333333	1.4780459274533335
2.853613327010729	0.02846602233333333	1.4766228868899998
2.855358656262723	0.027825601999999998	1.4753863222699999
2.8571039855147173	0.02881735133333333	1.4747737958533333
2.858849314766712	0.029567368	1.4731760304866666
2.8605946440187062	0.029467856	1.4702360786766664
2.8623399732707004	0.03044751166666667	1.4679328943233332
2.8640853025226947	0.03310405699999999	1.4670820773733333
2.865830631774689	0.03539725733333333	1.4662185259166665
2.8675759610266836	0.03656546499999999	1.464991781353333
2.8693212902786778	0.03867811833333333	1.46538643324
2.871066619530672	0.042364733999999994	1.4680021288799998
2.872811948782666	0.045246317999999994	1.47084129465
2.87455727803466	0.046418296	1.4730772623666666
2.8763026072866555	0.048223539999999995	1.4764333443133335
2.8780479365386498	0.051342304000000005	1.4811717179466666
2.879793265790644	0.053108519	1.48490506938
2.881538595042638	0.05264878366666667	1.48674252461
2.8832839242946324	0.052654441333333336	1.48863025005
2.885029253546627	0.05388749899999999	1.4910464213166668
2.8867745827986213	0.053614091666666655	1.4919039070399998
2.8885199120506155	0.051154448666666665	1.4908036718466668
2.8902652413026098	0.04940063416666666	1.4901059583666667
2.892010570554604	0.04910527266666667	1.4905465993866667
2.893755899806598	0.04763974033333333	1.4903460419633332
2.895501229058593	0.04449560156666667	1.4892755520233332
2.8972465583105866	0.042414615466666666	1.4894304430333332
2.8989918875625813	0.04197176653333333	1.4911805053066667
2.900737216814575	0.040731568999999995	1.4926068506733332
2.9024825460665697	0.03824889323333333	1.4931695927299997
2.904227875318564	0.03685916626666666	1.4942929397899998
2.905973204570558	0.03693713133333333	1.4959343869933335
2.9077185338225524	0.03633192386666667	1.496273147343333
2.9094638630745466	0.034637129966666666	1.4948179230399998
2.9112091923265417	0.033826187966666664	1.4928785995266667
2.912954521578536	0.03423171396666666	1.4906910553199997
2.91469985083053	0.0340128356	1.4871021731766665
2.916445180082525	0.03280341303333333	1.4821178090933333
2.918190509334519	0.032419046933333334	1.4773398967066669
2.9199358385865133	0.0332655775	1.47339785199
2.921681167838508	0.03362466339999999	1.4694799648299999
2.9234264970905017	0.03307738406666667	1.4656168192199996
2.9251718263424964	0.03343632043333333	1.4632385464066666
2.92691715559449	0.03514116033333333	1.46270069869
2.928662484846485	0.036311029333333335	1.4627287834966665
2.930407814098479	0.036395789666666664	1.4628244875066665
2.9321531433504733	0.03731599353333333	1.4640003439999998
2.9338984726024675	0.039497717333333335	1.4662278447566666
2.9356438018544617	0.04081751166666667	1.4678977191733331
2.937389131106457	0.04070106633333333	1.4684530510166667
2.939134460358451	0.04127128966666667	1.4691015318166667
2.9408797896104453	0.042966454999999994	1.4700809457533333
2.9426251188624395	0.043603351666666665	1.4701896621900001
2.9443704481144337	0.042767113	1.4694239887133334
2.9461157773664284	0.04270217799999999	1.4694101765399998
2.9478611066184226	0.043815669	1.4706587099999997
2.949606435870417	0.04407609266666666	1.4722962982633334
2.951351765122411	0.04324632933333333	1.4744212740666667
2.9530970943744053	0.04335951066666666	1.4782209044166665
2.9548424236264	0.044636078333333336	1.4836748712533332
2.956587752878394	0.04531040566666667	1.4896519304966667
2.9583330821303884	0.04520658266666666	1.49574705391
2.960078411382382	0.04583499833333333	1.5022052960899999
2.961823740634377	0.047184481333333333	1.50843712882
2.963569069886372	0.04787183766666667	1.5134097967
2.965314399138366	0.04775349166666666	1.5167362880766666
2.9670597283903604	0.047838423	1.51847561373
2.9688050576423537	0.048075924	1.51842299346
2.970550386894349	0.047563318	1.5164877952099998
2.9722957161463435	0.04624913333333333	1.5129756102633334
2.9740410453983377	0.04491182666666666	1.50834776342
2.975786374650332	0.043659596	1.5030109021433333
2.977531703902326	0.041935120666666666	1.4974820836399998
2.9792770331543204	0.03972548233333333	1.4922038659499999
2.981022362406315	0.03779502766666667	1.4874738062233333
2.982767691658309	0.03638022233333333	1.4834679785200002
2.9845130209103035	0.03489547566666666	1.4802524498933334
2.9862583501622977	0.033211776666666665	1.4776590212533334
2.988003679414292	0.032168335666666666	1.4755008804833332
2.989749008666286	0.03198534533333333	1.4735492924333333
2.9914943379182812	0.03178083599999999	1.4714817053666667
2.9932396671702755	0.031298078333333326	1.46904916001
2.9949849964222697	0.031518588	1.4663638725466666
2.996730325674264	0.03260125833333333	1.4635705100899998
2.9984756549262586	0.033445476333333335	1.4607615763266666
3.000220984178253	0.033836985	1.4582829221966667
3.001966313430247	0.034879481	1.45678756564
3.0037116426822412	0.03667157966666666	1.4566960156199997
3.0054569719342354	0.03815583033333333	1.4582494874599998
3.00720230118623	0.039267289999999996	1.46171123407
3.008947630438224	0.040977807	1.4671471703966665
3.0106929596902186	0.04324102533333333	1.4742044964999999
3.0124382889422123	0.045253303333333335	1.4825554660766667
3.014183618194207	0.047037732	1.4917324274133332
3.015928947446201	0.049096063333333335	1.5007442408099998
3.0176742766981954	0.051184851	1.50864275823
3.0194196059501897	0.05291697466666666	1.5152990180266666
3.021164935202184	0.054351580666666656	1.5204767230666667
3.022910264454178	0.055434760666666666	1.5232745564033332
3.024655593706173	0.055873768333333323	1.5235012537333334
3.0264009229581674	0.055830888999999995	1.5224081309433333
3.0281462522101616	0.055445848	1.5207601586566668
3.029891581462156	0.05432171766666667	1.5181584450966668
3.03163691071415	0.05232700466666666	1.5150409749633333
3.0333822399661448	0.050104179000000006	1.51318212291
3.035127569218139	0.047858523333333326	1.5131046244166666
3.036872898470133	0.04509558733333333	1.5136187667199998
3.0386182277221274	0.041864409666666665	1.5143184810966668
3.040363556974122	0.038950691999999995	1.5159861319133334
3.042108886226116	0.036495878333333336	1.517990215073333
3.0438542154781105	0.03403480566666667	1.5182555761866665
3.0455995447301047	0.031654767	1.5159305270566663
3.047344873982099	0.029955530666666667	1.5117156081133332
3.049090203234093	0.028956279666666668	1.5054722272033332
3.0508355324860883	0.028283003333333334	1.4962928161999998
3.0525808617380825	0.027959087666666667	1.48480043875
3.0543261909900767	0.028353112333333333	1.4732362272166668
3.056071520242071	0.029453028333333332	1.46307781851
3.057816849494065	0.03094164133333333	1.4547943151466667
3.05956217874606	0.03273347633333333	1.4497164285566666
3.061307507998054	0.03513935033333333	1.45008500584
3.0630528372500487	0.03818624933333333	1.456641073943333
3.0647981665020425	0.04139164299999999	1.46821043765
3.0665434957540367	0.044500076666666666	1.4838579478966667
3.0682888250060314	0.047972785	1.5034353105233331
3.0700341542580256	0.051849033999999995	1.5251798170533333
3.07177948351002	0.055233062000000006	1.5454383303866666
3.073524812762014	0.057732859	1.561694514413333
3.075270142014008	0.060174871000000005	1.5735864314766665
3.0770154712660034	0.06262917833333333	1.5799976241466667
3.0787608005179976	0.063809008	1.5786702789566665
3.080506129769992	0.063409567	1.5698232869899997
3.082251459021986	0.06277283066666667	1.5568772388033332
3.0839967882739803	0.06207451566666666	1.5423514789433332
3.085742117525975	0.059899511999999995	1.5270420540833334
3.087487446777969	0.056220156	1.5138107926700002
3.0892327760299634	0.05273963533333334	1.5077093997833333
3.0909781052819576	0.049674188666666654	1.51103520121
3.092723434533952	0.04568541266666666	1.5226206440999999
3.094468763785946	0.040927032999999995	1.5420969971033334
3.0962140930379407	0.037009395333333334	1.5701190928333333
3.0979594222899345	0.034014522333333325	1.6037966728833333
3.099704751541929	0.030745520000000002	1.63687591378
3.101450080793923	0.027314951999999997	1.66473404785
3.1031954100459176	0.024951792333333334	1.6851514945433332
3.104940739297912	0.023636994666666664	1.6944093909866667
3.106686068549906	0.022347413666666666	1.6878391315366665
3.1084313978019003	0.021085153	1.6647515254599998
3.1101767270538954	0.020934398333333333	1.6290486999699998
3.1119220563058896	0.022049523	1.5847657146099998
3.113667385557884	0.023398387666666663	1.5355326489466665
3.1154127148098785	0.024835000999999995	1.4887351510499998
3.1171580440618727	0.027847103	1.45548845284
3.118903373313867	0.032881080333333326	1.4446241276566667
3.120648702565861	0.038158993	1.4608047610366666
3.122394031817856	0.04312987033333333	1.5092603623333334
3.1241393610698496	0.05025311433333333	1.5963426257733335
3.1258846903218442	0.060101766	1.7222186592300002
3.127630019573838	0.069023921	1.8788775627699998
3.1293753488258327	0.07579211066666666	2.0582200900466665
3.131120678077827	0.08468792866666666	2.2548782784266663
3.132866007329821	0.09650904033333332	2.4572727275933333
3.1346113365818153	0.10460233133333333	2.6455162542833333
3.1363566658338096	0.10685899099999999	2.8046746876966666
3.1381019950858047	0.11144478199999998	2.9307857502966663
3.139847324337799	0.12222170633333332	3.018002713733333
3.141592653589793	0.13024004066666664	3.052099929943333