# O(3P)+CO2(000; j=0) -> O(3P)+CO2(000; j') scattering, statistically averaged (3A2+3B2+3B1) potential energy surfaces
# Differential cross sections; packaged by M. Gacesa (marko.gacesa@nasa.gov), Apr 30 2019
# E = 0.15374 eV
# theta(rad)                 elastic DCS                total DCS (both in units of 1E-16 cm^2/Sr)
0.	890842.0666666667	913165.1549495143
0.0017453292519943296	826076.3	846092.4330789999
0.003490658503988659	668104.4333333333	682790.5086873333
0.005235987755982989	487618.26666666666	496889.76693033334
0.006981317007977318	332238.39999999997	337665.5785716666
0.008726646259971648	215729.56666666665	218971.21377033336
0.010471975511965978	135543.9	137750.21904683334
0.012217304763960305	84217.26666666666	85998.19719703333
0.013962634015954637	52937.98666666667	54507.45289193333
0.015707963267948967	34300.393333333326	35695.859089833335
0.017453292519943295	23444.066666666666	24681.3406612
0.019198621771937624	17176.989999999998	18286.736698633333
0.020943951023931956	13399.783333333335	14422.797797299998
0.02268928027592628	11026.848999999998	12005.130553379999
0.02443460952792061	9513.815999999999	10471.158033133332
0.02617993877991494	8442.947	9375.898475023332
0.027925268031909273	7549.379999999999	8437.525139613334
0.029670597283903602	6727.117	7543.565498356666
0.031415926535897934	5910.224333333334	6629.459273143333
0.03316125578789226	5076.709666666667	5686.512119976666
0.03490658503988659	4273.827666666666	4781.508962883333
0.03665191429188092	3546.057666666666	3973.3477633733332
0.03839724354387525	2910.7763333333332	3287.0014436833335
0.040142572795869566	2398.297333333333	2755.240243793333
0.04188790204786391	2033.5126666666667	2398.062381763333
0.043633231299858244	1798.9879999999998	2186.840194076666
0.04537856055185256	1657.2438333333332	2071.6195528366666
0.047123889803846894	1574.6749333333332	2007.3278029103333
0.04886921905584122	1513.7306666666666	1947.362062745
0.05061454830783555	1439.5720666666666	1853.5945496719999
0.05235987755982988	1336.067	1712.952792414333
0.054105206811824215	1199.8357333333333	1528.477349776
0.05585053606381855	1034.4323333333332	1311.8652795156665
0.05759586531581287	856.8826333333333	1089.3261853186666
0.059341194567807204	691.5482333333332	892.7445743883333
0.061086523819801536	555.4687666666666	742.6088013026666
0.06283185307179587	457.4947	647.288882783
0.0645771823237902	401.68100000000004	607.159203124
0.06632251157578452	383.41186666666664	611.3232621826667
0.06806784082777885	389.6988666666666	639.6701986346666
0.06981317007977318	405.67650000000003	671.3351419259999
0.0715584993317675	417.34563333333335	688.2616406266666
0.07330382858376185	413.1273	677.3092551093333
0.07504915783575618	388.0982666666667	635.0190337923333
0.0767944870877505	344.59753333333333	567.550283019
0.07853981633974483	288.96166666666664	485.91383048066666
0.08028514559173913	230.20574666666667	403.62782434499996
0.08203047484373349	178.7778133333333	334.7636619246666
0.08377580409572782	142.94489666666666	289.48624880866663
0.08552113334772216	126.72368666666667	271.6087166156666
0.08726646259971649	130.05146333333334	279.169384655
0.08901179185171079	148.57433333333333	304.9046704673333
0.09075712110370512	174.52683333333334	337.8569316433333
0.09250245035569944	199.51513333333332	366.95977168366665
0.09424777960769379	216.34443333333334	383.4843123026667
0.09599310885968812	219.88455333333332	382.1409884356667
0.09773843811168244	208.54301	362.46484473966666
0.09948376736367677	184.63049999999998	328.80763429266665
0.1012290966156711	153.0278133333333	288.4117460593333
0.10297442586766543	120.23649	249.833610076
0.10471975511965977	93.2851	221.34014933166668
0.10646508437165408	77.42994666666667	208.33160718599999
0.10821041362364843	74.90842333333333	212.11078089333333
0.10995574287564276	85.43499666666665	230.6156343
0.1117010721276371	106.19221	258.82747290866666
0.11344640137963143	131.82140666666666	289.3515752743333
0.11519173063162574	156.0996	314.61371835166665
0.11693705988362009	173.63492666666667	328.7790667026666
0.11868238913561441	180.42063	328.37793621199995
0.12042771838760875	174.7479033333333	313.199446427
0.12217304763960307	157.94706333333332	286.6808948776666
0.12391837689159738	133.42363666666665	254.34204061566666
0.12566370614359174	105.59076999999999	222.2724425163333
0.12740903539558604	79.75001666666665	196.74009979566668
0.1291543646475804	60.981586666666665	182.81516811196667
0.13089969389957473	52.272243333333336	182.44939304016663
0.13264502315156904	54.26062333333334	194.52317595083332
0.1343903524035634	65.86879666666665	215.85798033956667
0.1361356816555577	84.15649333333333	241.45350239636664
0.13788101090755206	104.69671666666666	265.36301418806664
0.13962634015954636	123.01412666666666	282.49726652046667
0.1413716694115407	135.34307666666666	289.38986120196665
0.143116998663535	138.91467	284.38731690866666
0.14486232791552936	132.94957666666664	268.53093022686664
0.1466076571675237	118.95509333333332	245.4486272037333
0.148352986419518	99.58887	219.63919199543332
0.15009831567151236	78.06743	195.54369786069998
0.15184364492350666	58.28802666666667	177.5187155890667
0.153588974175501	43.84001666666666	168.69323510103334
0.15533430342749535	36.69777333333333	169.71363809556667
0.15707963267948966	37.28219333333333	179.15662320773333
0.158824961931484	44.81992666666666	194.26082289646666
0.16057029118347826	57.14631333333333	211.07285428163328
0.16231562043547265	71.18929666666666	225.3556351551333
0.16406094968746698	83.98206333333333	233.87249973616667
0.16580627893946132	92.91682666666668	234.58835754586667
0.16755160819145565	95.97758333333333	226.7739925931333
0.16929693744344992	92.62919566666666	211.75624853266666
0.1710422666954443	83.90421333333333	192.61635967459998
0.17278759594743864	71.48302733333333	172.7590105457
0.17453292519943298	57.436797999999996	155.36824545999997
0.17627825445142725	44.37947466666666	143.43281743906667
0.17802358370342158	34.689301	138.8460683617
0.17976891295541597	29.672871333333333	141.63467345899997
0.18151424220741025	29.697326333333336	150.40281030263333
0.18325957145940458	34.318732	162.79145133886666
0.18500490071139888	42.099242	175.61023282140002
0.18675022996339324	51.06421066666667	185.67039482593333
0.18849555921538758	59.35571633333333	190.6831363581333
0.1902408884673819	65.24284366666666	189.2562083700333
0.19198621771937624	67.324005	181.0134160308333
0.19373154697137057	65.24464499999999	167.19805015283333
0.19547687622336488	59.687558	150.3394387830333
0.19722220547535924	51.69467066666665	133.1511040653
0.19896753472735354	42.586881	118.18649916896666
0.2007128639793479	34.09606733333333	107.81993111103334
0.2024581932313422	27.783971333333334	103.52534775246666
0.20420352248333656	24.512221666666665	105.3603058257
0.20594885173533087	24.5685	112.30469374786665
0.20769418098732523	27.681591666666666	122.52319433823331
0.20943951023931953	32.875305999999995	133.4773152606
0.2111848394913139	38.84387433333333	142.61717504526666
0.21293016874330817	44.37153933333333	148.03016273826665
0.21467549799530256	48.262781999999994	148.4185826081
0.21642082724729686	49.51489433333333	143.26246155309997
0.2181661564992912	47.86968033333333	133.3193643027
0.21991148575128552	43.777148999999994	120.36791009893332
0.22165681500327983	37.91352466666666	106.4169805817
0.2234021442552742	31.17529033333333	93.48423111119999
0.22514747350726852	24.783486333333332	83.54881400273332
0.22689280275926285	19.855960333333332	77.97557492296666
0.22863813201125716	17.04720233333333	77.11753232083333
0.2303834612632515	16.637815666666665	80.51606010013333
0.23212879051524585	18.507663666666666	87.02611025389999
0.23387411976724018	22.017165666666664	94.87539249243333
0.23561944901923448	26.278071666666666	102.16864579546666
0.23736477827122882	30.429057	107.35136313853332
0.23911010752322315	33.568829666666666	109.21665917256666
0.2408554367752175	34.89983266666667	107.0829585967
0.24260076602721184	34.14155266666666	101.2044244416
0.24434609527920614	31.510171333333332	92.62286813879999
0.24609142453120048	27.396524999999997	82.64354515329998
0.24783675378319475	22.390743	72.704851179
0.24958208303518917	17.365275666666665	64.3380963127
0.25132741228718347	13.167304000000001	58.73081932946667
0.2530727415391778	10.358285333333333	56.40641690333332
0.2548180707911721	9.262381666666666	57.317391546066666
0.25656340004316636	9.923424999999998	60.887687482699995
0.2583087292951608	11.998218666666666	66.0168332449
0.26005405854715513	14.927782333333333	71.40659600193334
0.26179938779914946	18.116704	75.88133130273333
0.2635447170511437	20.882552333333333	78.41481788453333
0.26529004630313807	22.566237666666666	78.28876144809999
0.26703537555513246	22.841594333333333	75.4201061916
0.2687807048071268	21.722549333333333	70.30319866476665
0.270526034059121	19.355266	63.681180733966656
0.2722713633111154	16.058187333333333	56.48058756056666
0.2740166925631097	12.407454999999999	49.80220113216666
0.2757620218151041	9.026658	44.609804178333334
0.27750735106709834	6.383416333333334	41.46677643463333
0.2792526803190927	4.811947	40.56554577913333
0.280998009571087	4.482925666666667	41.7383108695
0.2827433388230814	5.300727999999999	44.4191473809
0.2844886680750758	6.979292333333333	47.81786579226667
0.28623399732707	9.156550666666666	51.132610922666665
0.28797932657906433	11.367486333333334	53.590323793699994
0.2897246558310587	13.111991333333332	54.562350333266664
0.291469985083053	14.068532666666666	53.801457923566666
0.2932153143350474	14.125405333333333	51.4447227204
0.29496064358704166	13.258574	47.8254667196
0.296705972839036	11.572128000000001	43.445743297899995
0.2984513020910303	9.385267666666666	38.993666673566665
0.3001966313430247	7.104548666666666	35.14280869096666
0.301941960595019	5.067466666666666	32.34831191756666
0.3036872898470133	3.5518458666666666	30.84717928723333
0.30543261909900765	2.770156033333333	30.66782063153333
0.307177948351002	2.778316666666666	31.577428371066663
0.3089232776029963	3.4791794	33.1491388356
0.3106686068549907	4.692526666666666	34.8982078377
0.312413936106985	6.152234	36.33095021296666
0.3141592653589793	7.533960999999999	37.01369311726666
0.31590459461097364	8.580076666666667	36.720003717033336
0.317649923862968	9.142664	35.4608525063
0.3193952531149623	9.124733333333332	33.38754152193333
0.32114058236695653	8.509028666666666	30.77430733956667
0.32288591161895097	7.431863666666667	28.038242870766666
0.3246312408709453	6.119768333333333	25.61998211466667
0.32637657012293964	4.779740666666666	23.835774609299996
0.32812189937493397	3.601167066666666	22.86381348133333
0.32986722862692824	2.7694197000000003	22.75926403753333
0.33161255787892263	2.3966254666666664	23.4095964973
0.3333578871309169	2.4853509666666667	24.545475519566665
0.3351032163829113	2.9684042999999996	25.83054841913333
0.3368485456349056	3.7250049999999995	26.920631739
0.33859387488689985	4.581412	27.505030993699997
0.34033920413889424	5.364343333333332	27.387961187433337
0.3420845333908886	5.9437240000000005	26.530622385399997
0.3438298626428829	6.218637333333334	25.014973107366664
0.3455751918948773	6.130297	23.02600571463333
0.34732052114687156	5.709512999999999	20.85772255313333
0.34906585039886595	5.056937666666666	18.844398482299997
0.3508111796508603	4.279213333333333	17.2571801953
0.3525565089028545	3.484893	16.275962060466668
0.3543018381548489	2.8024836666666664	15.995654348833334
0.35604716740684317	2.3378886666666663	16.3907537383
0.35779249665883756	2.1301786666666667	17.299933055666664
0.35953782591083194	2.1703791666666667	18.481143067866668
0.3612831551628262	2.4242562333333333	19.670024611266665
0.3630284844148205	2.8218369333333335	20.6088826876
0.3647738136668149	3.266973	21.091385042866666
0.36651914291880916	3.670756	21.009870575999997
0.36826447217080355	3.9610543333333332	20.3598761552
0.37000980142279777	4.083496	19.2287558267
0.3717551306747922	4.022914999999999	17.7939925491
0.3735004599267865	3.806306	16.288894404666664
0.3752457891787809	3.474537	14.936561516033331
0.37699111843077515	3.0749706666666663	13.915185486066665
0.3787364476827695	2.6748816666666664	13.352050627633332
0.3804817769347638	2.341876	13.294404665366665
0.38222710618675815	2.1103506666666663	13.683362233666665
0.3839724354387525	1.9880549999999997	14.380557320233333
0.38571776469074687	1.9762353333333333	15.212853910566665
0.38746309394274114	2.0591131999999996	15.9918896126
0.3892084231947355	2.195577533333333	16.538391139566663
0.39095375244672975	2.3407302999999997	16.725877359066665
0.39269908169872414	2.4610605	16.504039491266667
0.39444441095071847	2.5290689666666664	15.895335228766665
0.3961897402027128	2.5281493	14.993615845133334
0.3979350694547071	2.461968333333333	13.951663002666667
0.39968039870670136	2.344505333333333	12.941586837166668
0.4014257279586958	2.1915876666666665	12.121854171666666
0.4031710572106902	2.0293386666666664	11.625341597533332
0.4049163864626844	1.8883826666666668	11.534416584779999
0.4066617157146788	1.782560333333333	11.85039090492
0.4084070449666731	1.7109356666666664	12.50090875742
0.41015237421866746	1.6750369999999999	13.370340404066667
0.41189770347066174	1.672390333333333	14.310967796
0.413643032722656	1.6841506666666666	15.154734177333333
0.41538836197465046	1.6889331999999997	15.751654863566666
0.4171336912266447	1.6779013000000003	16.00234274763333
0.41887902047863906	1.6470382333333333	15.862648078166666
0.42062434973063334	1.5929349986666665	15.347207513199999
0.4223696789826278	1.5216338200000001	14.533833817833333
0.4241150082346221	1.4462185666666665	13.545275648999999
0.42586033748661634	1.3771888	12.523161431999998
0.4276056667386108	1.3256183	11.615125384966667
0.4293509959906051	1.3033746	10.953471290033335
0.43109632524259933	1.3106115666666667	10.622241123433334
0.4328416544945937	1.3359334	10.64876653670333
0.434586983746588	1.3705238	11.017148187699998
0.4363323129985824	1.4061987666666664	11.666977943996665
0.43807764225057666	1.4255756333333331	12.490612846133333
0.43982297150257105	1.4121987999999999	13.3595755347
0.44156830075456543	1.3641723999999997	14.155313147066666
0.44331363000655966	1.2873975666666664	14.776424319499998
0.445058959258554	1.1887697999999998	15.145926050866667
0.4468042885105484	1.0827847	15.228821969799998
0.44854961776254265	0.9907426	15.034004980706666
0.45029494701453704	0.9303499666666666	14.602325037333333
0.4520402762665313	0.9150097333333332	14.00303658106333
0.4537856055185257	0.9546675333333333	13.325169188669998
0.45553093477052	1.0466732333333333	12.653522885529998
0.4572762640225143	1.1746469666666668	12.056808554513333
0.45902159327450864	1.3201661333333332	11.592578434886665
0.460766922526503	1.4634631666666666	11.298106814903331
0.46251225177849725	1.5767220666666666	11.17516915262
0.4642575810304917	1.6336866333333333	11.20035490641
0.46600291028248597	1.6236657666666665	11.343948183776664
0.46774823953448036	1.5475368666666665	11.568177717136665
0.4694935687864746	1.4118400666666666	11.82559901093
0.47123889803846897	1.235045	12.07476793963
0.4729842272904633	1.047765533333333	12.288563039293331
0.47472955654245763	0.8819090333333333	12.4477443717
0.4764748857944519	0.7669155666666666	12.54208124946
0.4782202150464463	0.7289379	12.573740302359997
0.4799655442984406	0.7810547333333333	12.547490310083333
0.481710873550435	0.9189090666666666	12.465218955846666
0.48345620280242924	1.1289703666666666	12.334119826356664
0.4852015320544237	1.3889764666666666	12.163956878396665
0.48694686130641796	1.6614266333333332	11.954537613893331
0.4886921905584123	1.9028164333333333	11.701812819906666
0.49043751981040656	2.0799724333333334	11.412838470923333
0.49218284906240095	2.1696899999999997	11.100679267773332
0.4939281783143953	2.1545835333333327	10.77509141629
0.4956735075663895	2.0325846666666663	10.45134952618
0.4974188368183839	1.8230005	10.156768760943333
0.49916416607037833	1.5575227333333332	9.919787562309999
0.5009094953223726	1.2738863333333332	9.763065359576666
0.5026548245743669	1.015596233333333	9.706109143336665
0.5044001538263612	0.8239205666666667	9.760090905816666
0.5061454830783556	0.7283575133333333	9.920270184376665
0.5078908123303499	0.7468595666666668	10.169823906243334
0.5096361415823442	0.8839505999999999	10.482114243520002
0.5113814708343385	1.1231120666666667	10.8156207569
0.5131268000863327	1.4303816666666667	11.11996009334
0.5148721293383272	1.7669522999999998	11.35119965397
0.5166174585903216	2.0912157	11.474222279246668
0.5183627878423158	2.3572254999999998	11.459294824353336
0.5201081170943103	2.525966333333333	11.291931304756666
0.5218534463463045	2.577047666666666	10.982787747843332
0.5235987755982989	2.5061966666666664	10.56087991712
0.5253441048502931	2.32185	10.065441203053332
0.5270894341022874	2.0488329999999997	9.546815289213335
0.5288347633542818	1.7263346666666666	9.062208085236666
0.5305800926062761	1.3984096666666668	8.663654309666665
0.5323254218582705	1.1088282333333332	8.391952218253333
0.5340707511102649	0.8974091999999999	8.274290935366666
0.5358160803622593	0.7917645966666667	8.317958858876667
0.5375614096142536	0.8030491333333334	8.50853674679
0.5393067388662478	0.9289236333333333	8.81635585862
0.541052068118242	1.1531021	9.199573658363335
0.5427973973702365	1.4432829999999996	9.604750247246665
0.5445427266222308	1.7580506666666667	9.975973534813331
0.5462880558742251	2.0568473333333332	10.26642727007
0.5480333851262194	2.3023216666666664	10.440677381246665
0.5497787143782138	2.4620836666666666	10.47506842671
0.5515240436302082	2.515969333333333	10.363424177006666
0.5532693728822025	2.4601013333333333	10.119165245643332
0.5550147021341967	2.3041053333333332	9.7698048056
0.5567600313861911	2.0692303333333335	9.352503831123332
0.5585053606381855	1.7870906666666664	8.911304941963333
0.5602506898901798	1.494096	8.490783169179998
0.561996019142174	1.22562	8.129742357503332
0.5637413483941685	1.0135456333333333	7.859004179243333
0.5654866776461628	0.8821064999999999	7.698444101943332
0.5672320068981571	0.8426643566666667	7.653325352073333
0.5689773361501516	0.8938194666666668	7.71564763228
0.5707226654021459	1.0245102	7.868213979419999
0.57246799465414	1.2142123333333334	8.085760790773332
0.5742133239061344	1.4343033333333333	8.336812857486667
0.5759586531581287	1.653855333333333	8.589114224973333
0.5777039824101231	1.844531	8.813726561743332
0.5794493116621174	1.9823899999999999	8.986179264816666
0.5811946409141118	2.050864	9.088739851866666
0.582939970166106	2.0435156666666665	9.112362219886666
0.5846852994181004	1.963274666666667	9.055637676973333
0.5864306286700948	1.8211176666666664	8.923856267673333
0.5881759579220891	1.6359446666666666	8.729459088443331
0.5899212871740833	1.4314216666666664	8.489810502356667
0.5916666164260775	1.2308806666666665	8.223628896923334
0.593411945678072	1.0553884666666666	7.950312589033333
0.5951572749300664	0.9230617999999999	7.68977729281
0.5969026041820606	0.8456478333333333	7.459587824736666
0.5986479334340549	0.8262944266666665	7.273183209589999
0.6003932626860494	0.8611726666666667	7.1404784545633335
0.6021385919380438	0.9408614666666666	7.0671803862099996
0.603883921190038	1.050564533333333	7.053515565426666
0.6056292504420324	1.1727643333333333	7.095538396159999
0.6073745796940266	1.2903479999999998	7.1858469588433325
0.609119908946021	1.3873796666666665	7.31218948243
0.6108652381980153	1.4506983333333334	7.45867958053
0.6126105674500095	1.4732859999999999	7.609482402479999
0.614355896702004	1.4541896666666667	7.7489306201099994
0.6161012259539983	1.3959183333333334	7.860270293476667
0.6178465552059926	1.3049183333333332	7.928776577573332
0.6195918844579871	1.192826333333333	7.945412163633333
0.6213372137099814	1.0731365999999998	7.905710999109999
0.6230825429619757	0.9574842666666666	7.8087441868
0.62482787221397	0.8560829666666667	7.659326958803334
0.6265732014659642	0.7780002333333333	7.468382463146668
0.6283185307179586	0.7284485433333333	7.2502292786233316
0.630063859969953	0.7078637233333334	7.02155272109
0.6318091892219473	0.7135849966666665	6.800834266063333
0.6335545184739415	0.7402711666666667	6.605249461129999
0.635299847725936	0.7798425	6.448515686033334
0.6370451769779303	0.8235693999999999	6.341442201363333
0.6387905062299246	0.8634826333333333	6.2903288174666665
0.6405358354819191	0.8919651666666667	6.294047063880001
0.6422811647339131	0.9029268666666665	6.345396250533334
0.6440264939859075	0.8940492333333332	6.434303379396667
0.6457718232379019	0.8659895	6.547274430063333
0.6475171524898962	0.8205887000000001	6.66704647583
0.6492624817418906	0.7616585666666666	6.776433505223332
0.6510078109938849	0.6955927666666666	6.861448474653334
0.6527531402458793	0.6291245	6.910900329756666
0.6544984694978735	0.5677791333333333	6.917190746596667
0.6562437987498679	0.5163782	6.878412082853332
0.6579891280018623	0.47861525000000005	6.797784960736665
0.6597344572538565	0.455797992	6.682228100203333
0.6614797865058508	0.4473021066666667	6.542802844999999
0.6632251157578453	0.45117086333333334	6.393366155019999
0.6649704450098396	0.46359833333333333	6.247002567179999
0.6667157742618338	0.4795813	6.115233875376667
0.668461103513828	0.49477563333333335	6.009011618220001
0.6702064327658226	0.5055131333333334	5.936279142789999
0.6719517620178169	0.5081848999999999	5.8992911523033325
0.6736970912698113	0.5005302	5.896347861340001
0.6754424205218055	0.48274086666666666	5.923779156043333
0.6771877497737997	0.45634056666666667	5.974669081943333
0.6789330790257941	0.4235561	6.039058439513333
0.6806784082777885	0.38787943333333336	6.106787862506666
0.6824237375297828	0.3533975333333333	6.168465262439999
0.6841690667817772	0.32355248999999997	6.215222899356666
0.6859143960337715	0.30146248666666664	6.240671324239999
0.6876597252857658	0.28970475966666664	6.2418293331733326
0.6894050545377601	0.2887462536666666	6.2173391051
0.6911503837897546	0.29718263333333333	6.167737986346666
0.6928957130417489	0.3135323666666667	6.097647116773333
0.6946410422937431	0.3356207666666667	6.013938572636666
0.6963863715457373	0.35926993333333335	5.922370648353333
0.6981317007977319	0.3800592333333333	5.8287837546466665
0.6998770300497262	0.39535503333333333	5.740912689383333
0.7016223593017206	0.4031860666666667	5.665458114853334
0.7033676885537148	0.40154539999999994	5.605840163123333
0.705113017805709	0.3900777999999999	5.5642895789399995
0.7068583470577035	0.37045506666666667	5.542645731323333
0.7086036763096978	0.3449164333333333	5.540303908943333
0.710349005561692	0.3164106	5.554632198776666
0.7120943348136863	0.2889421333333333	5.582652435249999
0.7138396640656808	0.26591756666666666	5.620060398
0.7155849933176751	0.2495561	5.661070661326666
0.7173303225696694	0.24237953333333334	5.7011508248833325
0.7190756518216639	0.24632360999999997	5.73688288295
0.7208209810736581	0.2604027666666667	5.763348180623333
0.7225663103256524	0.28204263333333335	5.77590076747
0.7243116395776467	0.3096139	5.773631763256667
0.726056968829641	0.3409004333333333	5.75715207922
0.7278022980816354	0.3714974	5.725640888929999
0.7295476273336298	0.3973645333333333	5.6796219677033335
0.7312929565856241	0.4166564666666666	5.623166867366667
0.7330382858376183	0.42791406666666665	5.560664456093332
0.7347836150896128	0.4297817666666666	5.495251498479999
0.7365289443416071	0.4228316333333333	5.43110284601
0.7382742735936013	0.40895656666666663	5.3730527757466655
0.7400196028455955	0.39001756666666665	5.32427541248
0.7417649320975901	0.36916479999999996	5.287387041356666
0.7435102613495844	0.3506693666666666	5.265067245416667
0.7452555906015788	0.3369632	5.25725937364
0.747000919853573	0.3290449333333333	5.261502510166666
0.7487462491055674	0.32948869999999997	5.276704999573333
0.7504915783575618	0.34046373333333335	5.301664343206667
0.752236907609556	0.3601128333333333	5.331166874516667
0.7539822368615503	0.3852829	5.359159764946666
0.7557275661135445	0.41523156666666666	5.3834129207
0.757472895365539	0.44865669999999996	5.402203417573333
0.7592182246175333	0.4811295666666666	5.41091615421
0.7609635538695276	0.5088899333333332	5.406363232626667
0.7627088831215221	0.5311353999999999	5.389663484053333
0.7644542123735163	0.5469859333333333	5.362237390919999
0.7661995416255106	0.5549322666666666	5.324395378846667
0.767944870877505	0.5554657666666666	5.278505904043333
0.7696902001294994	0.5502939333333333	5.228427065026667
0.7714355293814937	0.5405306	5.176856695596666
0.773180858633488	0.5285835999999999	5.12697534268
0.7749261878854823	0.5181860666666667	5.082999794383333
0.7766715171374765	0.5107668	5.0465063268399994
0.778416846389471	0.5062441666666666	5.016983998566666
0.7801621756414653	0.5071006	4.9963384090166665
0.7819075048934595	0.5158343666666667	4.986554251773333
0.7836528341454538	0.5302575333333333	4.98463788608
0.7853981633974483	0.5471330333333333	4.9865050666399995
0.7871434926494427	0.5669725	4.992409437526666
0.7888888219014369	0.5898539	5.002426329043333
0.7906341511534312	0.6116299666666667	5.01207894739
0.7923794804054256	0.6288600666666666	5.017727547996666
0.7941248096574199	0.6420215666666667	5.020211242856666
0.7958701389094142	0.6511263333333333	5.019826132646666
0.7976154681614087	0.6542407666666668	5.01443147333
0.7993607974134027	0.6513133666666666	5.003777064446666
0.8011061266653973	0.6441134	4.98958097553
0.8028514559173916	0.6334232	4.972275801026666
0.8045967851693858	0.6205292666666666	4.95258043274
0.8063421144213804	0.6082194333333333	4.93284821395
0.8080874436733746	0.5975138666666666	4.913632288183333
0.8098327729253688	0.5879357666666666	4.893931890706667
0.8115781021773631	0.5816203	4.875756215659999
0.8133234314293576	0.5811424666666666	4.8618854259066655
0.815068760681352	0.5846129333333333	4.850502947183333
0.8168140899333463	0.5892130333333333	4.8390134455133325
0.8185594191853405	0.5963317333333333	4.829635492556666
0.8203047484373349	0.6070869666666666	4.824417981943332
0.8220500776893291	0.6178346666666666	4.820226754066667
0.8237954069413235	0.6254643666666666	4.81446216712
0.8255407361933177	0.6312879333333333	4.809181497519999
0.827286065445312	0.6359319333333333	4.805420561313333
0.8290313946973066	0.6369557	4.800637401233333
0.8307767239493009	0.6335304333333333	4.793809251086666
0.8325220532012951	0.6273621333333332	4.786316187633333
0.8342673824532894	0.6189923333333334	4.778017369816666
0.8360127117052839	0.6084152	4.768206884616667
0.8377580409572781	0.5971822666666666	4.7578840981366675
0.8395033702092725	0.5861184666666666	4.747120960506666
0.8412486994612667	0.5746537666666667	4.73460306913
0.8429940287132611	0.5641992666666666	4.721614074146666
0.8447393579652556	0.5569414333333333	4.7105162041633335
0.8464846872172498	0.5515322	4.699842897836666
0.8482300164692442	0.5457872	4.687482424286666
0.8499753457212386	0.5414075	4.6759149622
0.8517206749732327	0.5400524666666666	4.6675968390666664
0.853466004225227	0.5388619333333333	4.6599516330499995
0.8552113334772216	0.5353085333333333	4.650800751763333
0.8569566627292158	0.531238	4.642626176866666
0.8587019919812102	0.5278163	4.636882338423334
0.8604473212332044	0.5226161666666667	4.631001109236666
0.8621926504851987	0.5144917333333333	4.62372738118
0.8639379797371932	0.5052897666666667	4.616686443816666
0.8656833089891874	0.4956944666666666	4.610026532263333
0.8674286382411818	0.4848999666666667	4.602550693053333
0.869173967493176	0.47352263333333333	4.594689090656667
0.8709192967451702	0.4624914333333333	4.5868567701466665
0.8726646259971648	0.4514445	4.578159386619999
0.8744099552491591	0.44095979999999996	4.569365737813333
0.8761552845011533	0.4324996333333333	4.562344812123333
0.8779006137531478	0.42523046666666664	4.55610847716
0.8796459430051421	0.4175137666666666	4.548979845716666
0.8813912722571363	0.4106276333333333	4.542990314886666
0.8831366015091309	0.40598986666666664	4.5402117461566665
0.8848819307611251	0.4013924	4.538338587459999
0.8866272600131193	0.3947696333333333	4.5352764890333335
0.8883725892651138	0.3877736333333333	4.533083335493334
0.890117918517108	0.3815522	4.532925141143333
0.8918632477691024	0.3739144	4.532090125646667
0.8936085770210968	0.3636455666666667	4.528963461613333
0.895353906273091	0.3525017	4.524936768109999
0.8970992355250853	0.34129459999999995	4.520140798739999
0.8988445647770799	0.32896186666666666	4.512961740646666
0.9005898940290741	0.3156468	4.50328067307
0.9023352232810684	0.3025296333333333	4.491731775593333
0.9040805525330626	0.28973276666666664	4.477865300573333
0.9058258817850569	0.27740896666666665	4.462065372756666
0.9075712110370514	0.26653276666666664	4.445822927526667
0.9093165402890456	0.2570007666666667	4.428932460053333
0.91106186954104	0.24799336666666666	4.410624892546666
0.9128071987930344	0.24035199999999995	4.392813001153334
0.9145525280450286	0.23509403333333334	4.377570385096666
0.9162978572970231	0.2308836333333333	4.3637296404466674
0.9180431865490173	0.22636759999999995	4.350250941073333
0.9197885158010117	0.22262753333333332	4.339278378456666
0.921533845053006	0.22035596666666663	4.332195736236667
0.9232791743050003	0.2178875	4.32720466671
0.9250245035569945	0.21420879999999998	4.323275584626667
0.9267698328089891	0.21037506666666667	4.321707774563333
0.9285151620609834	0.20673029999999998	4.322610382713333
0.9302604913129776	0.20227096333333333	4.324423826146667
0.9320058205649719	0.19689208666666663	4.326651394620001
0.9337511498169662	0.1912813	4.32938170249
0.9354964790689607	0.18539858666666667	4.331689147793333
0.9372418083209549	0.17925578	4.3330934257
0.9389871375729492	0.17350055666666667	4.33395309578
0.9407324668249435	0.16809493666666667	4.33337984513
0.9424777960769379	0.16257540666666664	4.330087731233332
0.9442231253289324	0.15766889333333334	4.324918270166666
0.9459684545809266	0.15419780333333333	4.318925780603333
0.9477137838329208	0.1514026533333333	4.310821265616667
0.9494591130849153	0.14860506666666665	4.29965885667
0.9512044423369096	0.14672153	4.287137331183333
0.9529497715889038	0.14626506	4.274461247853333
0.9546951008408984	0.14625431666666666	4.2605851791
0.9564404300928926	0.1462362333333333	4.24531772694
0.9581857593448869	0.14686649666666665	4.230299801889999
0.9599310885968813	0.14815823333333333	4.216228588856667
0.9616764178488755	0.14955620666666666	4.202721296849999
0.96342174710087	0.15116123999999997	4.1903000587533334
0.9651670763528643	0.15306435666666665	4.179633220783334
0.9669124056048585	0.15481272999999998	4.170471874233333
0.9686577348568528	0.15662127666666664	4.1631567568
0.9704030641088474	0.15910240666666664	4.1585401933899995
0.9721483933608416	0.16169544	4.155916447126666
0.9738937226128359	0.16368199666666666	4.154168511133333
0.9756390518648301	0.16593021666666666	4.154162524826667
0.9773843811168246	0.16921603333333335	4.156659128576666
0.9791297103688189	0.17255716	4.159959360773334
0.9808750396208131	0.17530651666666666	4.162690953146667
0.9826203688728073	0.17853753	4.165918606756666
0.9843656981248019	0.18277019333333333	4.170043421339999
0.9861110273767961	0.18708806	4.173305933256666
0.9878563566287906	0.19125836333333335	4.1748557890299995
0.9896016858807848	0.19600047	4.17553985008
0.991347015132779	0.20127708666666666	4.175278324733333
0.9930923443847736	0.20673396666666666	4.17317618076
0.9948376736367678	0.21271216666666665	4.169370372846666
0.9965830028887621	0.21913873333333336	4.164066041506667
0.9983283321407567	0.22535323333333335	4.15669891185
1.0000736613927508	0.23182026666666666	4.147690590646667
1.0018189906447452	0.23935173333333332	4.1380989135199995
1.0035643198967397	0.24698463333333331	4.127262020806667
1.0053096491487339	0.2536602	4.114281751169999
1.007054978400728	0.2605755666666666	4.100725767146667
1.0088003076527223	0.2687157333333333	4.088070481946667
1.0105456369047165	0.2765569	4.07493227712
1.0122909661567112	0.28308216666666663	4.060378039913333
1.0140362954087054	0.2898163	4.046446221509999
1.0157816246606999	0.2975406	4.034353603743333
1.017526953912694	0.3047803333333333	4.022489358233333
1.0192722831646883	0.31099889999999997	4.01022972981
1.0210176124166828	0.31744179999999994	3.999204300756667
1.022762941668677	0.3243433	3.9898216572933327
1.0245082709206712	0.3308788333333333	3.9809042511899997
1.0262536001726654	0.33721019999999996	3.972407048103334
1.02799892942466	0.3437207	3.964858236796667
1.0297442586766543	0.34992143333333336	3.957693020626666
1.0314895879286488	0.3559885666666667	3.9507441716133336
1.0332349171806432	0.36271316666666664	3.9446502428566665
1.0349802464326374	0.36933780000000005	3.938630104103333
1.0367255756846316	0.37476253333333337	3.931423895919999
1.0384709049366259	0.38016496666666666	3.9241060920166664
1.0402162341886205	0.3866861666666666	3.9178612444833334
1.041961563440615	0.3926255333333333	3.91091210726
1.043706892692609	0.3966671666666667	3.9018425272533332
1.0454522219446034	0.4006506666666667	3.8926781053433333
1.0471975511965979	0.4056957333333333	3.8847494449266664
1.048942880448592	0.4097617333333333	3.875927009666667
1.0506882097005863	0.41182193333333333	3.865159928676667
1.0524335389525805	0.4137875	3.8546759208299997
1.0541788682045747	0.4163947333333333	3.84542326159
1.0559241974565694	0.4180041666666666	3.835645065943333
1.0576695267085636	0.41825753333333326	3.8249773622000007
1.059414855960558	0.41847413333333333	3.8149704000899995
1.0611601852125523	0.4187561999999999	3.8057904082866667
1.0629055144645467	0.4184432333333333	3.796646190956667
1.064650843716541	0.41794519999999996	3.7879319004333327
1.0663961729685352	0.41749816666666667	3.7799114586366667
1.0681415022205298	0.4165255666666666	3.7719009228399996
1.069886831472524	0.41555963333333334	3.7643570282866663
1.0716321607245185	0.41558909999999993	3.758265681656667
1.0733774899765127	0.41565283333333336	3.7525092807266667
1.0751228192285072	0.41469043333333333	3.745832361423333
1.0768681484805014	0.414223	3.7397958852733333
1.0786134777324956	0.41543943333333333	3.7356249685866665
1.0803588069844898	0.41650259999999995	3.7312420095266665
1.082104136236484	0.4162389	3.7253013918366666
1.0838494654884787	0.4166249333333333	3.719929175236667
1.085594794740473	0.41863206666666664	3.71616524199
1.0873401239924672	0.42018916666666667	3.71172877348
1.0890854532444616	0.4204201666666667	3.7056715711066666
1.0908307824964558	0.42108979999999996	3.69994631747
1.0925761117484503	0.4226466666666666	3.695065684173333
1.0943214410004445	0.4235150666666666	3.689357122723333
1.0960667702524387	0.42342119999999994	3.6825905090266664
1.0978120995044334	0.42335196666666663	3.6758800729666667
1.0995574287564276	0.42313686666666667	3.6690705274199997
1.101302758008422	0.42224913333333336	3.66167223091
1.1030480872604165	0.4211079333333333	3.6542211029266665
1.1047934165124107	0.4196369999999999	3.646632389673333
1.106538745764405	0.4171634333333333	3.6381760890733332
1.1082840750163991	0.4143808666666667	3.62968437251
1.1100294042683934	0.4122378	3.6222320686466665
1.111774733520388	0.4096532	3.61459329588
1.1135200627723822	0.40570033333333333	3.6057407257466663
1.1152653920243765	0.4020161	3.5975021617466667
1.117010721276371	0.3997132666666666	3.5910905786500003
1.1187560505283651	0.39705736666666663	3.5845804417933333
1.1205013797803596	0.3931441333333333	3.5770009399699996
1.1222467090323538	0.3899421666666666	3.5705221941866663
1.123992038284348	0.3883082	3.566074792876667
1.1257373675363422	0.3863840666666667	3.561686969086667
1.127482696788337	0.3835205666666667	3.55674436274
1.1292280260403311	0.3813311	3.5530189975266664
1.1309733552923256	0.3801262666666667	3.55086262757
1.13271868454432	0.3784892	3.5488844532866666
1.1344640137963142	0.3761882333333333	3.546973924213333
1.1362093430483085	0.3739955666666666	3.545938192296667
1.1379546723003031	0.3716414333333333	3.545473978153333
1.139700001552297	0.36859356666666665	3.5451697595933327
1.1414453308042918	0.36510716666666665	3.54539107036
1.143190660056286	0.3609853666666667	3.54578408483
1.14493598930828	0.3555837333333334	3.5455573275766668
1.1466813185602747	0.34942406666666664	3.54534717338
1.1484266478122689	0.34318503333333333	3.5458377322433337
1.150171977064263	0.3359033	3.54574175612
1.1519173063162573	0.3268622333333333	3.54411757066
1.1536626355682515	0.31744293333333334	3.54239393498
1.1554079648202462	0.30852949999999996	3.5413521966899997
1.1571532940722404	0.2987698	3.5393015964966663
1.1588986233242349	0.28760763333333333	3.5355091168133335
1.160643952576229	0.2767754	3.5317064015133335
1.1623892818282235	0.2670434666666667	3.52854284948
1.1641346110802178	0.25706379999999995	3.5245207021966665
1.165879940332212	0.2465273	3.5193384543966664
1.1676252695842066	0.23690443333333333	3.51446240346
1.1693705988362009	0.22857493333333334	3.510223278166667
1.171115928088195	0.22051543333333334	3.50574785351
1.1728612573401895	0.21264646666666667	3.5011732240433333
1.1746065865921838	0.2057326	3.4972410861199994
1.1763519158441782	0.19967846666666667	3.493870848683333
1.1780972450961724	0.19400476666666666	3.4909527090099997
1.1798425743481666	0.18882466666666667	3.4888854467299995
1.1815879036001609	0.1841004	3.487495834783333
1.183333232852155	0.17941276666666667	3.48633165567
1.18507856210415	0.17491366666666666	3.4859017468166664
1.186823891356144	0.17088076666666666	3.4866194695466666
1.1885692206081382	0.16670537666666665	3.4875433035066665
1.1903145498601329	0.16192138666666667	3.4880223605633334
1.192059879112127	0.1572151633333333	3.4888707127533327
1.1938052083641213	0.15296932333333332	3.490329588046667
1.1955505376161155	0.14837658666666664	3.49111588824
1.1972958668681097	0.14314406999999998	3.4906364000533334
1.1990411961201044	0.13820134666666664	3.489681315926666
1.2007865253720988	0.13390603333333334	3.488273779723333
1.2025318546240933	0.1295599633333333	3.48532721514
1.2042771838760875	0.12509049	3.4805504587266665
1.2060225131280817	0.12128251000000001	3.4744819330866665
1.207767842380076	0.11831010066666667	3.4670128942333336
1.2095131716320702	0.11573177333333332	3.457680359396667
1.2112585008840648	0.11359905799999999	3.446616946566666
1.213003830136059	0.11225657566666666	3.4340225019333332
1.2147491593880533	0.11161880866666665	3.41979118353
1.2164944886400477	0.11152058833333334	3.40421608444
1.218239817892042	0.11202285699999999	3.3877816470999997
1.2199851471440364	0.11299065333333333	3.3703793683466667
1.2217304763960306	0.11416613999999999	3.3519939674766666
1.2234758056480248	0.11562224666666666	3.333459242863333
1.225221134900019	0.11739163999999999	3.3153666250300002
1.2269664641520137	0.11908785666666667	3.297403929043333
1.228711793404008	0.12048938	3.2796450762166662
1.2304571226560024	0.121832228	3.2630127696533333
1.2322024519079966	0.12314644533333331	3.247905075786666
1.233947781159991	0.12412847099999998	3.2339547989433335
1.2356931104119853	0.1247723	3.2212647092266664
1.23743843966398	0.12533907333333333	3.210380006756666
1.2391837689159741	0.125861302	3.201304056863333
1.240929098167968	0.12634024333333332	3.1937828704799998
1.2426744274199628	0.12699696733333332	3.1878927210566665
1.244419756671957	0.12792294999999998	3.1835379058966664
1.2461650859239515	0.1290921813333333	3.180328520516666
1.2479104151759457	0.13080422366666666	3.17827081115
1.24965574442794	0.13334527	3.177406451016666
1.2514010736799341	0.13648097666666667	3.177045595593333
1.2531464029319284	0.14005621666666665	3.17660411646
1.254891732183923	0.14448876	3.176413296733333
1.2566370614359172	0.14992838	3.1765108406199998
1.2583823906879115	0.15583389	3.1759256247333334
1.260127719939906	0.16194682333333332	3.174168235666667
1.2618730491919004	0.1686008933333333	3.171822872276666
1.2636183784438946	0.17572361666666664	3.1689473823166665
1.2653637076958888	0.18271615999999996	3.16471054192
1.267109036947883	0.1893737533333333	3.1589488890933333
1.2688543661998777	0.19583182999999998	3.15228317489
1.270599695451872	0.20186868666666663	3.1447682587966668
1.2723450247038663	0.20719628333333331	3.13605727602
1.2740903539558606	0.21185755666666664	3.126378916423333
1.2758356832078548	0.2157559033333333	3.1160953917533334
1.2775810124598492	0.2186583733333333	3.10518883475
1.2793263417118435	0.22085242666666666	3.0939382382
1.2810716709638381	0.22269811666666664	3.0828506921566667
1.282817000215832	0.2238457333333333	3.0717803168333333
1.2845623294678261	0.2241213	3.0605671297433332
1.286307658719821	0.22437116666666662	3.0500298095066665
1.288052987971815	0.22513326666666666	3.040734528623333
1.2897983172238097	0.22577286666666666	3.0319514357666666
1.2915436464758039	0.22613643333333333	3.0233707681533333
1.293288975727798	0.22733276666666669	3.016100063203333
1.2950343049797923	0.22980436666666665	3.010552016646667
1.296779634231787	0.23266019999999998	3.0055741894166665
1.2985249634837812	0.23570163333333333	3.0007909030799995
1.3002702927357757	0.2398972666666667	2.997284833623333
1.3020156219877699	0.24537140000000002	2.9951963502699996
1.3037609512397643	0.25115883333333333	2.9933075660166666
1.3055062804917585	0.2570391666666667	2.9913248136966666
1.3072516097437528	0.26354443333333333	2.99002216229
1.308996938995747	0.2704532	2.9892676210699998
1.3107422682477412	0.27706163333333333	2.98819786791
1.3124875974997359	0.2832651	2.986741761933333
1.31423292675173	0.28907246666666664	2.98517221946
1.3159782560037245	0.2940794333333333	2.9831719398866667
1.3177235852557188	0.2981893	2.98055128109
1.319468914507713	0.30156426666666664	2.97752101842
1.3212142437597074	0.3037665666666667	2.9737819109499997
1.3229595730117016	0.3044227666666667	2.96894922526
1.3247049022636959	0.3041938333333333	2.9636033448833334
1.3264502315156905	0.30353066666666667	2.9581809171366666
1.3281955607676847	0.3016735333333333	2.9518690631966664
1.3299408900196792	0.2983939333333333	2.94431731453
1.3316862192716734	0.29494764333333334	2.9367180240233326
1.3334315485236676	0.2919088133333333	2.9295843878800003
1.3351768777756619	0.28830460999999996	2.921767105793333
1.336922207027656	0.28402383	2.91301462471
1.338667536279651	0.28050155666666665	2.9047825552433335
1.3404128655316452	0.2781702566666666	2.8974828147433334
1.3421581947836396	0.2759660433333333	2.889893207986667
1.3439035240356338	0.2738080633333333	2.8818909778
1.345648853287628	0.27284660666666666	2.8747809407733333
1.3473941825396225	0.27317765666666666	2.8687410607266663
1.3491395117916167	0.27384279	2.8627700532966665
1.350884841043611	0.27476147333333334	2.8568802150433332
1.3526301702956052	0.27649783333333333	2.85188037601
1.3543754995475994	0.27880588333333334	2.8476752004066666
1.356120828799594	0.28110163666666665	2.8437354525766665
1.3578661580515883	0.28337279	2.840197943823333
1.3596114873035827	0.2855464133333333	2.8371948984966666
1.361356816555577	0.28720416	2.8344161776
1.3631021458075712	0.2883730766666666	2.83194167879
1.3648474750595656	0.2892073333333333	2.8300042928066667
1.3665928043115598	0.28913872999999995	2.8280760625566668
1.3683381335635545	0.28779237999999996	2.825753730513333
1.3700834628155487	0.28586734666666663	2.8237044598233334
1.371828792067543	0.2837035533333333	2.82220809129
1.3735741213195374	0.28044471666666665	2.8202611250666667
1.3753194505715316	0.27588508666666667	2.8174994329066667
1.377064779823526	0.27120844	2.814997920263333
1.3788101090755203	0.26683086	2.8130180610199997
1.3805554383275145	0.26178882666666664	2.8103642934866664
1.3823007675795091	0.25603558666666665	2.8068084167233334
1.384046096831503	0.25086677999999996	2.803546839153333
1.3857914260834978	0.24659124666666665	2.8007565478266665
1.387536755335492	0.24228403333333332	2.7973492189266667
1.3892820845874863	0.23797013666666667	2.7932704767933334
1.3910274138394805	0.23466411666666664	2.789529780756667
1.3927727430914747	0.23242880000000002	2.7861740070266667
1.3945180723434691	0.2305237	2.7824635942433336
1.3962634015954638	0.22897896666666667	2.7784987765833336
1.398008730847458	0.22828026666666662	2.7748604188666666
1.3997540600994525	0.22823739999999998	2.771457223053333
1.4014993893514467	0.22845186666666667	2.7680328898499997
1.4032447186034411	0.22896386666666668	2.7647852762666667
1.4049900478554354	0.22969659999999997	2.7617556562133334
1.4067353771074296	0.2303271	2.7587479599166667
1.4084807063594238	0.23091963333333332	2.7559981442133337
1.410226035611418	0.2315725	2.7537321154933334
1.4119713648634127	0.2317827	2.7514909706
1.413716694115407	0.23125516666666668	2.749036840713333
1.4154620233674011	0.23052496666666666	2.74699312564
1.4172073526193956	0.22977229999999998	2.74555280908
1.4189526818713898	0.22826853333333333	2.74392009951
1.420698011123384	0.22585026666666666	2.74188501038
1.4224433403753782	0.2233809	2.74027573021
1.4241886696273727	0.22107929999999998	2.7392123632333334
1.4259339988793673	0.2181692	2.737790113266666
1.4276793281313616	0.21462424000000002	2.7358793154833334
1.429424657383356	0.2113840966666667	2.7343031121066668
1.4311699866353502	0.2086156266666667	2.73309373777
1.4329153158873444	0.20562011333333333	2.7314605123333333
1.4346606451393389	0.20244599	2.729374282103333
1.436405974391333	0.19984933333333332	2.727469528386667
1.4381513036433278	0.19786797	2.7256989438266666
1.439896632895322	0.19596839333333332	2.7235472965666667
1.4416419621473162	0.19420706666666665	2.7210730103666667
1.4433872913993107	0.19299137666666666	2.7186077285000003
1.4451326206513049	0.19221926999999997	2.7160512772066667
1.446877949903299	0.19158973333333332	2.7132328766099993
1.4486232791552933	0.19114157666666667	2.710263720913333
1.4503686084072875	0.19090881999999998	2.7071495959500003
1.452113937659282	0.19071073	2.7037746602766664
1.4538592669112762	0.19051900333333333	2.70028807618
1.4556045961632709	0.19036958666666665	2.6968132403466663
1.457349925415265	0.19001544666666664	2.6930926955966665
1.4590952546672595	0.1892885	2.689032103576667
1.460840583919254	0.18842248333333333	2.68500469383
1.4625859131712482	0.18747472999999998	2.6811130461933335
1.4643312424232424	0.18605843666666666	2.6769549474966667
1.4660765716752366	0.18408588000000004	2.672483382516666
1.4678219009272309	0.18197733666666666	2.66816380247
1.4695672301792255	0.1798138066666667	2.664059010306666
1.4713125594312197	0.17719473666666666	2.6597537182433335
1.4730578886832142	0.17412486666666666	2.65525454973
1.4748032179352084	0.17108732666666665	2.6509896388199996
1.4765485471872026	0.16816130666666665	2.6469772617333334
1.478293876439197	0.16500814333333333	2.64289345692
1.480039205691191	0.16168869	2.6387840997066667
1.481784534943186	0.15861942999999998	2.6349450921099997
1.4835298641951802	0.15584274999999997	2.6313563394233332
1.4852751934471744	0.15310834333333334	2.627836911556667
1.4870205226991688	0.15047835666666665	2.624443789233333
1.488765851951163	0.14821603333333333	2.6213002605866667
1.4905111812031575	0.14630738999999998	2.6183611011199996
1.4922565104551517	0.14458599	2.6155831890666663
1.494001839707146	0.14307712666666667	2.61300532922
1.4957471689591406	0.14187349333333332	2.6105963558966665
1.4974924982111348	0.14091495999999998	2.6083032590433333
1.4992378274631293	0.14010470999999997	2.606173490333333
1.5009831567151235	0.13942595666666666	2.604210274833333
1.5027284859671177	0.13884966666666665	2.6022926264566664
1.504473815219112	0.13830489333333335	2.6003784600433333
1.5062191444711062	0.13775098666666666	2.59854203129
1.5079644737231006	0.13715334666666668	2.596752848596666
1.5097098029750948	0.13644451999999999	2.5948863350499995
1.511455132227089	0.13558376333333333	2.592927450363333
1.5132004614790837	0.13457431333333333	2.5909219738899996
1.514945790731078	0.13339755999999997	2.588824816153333
1.5166911199830724	0.13202257666666667	2.5865846651699997
1.5184364492350666	0.13046168	2.58422148016
1.520181778487061	0.1287461	2.58172178724
1.5219271077390553	0.12689324999999999	2.5790516613866665
1.5236724369910495	0.12494006333333332	2.5762728278033333
1.5254177662430441	0.12294216	2.57343479602
1.5271630954950384	0.12093694666666666	2.5704626441399996
1.5289084247470326	0.11897096666666668	2.567352214733333
1.530653753999027	0.11712550333333333	2.564266069416666
1.5323990832510213	0.11546054533333333	2.561263145013333
1.5341444125030157	0.11399884666666667	2.5582282186966667
1.53588974175501	0.11278785566666666	2.555188699966666
1.537635071007004	0.11189135633333333	2.552347889146666
1.5393804002589988	0.11132853166666667	2.5497449777066663
1.541125729510993	0.11110125633333331	2.547259725483333
1.5428710587629875	0.11122885846666666	2.5449359500433335
1.5446163880149817	0.11169452910000001	2.54293233786
1.546361717266976	0.11245318176666665	2.5412422931666665
1.5481070465189704	0.11350721316666668	2.539781250646666
1.5498523757709646	0.11483974746666667	2.5385868263899996
1.5515977050229588	0.116323646	2.537695787023333
1.553343034274953	0.11786578666666665	2.537046848973333
1.5550883635269477	0.11951477833333335	2.536630036503333
1.556833692778942	0.12123765300000001	2.536460319126667
1.5585790220309363	0.12281445766666665	2.5364141162300005
1.5603243512829306	0.12415281	2.5363919670166664
1.5620696805349248	0.1253943203333333	2.536487982683333
1.563815009786919	0.12652319099999998	2.5366934939199997
1.5655603390389135	0.127278152	2.53674040935
1.5673056682909077	0.12761882666666666	2.5365292657433334
1.5690509975429023	0.12779468666666666	2.5362683166633335
1.5707963267948966	0.12782628999999998	2.535938606493333
1.5725416560468908	0.12746639999999998	2.5351911814333334
1.5742869852988854	0.12674875	2.5339703096366666
1.5760323145508797	0.12598952333333333	2.5325783172999996
1.5777776438028739	0.12523246666666665	2.5310027679633333
1.579522973054868	0.12428124666666665	2.5289008439666665
1.5812683023068623	0.12322232333333333	2.526288541343333
1.583013631558857	0.12234834666666668	2.523506785366667
1.5847589608108512	0.12168701666666666	2.5205565931933327
1.5865042900628454	0.12110878333333333	2.5171813263266665
1.5882496193148399	0.12070492666666667	2.513465839743333
1.589994948566834	0.12064193666666667	2.5097058318466665
1.5917402778188283	0.12089378999999997	2.50590647992
1.5934856070708228	0.12141013666666667	2.501948077993333
1.5952309363228174	0.12224530333333333	2.4979506261166664
1.5969762655748112	0.12337180666666665	2.4940741749333335
1.5987215948268054	0.12470442	2.49030829889
1.6004669240788003	0.12629603	2.4866853687033332
1.6022122533307945	0.12815441	2.4833120342
1.603957582582789	0.13005424333333332	2.480146433323333
1.6057029118347832	0.13188705	2.4771472609
1.6074482410867772	0.13384002	2.47448663514
1.6091935703387716	0.13589734999999997	2.4722183377366664
1.6109388995907659	0.13769104999999998	2.4700836466133334
1.6126842288427607	0.13914527999999998	2.468014046513333
1.614429558094755	0.14059606666666666	2.466294962946667
1.6161748873467492	0.14203479666666666	2.464915067293333
1.6179202165987434	0.14303222999999998	2.463445323163333
1.6196655458507376	0.14358592666666664	2.4618161875699998
1.621410875102732	0.14415031333333334	2.4603942201499995
1.6231562043547263	0.14473459333333333	2.459120737946667
1.624901533606721	0.14491983999999997	2.4574911847133327
1.6266468628587152	0.14477697	2.4554723707333332
1.6283921921107094	0.14479637666666667	2.4534733249666663
1.630137521362704	0.14498568666666667	2.45142220383
1.6318828506146983	0.14498164333333333	2.4488504129399997
1.6336281798666925	0.14488994333333333	2.4457892248566666
1.6353735091186867	0.1451261633333333	2.4426394777866665
1.637118838370681	0.1456633333333333	2.439345976446666
1.6388641676226756	0.14622117666666665	2.4355686700599994
1.6406094968746698	0.14689106333333332	2.4314045873066665
1.642354826126664	0.14791740666666667	2.42718253649
1.6441001553786583	0.14922127	2.4228741111066663
1.6458454846306525	0.15063377333333333	2.4183174560966667
1.647590813882647	0.15220348666666664	2.4136459560366665
1.6493361431346412	0.15395851666666666	2.4090490133766664
1.6510814723866354	0.15578523	2.4045141820666665
1.6528268016386303	0.15766341333333334	2.4000605504699997
1.654572130890624	0.15960384666666666	2.3958102994033332
1.6563174601426187	0.16143359	2.3917618620966667
1.6580627893946132	0.16304985666666666	2.3878990134766664
1.6598081186466074	0.16461348666666667	2.384391419893333
1.6615534478986018	0.16612328666666665	2.3813065397766664
1.663298777150596	0.16725989	2.3784365495533333
1.6650441064025903	0.16797728999999997	2.3757496142566663
1.6667894356545845	0.16861997666666664	2.3735235578966662
1.6685347649065787	0.16919418666666666	2.37175147524
1.6702800941585736	0.16929575	2.37005081538
1.6720254234105678	0.16895339666666667	2.3683808885466666
1.673770752662562	0.16865038666666665	2.367089436653333
1.6755160819145563	0.16839590666666665	2.3661065518999997
1.6772614111665505	0.16774696666666666	2.3649470510066664
1.679006740418545	0.1667878833333333	2.36358472095
1.6807520696705391	0.16605625000000002	2.3624076930866664
1.6824973989225334	0.16553920666666666	2.36131691122
1.684242728174528	0.16478552	2.35981571136
1.6859880574265222	0.16389522666666667	2.3579190372366665
1.6877333866785167	0.16336474666666667	2.3560287791900003
1.6894787159305111	0.16313643666666666	2.3540546202866666
1.6912240451825054	0.16278171666666666	2.351571118223333
1.6929693744344996	0.16238295666666663	2.348648049763333
1.6947147036864938	0.16232417999999998	2.3456686053399998
1.6964600329384885	0.16250387	2.34257510077
1.6982053621904827	0.16256071333333333	2.3390658617133333
1.6999506914424771	0.16255164	2.33525614021
1.7016960206944713	0.16271924333333332	2.3314685675733333
1.7034413499464653	0.16294770666666666	2.32767937536
1.7051866791984598	0.16299743666666666	2.32372532768
1.706932008450454	0.16291471666666665	2.3197364604966664
1.708677337702449	0.16280750666666666	2.3159290618466666
1.7104226669544431	0.16258691666666666	2.3122959366099995
1.7121679962064373	0.16217841	2.3087964857399994
1.7139133254584316	0.16163548	2.3055359612833333
1.7156586547104258	0.1609503	2.3025872551966664
1.7174039839624204	0.16008842999999998	2.2999370606266667
1.7191493132144147	0.15915025333333332	2.2976381807233333
1.7208946424664089	0.15819645999999998	2.295739666206666
1.722639971718403	0.15711416	2.2941564866799995
1.7243853009703973	0.15592162666666665	2.292856325043333
1.726130630222392	0.15486349333333332	2.291960409183333
1.7278759594743864	0.15398553666666664	2.291451723053333
1.7296212887263807	0.15306949666666664	2.29110317512
1.7313666179783749	0.15216087	2.2908693868766665
1.733111947230369	0.15159211	2.2909292736399998
1.7348572764823635	0.15136491666666665	2.2912147998699997
1.7366026057343578	0.15115860333333334	2.2914003237166662
1.738347934986352	0.15101835999999996	2.2914504551899997
1.7400932642383462	0.15130861666666665	2.2916034637266662
1.7418385934903404	0.15197301333333335	2.29177191063
1.7435839227423353	0.15261271333333332	2.29158962379
1.7453292519943295	0.15326314333333332	2.2910595455499996
1.7470745812463238	0.15428592	2.2904816843466667
1.7488199104983182	0.15558007	2.2897813611499997
1.7505652397503124	0.15671881333333332	2.2886061463566665
1.7523105690023066	0.1577407633333333	2.2870150219533336
1.7540558982543013	0.15899232333333335	2.2853583275566667
1.7558012275062955	0.16036120666666664	2.283591084276667
1.75754655675829	0.16145509666666666	2.28140984129
1.7592918860102842	0.16233661	2.27892493627
1.7610372152622784	0.16333087999999998	2.276503116543333
1.7627825445142726	0.16434606333333335	2.2741233524166664
1.7645278737662669	0.16507553	2.2715420749033335
1.7662732030182617	0.1656130733333333	2.268892915333333
1.768018532270256	0.16624361666666665	2.26650562739
1.7697638615222502	0.1669073933333333	2.2643597375533333
1.7715091907742444	0.16740558333333333	2.26226524349
1.7732545200262386	0.16784569	2.2603388440499996
1.7749998492782333	0.16843541333333334	2.25881534117
1.7767451785302275	0.16913468999999998	2.257649299733333
1.7784905077822217	0.16984718	2.2566964135566665
1.780235837034216	0.17065975666666666	2.256022504843333
1.7819811662862102	0.17166015333333332	2.2557253433866666
1.7837264955382048	0.17280759999999998	2.255724885456666
1.785471824790199	0.17409199999999997	2.25592836741
1.7872171540421935	0.17554945000000002	2.2563392451899995
1.7889624832941877	0.17712270666666666	2.25690783675
1.790707812546182	0.17876212333333333	2.2575359213999997
1.7924531417981764	0.18053644333333332	2.2582070677366666
1.7941984710501706	0.18242386666666666	2.2588780391266665
1.7959438003021653	0.18423096666666666	2.25937547084
1.7976891295541597	0.18591403333333334	2.2596210297933332
1.7994344588061533	0.1876281	2.259708830953333
1.8011797880581482	0.18931213333333333	2.2595817155899995
1.8029251173101424	0.19067663333333332	2.258988136
1.8046704465621368	0.19171396666666665	2.2579113616299997
1.806415775814131	0.19267576666666666	2.256579240173333
1.8081611050661253	0.19349169999999996	2.2549509061266666
1.8099064343181195	0.1938287	2.2527431304566665
1.8116517635701137	0.19373923333333334	2.25002384976
1.8133970928221086	0.19356476666666667	2.247146374213333
1.8151424220741028	0.19324543333333336	2.244095746076667
1.816887751326097	0.1924474333333333	2.2405870960799996
1.8186330805780913	0.1912826333333333	2.2367631767533336
1.8203784098300855	0.19014543333333334	2.233054735963333
1.82212373908208	0.18898426666666662	2.229456052073333
1.8238690683340746	0.18748683333333332	2.22568960187
1.8256143975860688	0.18579666666666667	2.22193234483
1.827359726838063	0.18429826666666665	2.2186147428766665
1.8291050560900572	0.18293006666666667	2.2157078633166667
1.830850385342052	0.18141006666666665	2.212939588016667
1.8325957145940461	0.17987223333333335	2.210467688323333
1.8343410438460404	0.17862453333333334	2.208639788993333
1.8360863730980346	0.17757973333333332	2.2073766401133335
1.8378317023500288	0.17649669999999998	2.2064163980066667
1.8395770316020235	0.1754684333333333	2.205855758946666
1.8413223608540177	0.17468063333333333	2.2059001074399998
1.843067690106012	0.17402416666666665	2.2064177472199997
1.8448130193580063	0.17332416666666664	2.2071821555166666
1.8465583486100006	0.17262476666666665	2.2082161383
1.8483036778619948	0.17197833333333334	2.2095641840266667
1.850049007113989	0.17128136666666666	2.21107153638
1.8517943363659835	0.1704617333333333	2.2125915821466666
1.8535396656179781	0.1695294333333333	2.214091219113333
1.8552849948699723	0.16842203333333333	2.215475623763333
1.8570303241219668	0.1670794	2.216617078533333
1.858775653373961	0.16556343333333332	2.217497124856666
1.8605209826259552	0.16387102	2.218061505013333
1.8622663118779497	0.16185539	2.2181214557033333
1.8640116411299439	0.15952717	2.2176246028833333
1.865756970381938	0.15708743999999997	2.2167094565599994
1.8675022996339323	0.15452990666666666	2.21533125845
1.8692476288859265	0.1516492333333333	2.213254328923333
1.8709929581379214	0.14852724666666667	2.2105259838999998
1.8727382873899157	0.1454742633333333	2.2074332959699996
1.8744836166419099	0.14247239333333334	2.2039518591499996
1.876228945893904	0.13927171666666666	2.1998317869533333
1.8779742751458983	0.13599972999999999	2.1952099643633334
1.8797196043978928	0.13301778333333333	2.1904735511333335
1.881464933649887	0.1302773433333333	2.185606997513333
1.8832102629018816	0.12749342333333333	2.180361474113333
1.8849555921538759	0.12480171000000001	2.1749243565966663
1.88670092140587	0.12254865999999999	2.1697079867666664
1.8884462506578648	0.12064173	2.164682320693333
1.890191579909859	0.11877868	2.1596056189466664
1.8919369091618532	0.11707278666666668	2.1546650362866666
1.8936822384138474	0.11580413666666667	2.15022015916
1.8954275676658416	0.11484203333333333	2.1462075484666667
1.8971728969178363	0.11390067999999999	2.142401335803333
1.8989182261698305	0.11305936000000001	2.1389457461566668
1.900663555421825	0.11250658000000002	2.13608910645
1.9024088846738192	0.11210075666666666	2.133732756353333
1.9041542139258134	0.11161752666666666	2.13168550377
1.9058995431778076	0.11110847999999998	2.1300267583266663
1.9076448724298019	0.11067035466666666	2.1288672615833333
1.9093902016817967	0.11018757000000001	2.1280910558666664
1.911135530933791	0.10953919733333334	2.1275686408666665
1.9128808601857852	0.108762137	2.127315421013333
1.9146261894377794	0.10787381000000001	2.1273105304166666
1.9163715186897738	0.106814871	2.1274509695066666
1.9181168479417683	0.10558941633333332	2.127694846753333
1.9198621771937625	0.10422659866666664	2.128009985353333
1.9216075064457567	0.102676993	2.1282728667899997
1.923352835697751	0.10094756029999999	2.12842351607
1.9250981649497452	0.09915983003333334	2.1285213430966667
1.92684349420174	0.09732944763333332	2.128508233113333
1.9285888234537343	0.09534676969333333	2.128197321443333
1.9303341527057285	0.09327334519333333	2.127590372603333
1.9320794819577227	0.09131365663333332	2.1268424546799993
1.933824811209717	0.0894556068	2.12588801174
1.9355701404617114	0.08753352673333334	2.1245157951466664
1.9373154697137056	0.08563786563333332	2.1227911247566666
1.9390607989656998	0.08400890999999999	2.1209394746933334
1.9408061282176947	0.08259420033333333	2.118899274966666
1.9425514574696887	0.08118190833333333	2.116466929353333
1.9442967867216832	0.079865138	2.11375694502
1.9460421159736774	0.07887667933333334	2.1110261126700003
1.9477874452256718	0.07812320933333333	2.1082211566833333
1.949532774477666	0.07736799066666666	2.105168325536667
1.9512781037296603	0.07669098266666666	2.1020058090966662
1.953023432981655	0.07628963066666665	2.0989777366699998
1.9547687622336491	0.07604505033333334	2.0960382745366664
1.9565140914856434	0.07572720299999999	2.09305528487
1.9582594207376378	0.07540091333333332	2.0901608857866663
1.960004749989632	0.07521848333333334	2.0875469313066666
1.9617500792416263	0.07506163333333332	2.0851715212566666
1.9634954084936205	0.07474133	2.08294642629
1.9652407377456147	0.07431364333333332	2.0809706885133332
1.9669860669976096	0.07388947666666666	2.0793564181966664
1.9687313962496038	0.07337723333333332	2.0780620634799996
1.970476725501598	0.07265423333333333	2.0770384963899997
1.9722220547535922	0.07177467666666666	2.07633364924
1.9739673840055865	0.07081614	2.0759700341933334
1.9757127132575811	0.06972961666666666	2.0759054015266667
1.9774580425095754	0.06846583	2.07612147386
1.9792033717615696	0.06707784666666666	2.0766106725999998
1.9809487010135638	0.06561567666666666	2.0773161179833335
1.982694030265558	0.06407258333333332	2.07819847553
1.9844393595175527	0.06246005333333333	2.0792625558699998
1.9861846887695471	0.06082314999999999	2.080456315846667
1.9879300180215413	0.059185583333333326	2.0816721239566665
1.9896753472735356	0.05756886666666667	2.0828821504066664
1.9914206765255298	0.05601835	2.0841093684166663
1.9931660057775242	0.05456079666666667	2.08528121362
1.9949113350295185	0.05319384666666666	2.0862797460066664
1.9966566642815133	0.05194692333333334	2.0870993922066665
1.9984019935335076	0.05086924999999999	2.0877783626133333
2.0001473227855016	0.04996254333333333	2.0882529946133332
2.0018926520374962	0.04920211666666666	2.088436129993333
2.0036379812894904	0.048608309999999995	2.088351523823333
2.0053833105414847	0.04821201	2.0880478309066666
2.0071286397934793	0.047992023333333335	2.0874946674299997
2.0088739690454736	0.04791145333333333	2.08666456478
2.0106192982974678	0.04797426666666667	2.0856075234166664
2.012364627549462	0.04818512	2.0843716165233332
2.014109956801456	0.048511526666666666	2.0829695029766664
2.0158552860534504	0.04891909	2.08144037821
2.0176006153054447	0.04939879666666667	2.07984407817
2.019345944557439	0.04993541333333333	2.0782097422066665
2.021091273809433	0.05050138666666666	2.0765842655233326
2.022836603061428	0.05107837999999999	2.0750564173633332
2.0245819323134224	0.051654213333333324	2.073669526173333
2.0263272615654166	0.05220868666666667	2.072412936883333
2.028072590817411	0.05273238	2.0713446800666664
2.029817920069405	0.053228109999999995	2.070569136803333
2.0315632493213998	0.053690249999999995	2.070087007503333
2.033308578573394	0.05410968666666666	2.0698345305366663
2.035053907825388	0.054498153333333334	2.06985463986
2.036799237077383	0.054871829999999996	2.07023040243
2.0385445663293766	0.055236339999999995	2.070907136643333
2.0402898955813713	0.055604636666666665	2.0717731201266667
2.0420352248333655	0.05600057333333333	2.072839660933333
2.0437805540853597	0.05643338666666667	2.074143026693333
2.045525883337354	0.05691859	2.0755834629766667
2.047271212589348	0.05749633	2.0770303756966664
2.0490165418413424	0.05818408333333334	2.0784644045899996
2.0507618710933366	0.058958369999999996	2.079868932643333
2.052507200345331	0.05984057333333333	2.0811328382966665
2.054252529597326	0.06089931999999999	2.0821549411633336
2.05599785884932	0.06212595666666666	2.082901748423333
2.0577431881013144	0.06344227433333333	2.0833146042366666
2.0594885173533086	0.06487423233333334	2.0833171824199996
2.0612338466053033	0.06652060533333333	2.082890056353333
2.0629791758572975	0.06833371966666665	2.0820064886933336
2.0647245051092917	0.070170849	2.0805821792166665
2.0664698343612864	0.07206775033333332	2.07861589825
2.0682151636132806	0.07415726333333333	2.076206358223333
2.069960492865275	0.07635152666666667	2.0733440975799997
2.071705822117269	0.07844978333333333	2.0699274811799997
2.0734511513692633	0.08050815333333333	2.06604748433
2.0751964806212575	0.08269861	2.0619255596299997
2.0769418098732517	0.08490286333333333	2.05755996013
2.078687139125246	0.08688224666666666	2.052824443573333
2.080432468377241	0.08872454999999999	2.04788845449
2.0821777976292353	0.09064157333333334	2.043065310403333
2.08392312688123	0.09250029666666666	2.0383330189666666
2.0856684561332237	0.09405103	2.0335217443566664
2.087413785385218	0.09541805666666665	2.0288410153466665
2.0891591146372126	0.09684380333333333	2.0246404562299998
2.090904443889207	0.09819548	2.0208448507066668
2.0926497731412015	0.09923796333333332	2.017223980123333
2.0943951023931957	0.10012516	2.0139814416966666
2.0961404316451895	0.10110805666666667	2.011443220283333
2.097885760897184	0.10206365666666667	2.009461489463333
2.0996310901491784	0.10279065666666666	2.00774750555
2.1013764194011726	0.10345316	2.0064643399933333
2.103121748653167	0.10427810666666666	2.0058699402066664
2.104867077905161	0.10515617333333332	2.00575201393
2.1066124071571553	0.10593205333333333	2.0057931753399996
2.1083577364091495	0.10675260999999998	2.0061041321966666
2.1101030656611446	0.10778505333333334	2.006856155333333
2.111848394913139	0.10893538333333333	2.007809675103333
2.113593724165133	0.11010228	2.0086727400199997
2.1153390534171272	0.11138866999999998	2.00951298724
2.1170843826691215	0.11287232666666666	2.0104188586666667
2.118829711921116	0.11447917666666665	2.01117766397
2.1205750411731104	0.11617022666666665	2.011585097176667
2.1223203704251046	0.11798602999999999	2.0116837007866666
2.124065699677099	0.11989945666666665	2.01149241184
2.1258110289290935	0.12186702666666667	2.0108769633066665
2.1275563581810877	0.12392279666666667	2.0097703516866665
2.129301687433082	0.12603943666666667	2.0082014125266663
2.131047016685076	0.12808664	2.0061283142166664
2.1327923459370703	0.13006765	2.003526798213333
2.1345376751890646	0.13210044999999998	2.00048877451
2.1362830044410597	0.13409680999999998	1.9970250199266666
2.138028333693054	0.13583936	1.99303025343
2.139773662945048	0.13739427333333332	1.9885945407799999
2.141518992197043	0.1389699033333333	1.9839584815166664
2.143264321449037	0.14043077666666665	1.9790963182499999
2.1450096507010312	0.14149683999999998	1.9738287444566665
2.1467549799530254	0.14230623999999997	1.96834163128
2.1485003092050197	0.14315334333333332	1.9629900061333334
2.1502456384570143	0.14386954666666665	1.95768940916
2.1519909677090086	0.14413728333333334	1.9521785650133332
2.1537362969610028	0.14416327666666665	1.9467093445133332
2.155481626212997	0.14430868666666666	1.9417063927266665
2.157226955464991	0.14438246666666665	1.9370133013233333
2.1589722847169854	0.14405113	1.9322921005766667
2.1607176139689797	0.14357236333333334	1.9278307586966668
2.162462943220974	0.14334147333333333	1.9240792470866666
2.164208272472968	0.14315069666666666	1.9208113215099998
2.1659536017249623	0.14266685999999998	1.9176334064899998
2.1676989309769574	0.14216981666666667	1.9148434992233334
2.1694442602289516	0.14204735	1.91287725799
2.171189589480946	0.1420786933333333	1.9114551471066665
2.17293491873294	0.14194535666666666	1.9101611319099998
2.1746802479849343	0.14191607	1.9092803525933333
2.176425577236929	0.14232894666666668	1.9091990487733332
2.178170906488923	0.14295764	1.9096100109233334
2.179916235740918	0.14351501333333333	1.91011295794
2.1816615649929116	0.14422910666666666	1.910958344983333
2.183406894244906	0.1453544	1.9124517084366666
2.1851522234969005	0.14667402	1.9142875234199999
2.1868975527488947	0.14795414666666665	1.9161188608633335
2.188642882000889	0.14936202999999998	1.9181410878199998
2.190388211252883	0.15104805	1.9205537969666664
2.1921335405048774	0.15282784333333332	1.9230843190566667
2.1938788697568716	0.15454791	1.925474373283333
2.1956241990088667	0.15630549666666665	1.92784935925
2.197369528260861	0.1581400433333333	1.93028884815
2.199114857512855	0.15992819333333333	1.9325866428466665
2.20086018676485	0.16162331	1.9346065324066668
2.202605516016844	0.16325213	1.9363992096333331
2.2043508452688383	0.16474700666666667	1.9379253058833332
2.206096174520833	0.16607202333333332	1.9390801580866666
2.207841503772827	0.16730723333333333	1.9398792251533332
2.2095868330248214	0.16841163333333334	1.9403041569833333
2.2113321622768156	0.1692200333333333	1.9402111771700001
2.21307749152881	0.16980063333333334	1.9396273378666664
2.214822820780804	0.17036640000000003	1.9387383196099999
2.2165681500327983	0.17081036666666663	1.9374665435733331
2.2183134792847925	0.17087959999999996	1.9355834829299998
2.2200588085367867	0.17074896666666667	1.9332622140366666
2.221804137788781	0.17075256666666666	1.9308556021966665
2.223549467040776	0.17071616666666667	1.928231137126667
2.2252947962927703	0.17030763333333332	1.9250898040766664
2.2270401255447645	0.1697952333333333	1.9217391309433334
2.2287854547967587	0.16960609999999998	1.9186670764099998
2.230530784048753	0.16949589999999998	1.9156787326633333
2.2322761133007476	0.16906289999999996	1.9124079293233334
2.234021442552742	0.16864309666666666	1.90925730504
2.235766771804736	0.16871758666666664	1.9067909729766666
2.2375121010567303	0.16897310000000001	1.9047354168166666
2.239257430308725	0.1689528233333333	1.9026540679633333
2.241002759560719	0.16902978333333332	1.90098732169
2.2427480888127134	0.16969657333333332	1.9003033921199999
2.2444934180647076	0.17058180333333334	1.9002377900033331
2.246238747316702	0.17119763333333332	1.9002866988366667
2.247984076568696	0.17192463333333333	1.9008711268966665
2.2497294058206903	0.17322913333333334	1.9024985360533333
2.2514747350726845	0.1747049333333333	1.9047209226899997
2.2532200643246787	0.17586796666666665	1.9069910192366664
2.254965393576674	0.17708233333333334	1.9096715752166666
2.256710722828668	0.17875926666666667	1.9131691059166667
2.2584560520806622	0.18049226666666665	1.9169893435266667
2.260201381332657	0.18184356666666668	1.9205923337100002
2.261946710584651	0.18314316666666666	1.9242706420299998
2.2636920398366454	0.18472626666666664	1.9283203140233334
2.26543736908864	0.18622733333333333	1.9322647538299997
2.2671826983406342	0.18729813333333334	1.9356418460466664
2.2689280275926285	0.1882198	1.9386838401766666
2.2706733568446227	0.1892373	1.9415893149199999
2.272418686096617	0.19006489999999998	1.9439734675566664
2.274164015348611	0.19047953333333334	1.9455232339066666
2.2759093446006062	0.19069883333333332	1.94642629272
2.2776546738525996	0.19086526666666664	1.9468018298533334
2.279400003104594	0.19080249999999999	1.9464182160133334
2.281145332356588	0.19043406666666665	1.9451607733666667
2.2828906616085836	0.18989666666666666	1.9431765968599999
2.284635990860578	0.1892189	1.9405117008900001
2.286381320112572	0.1883492	1.9371175784633332
2.288126649364566	0.1873614	1.9330899791233334
2.28987197861656	0.1862926333333333	1.9285182066599997
2.291617307868555	0.18504779999999998	1.9233623674833331
2.2933626371205493	0.18370083333333334	1.9177496957033333
2.2951079663725436	0.18246363333333332	1.91195995794
2.2968532956245378	0.18125746666666667	1.90599027886
2.2985986248765315	0.17985916666666668	1.8996894284933332
2.300343954128526	0.17845756666666668	1.8933243810199998
2.3020892833805204	0.1773794333333333	1.8873069011566665
2.3038346126325147	0.17642190000000002	1.8815055436733332
2.305579941884509	0.17523930000000001	1.8756352995266665
2.307325271136503	0.1741184	1.87005601887
2.309070600388498	0.17347256666666666	1.86525356367
2.3108159296404924	0.17297943333333335	1.86094765635
2.3125612588924866	0.17218893333333335	1.8567162648466664
2.314306588144481	0.1714672	1.8529717453699999
2.316051917396475	0.1712858333333333	1.8502271955333331
2.3177972466484698	0.1712218	1.8480611915099998
2.319542575900464	0.17075136666666668	1.8459388215733332
2.321287905152458	0.1703013	1.8443000906733333
2.3230332344044524	0.1703758333333333	1.8436566929533333
2.324778563656447	0.1704821	1.8434819185999998
2.3265238929084413	0.1700619333333333	1.84317598053
2.3282692221604355	0.16958436666666668	1.8431953820466669
2.3300145514124297	0.16956246666666663	1.84403645773
2.331759880664424	0.16947156666666668	1.8451208630633333
2.333505209916418	0.16876123333333332	1.8458431088399998
2.3352505391684133	0.16792236666666663	1.84666959036
2.3369958684204075	0.16745443333333332	1.84807231379
2.3387411976724017	0.16683969999999998	1.84947769375
2.340486526924396	0.16557363333333333	1.8503297027333332
2.34223185617639	0.164146	1.8510927382166664
2.343977185428385	0.16301939999999998	1.852201518043333
2.345722514680379	0.16171733333333332	1.8531338654566665
2.3474678439323733	0.15981109999999998	1.8534235839333333
2.3492131731843675	0.15776256666666666	1.8535113168266666
2.3509585024363617	0.15597436666666664	1.8537744749066665
2.3527038316883564	0.15403709999999998	1.85377393558
2.3544491609403506	0.15161726666666667	1.85315609199
2.356194490192345	0.1491206	1.8523089669266666
2.357939819444339	0.14686749999999998	1.8515293985666663
2.3596851486963333	0.14453316666666666	1.8504800073766667
2.3614304779483275	0.14188766666666666	1.8489289487666665
2.3631758072003217	0.13925426666666665	1.8471833328633331
2.364921136452316	0.13685293333333332	1.8454403576799998
2.36666646570431	0.13445283333333333	1.8434756324
2.3684117949563044	0.1319281333333333	1.8411809937866668
2.3701571242083	0.12949868666666664	1.83876248899
2.371902453460294	0.12727214999999997	1.8363087693966664
2.373647782712288	0.12511602666666666	1.83371621269
2.375393111964282	0.12300321999999998	1.83099879106
2.3771384412162764	0.12103755333333333	1.8282525215866667
2.3788837704682715	0.11921203333333333	1.8254595702966665
2.3806290997202657	0.11749234666666665	1.8226409028633332
2.38237442897226	0.11594237999999998	1.8199267309099998
2.384119758224254	0.11454704333333332	1.8173027100733332
2.3858650874762484	0.11319130666666666	1.8146532205966666
2.3876104167282426	0.11193660000000001	1.8121195800133334
2.389355745980237	0.11092845666666667	1.8099341741999997
2.391101075232231	0.11003948	1.80797522769
2.3928464044842253	0.10906132999999998	1.8060387388666665
2.3945917337362195	0.10814627333333332	1.8043702616233332
2.3963370629882146	0.10751100333333331	1.8032795564933333
2.398082392240209	0.10693050666666666	1.8025399788666665
2.3998277214922035	0.10612349	1.8018662718599998
2.4015730507441977	0.10532553666666666	1.8015807549633334
2.403318379996192	0.10481257333333334	1.8020373195299997
2.4050637092481866	0.10428187	1.8029079503733332
2.406809038500181	0.10340271333333334	1.8038333771799997
2.408554367752175	0.10248292999999999	1.8051800563033331
2.4102996970041692	0.10184404666666666	1.80731183801
2.4120450262561635	0.10112843666666665	1.8098095777866665
2.4137903555081577	0.09997957333333332	1.8122536682
2.415535684760152	0.09876280333333333	1.8150262129566666
2.417281014012146	0.09782946	1.81847526102
2.4190263432641403	0.09678973666666665	1.8221138736599998
2.4207716725161346	0.09528340333333332	1.8254879328766667
2.4225170017681297	0.09371446	1.8289781968899999
2.424262331020124	0.09244621333333333	1.8329055405566665
2.426007660272118	0.09107803333333332	1.8367535308699998
2.4277529895241123	0.08926402666666666	1.8400718485166667
2.4294983187761066	0.08742523333333332	1.8432354282266668
2.4312436480281012	0.08591721666666666	1.8465398871566665
2.4329889772800954	0.08434706333333333	1.8494871551366665
2.4347343065320897	0.08239719333333333	1.8516745853899998
2.436479635784084	0.08048167	1.8534731146766665
2.438224965036078	0.07892872999999999	1.8551603800433334
2.4399702942880728	0.07736834	1.856302844363333
2.441715623540067	0.07552082666666665	1.8565833201266666
2.443460952792061	0.07376949666666666	1.8563668813033332
2.4452062820440554	0.07239722333333333	1.8559153886933333
2.4469516112960497	0.07106910666666666	1.8548923336566667
2.448696940548044	0.06954973	1.8530869077233334
2.450442269800038	0.06817031333333333	1.8508448493599998
2.4521875990520323	0.06715400333333332	1.8484023851033333
2.4539329283040274	0.06621165000000001	1.8455319826966665
2.4556782575560216	0.06515603333333334	1.8421287991366668
2.457423586808016	0.06425031099999999	1.8384930670166668
2.4591689160600105	0.06364948533333332	1.8348138969766667
2.4609142453120048	0.06311942833333332	1.8309654986
2.462659574563999	0.06252445366666667	1.8269311364466667
2.464404903815993	0.062050642999999996	1.8229332197433332
2.466150233067988	0.06178336500000001	1.8190881641866663
2.467895562319982	0.06155231766666666	1.8153537025633333
2.4696408915719763	0.06127612133333333	1.8117756405666665
2.4713862208239705	0.06106233033333333	1.8084707548066667
2.4731315500759647	0.060932457333333336	1.8054634145766668
2.47487687932796	0.060786907666666654	1.8027758709433332
2.476622208579954	0.060600634333333334	1.8004934890133333
2.4783675378319483	0.060407990999999994	1.7986133403066664
2.4801128670839416	0.06017696433333333	1.7970622997066663
2.481858196335936	0.059882724	1.7959143746433333
2.4836035255879314	0.05955610333333333	1.7952801798266667
2.4853488548399256	0.059167581000000004	1.7950404243533333
2.48709418409192	0.05864423033333333	1.7950346795099998
2.488839513343914	0.058034794	1.7953835959066666
2.490584842595908	0.057421401999999996	1.79621770096
2.492330171847903	0.05672147466666666	1.7973196595333332
2.494075501099897	0.05583267003333334	1.79846375961
2.4958208303518914	0.054869749999999995	1.7998167597466666
2.4975661596038856	0.05395684779999999	1.8015291153566668
2.49931148885588	0.0529680617	1.8033128045233333
2.501056818107874	0.05178066599999999	1.80490443395
2.5028021473598683	0.05056181693333334	1.8065165869833333
2.5045474766118625	0.04946416406666666	1.8083207842266664
2.5062928058638567	0.048326820066666665	1.8099887225966667
2.508038135115851	0.0470126584	1.8112470601433333
2.509783464367846	0.045723890833333336	1.8123512825533332
2.5115287936198403	0.0446263897	1.8134936368266665
2.5132741228718345	0.043531761	1.81433485239
2.5150194521238287	0.04229289406666667	1.8146161427599998
2.516764781375823	0.04112913983333333	1.8146293779899998
2.5185101106278176	0.040205462399999996	1.8145847279666665
2.520255439879812	0.039314001333333334	1.81415755663
2.522000769131806	0.038302318833333335	1.8131228432066664
2.5237460983838007	0.03739146199999999	1.8117984172366666
2.525491427635795	0.036735027	1.81040630287
2.527236756887789	0.03611536666666666	1.8086559737033334
2.5289820861397834	0.03538076166666666	1.8063680234033335
2.5307274153917776	0.03474294766666666	1.8038710183966666
2.532472744643772	0.03433835566666667	1.8013880268
2.534218073895766	0.033950833666666666	1.7986733751866666
2.535963403147761	0.033436890999999996	1.7955956747766664
2.5377087323997554	0.03299242	1.7924731498966668
2.5394540616517496	0.032735036999999995	1.7895131544066665
2.541199390903744	0.032461767333333336	1.78651547387
2.542944720155738	0.032045224	1.7833892790866666
2.5446900494077327	0.03166211299999999	1.7804162505566663
2.546435378659727	0.03141189266666666	1.7777665300966667
2.548180707911721	0.031115202666666664	1.7752777229333332
2.5499260371637154	0.030667351333333332	1.7728854293899998
2.5516713664157096	0.030223789666666667	1.7708077373766664
2.5534166956677042	0.029866835666666668	1.7691563210166668
2.5551620249196985	0.029448385666666667	1.7677966217899999
2.5569073541716927	0.028890444333333327	1.7666767309966667
2.558652683423687	0.028324905666666664	1.76593056608
2.560398012675681	0.027816923666666663	1.7655978468166664
2.5621433419276762	0.027253813333333328	1.7655673598966666
2.5638886711796696	0.026585268666666665	1.76579374314
2.565634000431664	0.025916361666666665	1.7663197807966666
2.567379329683658	0.025293768666666668	1.7671138571566667
2.5691246589356522	0.02464117166666667	1.7680946781066667
2.570869988187648	0.023934267	1.7692298790233334
2.572615317439642	0.02324751	1.77048050492
2.5743606466916362	0.022607036666666667	1.7717594117733333
2.57610597594363	0.02197149333333333	1.7730324235066663
2.5778513051956247	0.021339153333333333	1.7742968688466665
2.5795966344476193	0.020750446666666665	1.7754537602933333
2.5813419636996136	0.020209256666666665	1.7763856896299999
2.5830872929516078	0.019706433333333332	1.7771263438833333
2.584832622203602	0.01925863333333333	1.7777214014266667
2.586577951455596	0.01887038	1.7780364711733334
2.5883232807075904	0.01852297	1.7779484584566667
2.5900686099595847	0.01823610333333333	1.7775728244433333
2.591813939211579	0.018040596666666665	1.77701393754
2.593559268463574	0.017905653333333334	1.7761195497833333
2.595304597715568	0.017791836666666665	1.7747753990166668
2.5970499269675624	0.017744056666666664	1.7731776097133332
2.598795256219557	0.017803509999999998	1.7714845187833332
2.6005405854715513	0.017907766666666665	1.76953112627
2.6022859147235455	0.0180009	1.7672127250600003
2.6040312439755398	0.01814925	1.7647883169866667
2.6057765732275344	0.01840111	1.7624507601966668
2.6075219024795286	0.018669293333333333	1.76001681731
2.609267231731523	0.018887926666666666	1.7573817488999999
2.611012560983517	0.019140453333333335	1.7548384595000002
2.6127578902355113	0.019479376666666666	1.7525870805133335
2.6145032194875055	0.019802356666666663	1.7504175365866665
2.6162485487394997	0.020041589999999998	1.7482133712333332
2.617993877991494	0.020292326666666666	1.7462705761766668
2.619739207243488	0.020608273333333333	1.7447710218
2.6214845364954824	0.02088319333333333	1.7434746411
2.6232298657474775	0.021055616666666666	1.74224760234
2.6249751949994717	0.021225729999999998	1.7413646164866665
2.626720524251466	0.021444746666666667	1.7409727116433333
2.62846585350346	0.021613933333333335	1.7408092095566667
2.6302111827554544	0.021685246666666665	1.7407272246866665
2.631956512007449	0.021754970000000002	1.7409659576633332
2.6337018412594433	0.021866999999999998	1.7416320807533332
2.6354471705114375	0.02194017333333333	1.7424578497166667
2.6371924997634317	0.021944623333333333	1.7432962746233331
2.638937829015426	0.021962139999999998	1.744345656233333
2.6406831582674206	0.022023420000000002	1.7456752769066668
2.642428487519415	0.02207263	1.7470354996666668
2.644173816771409	0.022100076666666666	1.7482960770666667
2.6459191460234033	0.0221617	1.74961389865
2.6476644752753975	0.0222688	1.751027756873333
2.6494098045273917	0.02239619	1.75232934744
2.651155133779386	0.02255410533333333	1.7534209857666667
2.652900463031381	0.022762155	1.7544188890333334
2.6546457922833753	0.023007152333333336	1.7553385513866666
2.6563911215353695	0.023297987666666665	1.7560323477266666
2.658136450787364	0.023663454666666667	1.7564470531966665
2.6598817800393584	0.024079244333333333	1.7566585267133334
2.6616271092913526	0.024505012333333333	1.75666485759
2.663372438543347	0.024986208333333332	1.7563929873533333
2.665117767795341	0.02556907	1.7558413714266667
2.6668630970473353	0.02618195333333333	1.7550452337766667
2.66860842629933	0.02675803066666666	1.7539895082233334
2.6703537555513237	0.02738152633333333	1.7526837962066666
2.6720990848033184	0.028115993999999995	1.751180757306667
2.673844414055312	0.028843541666666667	1.7494738831599999
2.6755897433073077	0.029474716	1.7475369070466666
2.677335072559302	0.030134466666666665	1.7454638262966666
2.679080401811296	0.030904412666666665	1.7433587160766666
2.6808257310632904	0.03162511333333333	1.74117010841
2.6825710603152837	0.03219017666666667	1.7388585916966666
2.6843163895672792	0.03276637666666666	1.7365968052299998
2.6860617188192735	0.03345421333333333	1.73453098106
2.6878070480712677	0.03405897333333333	1.7325575249133334
2.689552377323262	0.034463129999999995	1.7306164605133332
2.691297706575256	0.03487455	1.7289453275666666
2.6930430358272504	0.035412283333333336	1.72771658411
2.694788365079245	0.035852213333333334	1.7267629420933333
2.696533694331239	0.036069816666666664	1.7259913491733334
2.6982790235832335	0.03631086333333333	1.72568443109
2.7000243528352272	0.036710683333333334	1.7260207443533333
2.701769682087222	0.03701969	1.7267559098166665
2.703515011339216	0.03710803666666666	1.7277498695600002
2.7052603405912103	0.03725380666666667	1.7293095627500001
2.7070056698432046	0.03760433666666667	1.7316008722433331
2.708750999095199	0.03788631066666666	1.7342927355799997
2.710496328347194	0.037964039666666664	1.7371891159266666
2.712241657599188	0.03814079299999999	1.7406065904033332
2.7139869868511823	0.03857042333333333	1.7446878676266666
2.7157323161031766	0.03895633566666666	1.74901599512
2.7174776453551712	0.03915560933333333	1.75334138871
2.7192229746071654	0.039489336666666666	1.7579876489966666
2.7209683038591597	0.040112402	1.7630771301433334
2.722713633111154	0.040705691333333335	1.76812231742
2.7244589623631486	0.04111857533333333	1.7728369796633334
2.7262042916151423	0.04168345466666666	1.7775627302600001
2.727949620867137	0.042551929999999995	1.7824178101800001
2.729694950119131	0.04338525333333333	1.7868728963000002
2.7314402793711254	0.044026496666666665	1.7906337634499998
2.7331856086231197	0.04481451	1.7940800194366666
2.734930937875114	0.04589492333333332	1.7973495087133333
2.736676267127109	0.04691516999999999	1.7999063719533333
2.738421596379103	0.04771629	1.8014805034299999
2.7401669256310974	0.04863943999999999	1.8025088132899998
2.7419122548830916	0.04982315333333333	1.8031697479000002
2.743657584135086	0.05090977	1.8029523481599998
2.7454029133870805	0.05174473333333333	1.8016354088999997
2.7471482426390748	0.052667296666666655	1.7997208709599999
2.748893571891069	0.05380811333333333	1.7974358333633333
2.750638901143063	0.054815586666666666	1.7943124445166667
2.7523842303950574	0.05554673666666666	1.7901872605766667
2.754129559647052	0.05633322666666666	1.7856161764133331
2.755874888899046	0.05729648666666666	1.7808645455466667
2.7576202181510405	0.05810315666666666	1.7755085965366666
2.7593655474030343	0.05862833666666667	1.769433330963333
2.761110876655029	0.05918826333333333	1.7632188425033333
2.762856205907024	0.05989254666666667	1.7571420631633332
2.7646015351590183	0.06043786666666667	1.75081057881
2.7663468644110116	0.060722493333333336	1.7441357900999999
2.768092193663006	0.06103682666666667	1.7376814613399998
2.769837522915	0.06147519	1.73170240199
2.7715828521669956	0.06177483	1.7258207290199998
2.77332818141899	0.061860153333333334	1.7199502223799998
2.775073510670984	0.06198425999999999	1.7145993313399999
2.7768188399229783	0.062221933333333326	1.7099721981666667
2.7785641691749725	0.06236008	1.705695523956667
2.780309498426967	0.06235027	1.70167035012
2.782054827678961	0.06239692333333333	1.6983233867033332
2.7838001569309556	0.06255149666666665	1.6957940315566669
2.7855454861829494	0.06265757999999999	1.6937173427633332
2.787290815434944	0.06269349666666665	1.69198106813
2.7890361446869383	0.06280511	1.6909209619966667
2.7907814739389325	0.06301770666666666	1.69061416859
2.7925268031909276	0.06323653333333333	1.6907209627366666
2.794272132442922	0.06346491666666666	1.69112776947
2.796017461694916	0.06378275333333333	1.69208405508
2.7977627909469107	0.06418757333333333	1.6936182958466666
2.799508120198905	0.06464856999999999	1.6954387333866667
2.801253449450899	0.06519172666666666	1.6974471261366664
2.8029987787028934	0.06582593333333332	1.6998167301499998
2.8047441079548876	0.06652045666666667	1.7025428241633334
2.8064894372068823	0.06730872666666667	1.7054011444233332
2.808234766458876	0.06823623333333333	1.7083216106599999
2.8099800957108707	0.06923872666666667	1.7114086142466667
2.8117254249628645	0.07025732333333333	1.71463430703
2.813470754214859	0.07138855333333333	1.717852684903333
2.8152160834668534	0.07269475666666667	1.72102673273
2.8169614127188476	0.07403852666666666	1.7241933948233332
2.818706741970842	0.07533419333333333	1.7273048725
2.820452071222836	0.07674013666666667	1.7302962581366668
2.8221974004748303	0.07833413333333333	1.73316267376
2.8239427297268254	0.07990762	1.73587167252
2.8256880589788196	0.08135091333333333	1.73835571958
2.827433388230814	0.08288413333333333	1.7406314693399998
2.829178717482808	0.08460098	1.7427250862166668
2.8309240467348022	0.08622563	1.7445344382366665
2.832669375986797	0.08762810666666666	1.7459747478466667
2.834414705238791	0.08909212	1.7471477845966668
2.8361600344907854	0.09072991	1.7481137316933335
2.8379053637427796	0.09220246333333333	1.7487047319399998
2.839650692994774	0.09336378999999997	1.7488253336833335
2.841396022246768	0.09456499333333335	1.7486699522966664
2.8431413514987627	0.09593987999999999	1.74833895178
2.8448866807507565	0.09708944666666666	1.7476044487866667
2.846632010002751	0.09785551333333332	1.7463674999933332
2.8483773392547453	0.09866043999999999	1.7449221901799998
2.8501226685067405	0.09966189333333333	1.7434128275799998
2.8518679977587347	0.10040170333333333	1.7415528889466665
2.853613327010729	0.10071151666666667	1.7392415543333333
2.855358656262723	0.10108741333333333	1.73687270862
2.8571039855147173	0.10171099	1.7346299985833333
2.858849314766712	0.10206296	1.732160567093333
2.8605946440187062	0.10196437666666666	1.7293539574866668
2.8623399732707004	0.10198531	1.7266940374
2.8640853025226947	0.10232836000000001	1.7243894787733334
2.865830631774689	0.10240915	1.72200524929
2.8675759610266836	0.10203633333333334	1.7194064405333331
2.8693212902786778	0.10185150666666666	1.7171504506333335
2.871066619530672	0.10207315	1.7154521703033332
2.872811948782666	0.10204803333333334	1.7137775823966666
2.87455727803466	0.10157043	1.7119532974733334
2.8763026072866555	0.10134908999999999	1.7105952182933333
2.8780479365386498	0.10161273333333333	1.7099100691499998
2.879793265790644	0.10163773666666667	1.7092564489799997
2.881538595042638	0.10120362999999999	1.7084178451899998
2.8832839242946324	0.10108094000000001	1.7080626623233333
2.885029253546627	0.10150400333333333	1.7083863985866667
2.8867745827986213	0.10168095666666666	1.708645916703333
2.8885199120506155	0.10137836333333333	1.7085900592533332
2.8902652413026098	0.10142319	1.708944819853333
2.892010570554604	0.10205208666666667	1.7099031630933332
2.893755899806598	0.10241118666666667	1.7106381960733332
2.895501229058593	0.10225774666666666	1.7108821408033332
2.8972465583105866	0.10246949666666666	1.71143005137
2.8989918875625813	0.10328388	1.7124866854066667
2.900737216814575	0.10379353333333333	1.7131638535099998
2.9024825460665697	0.10375083666666665	1.7131962614200003
2.904227875318564	0.10407871666666668	1.7134577636066668
2.905973204570558	0.10501463	1.71417640538
2.9077185338225524	0.10560689333333334	1.7144205893166666
2.9094638630745466	0.10560711666666667	1.713939658243333
2.9112091923265417	0.10597792333333333	1.71368807145
2.912954521578536	0.10695658333333333	1.7139202428466664
2.91469985083053	0.10755545	1.7136692437733334
2.916445180082525	0.10752806	1.712700958893333
2.918190509334519	0.10787234333333331	1.7120433285666667
2.9199358385865133	0.10882590666666665	1.7119715711733332
2.921681167838508	0.10937103	1.7114819221333333
2.9234264970905017	0.10926474333333333	1.7103504203066664
2.9251718263424964	0.10953793333333331	1.709665954883333
2.92691715559449	0.11042948999999999	1.70971392635
2.928662484846485	0.11089455666666666	1.7094461940966668
2.930407814098479	0.11069409666666666	1.7086385996
2.9321531433504733	0.11089181	1.708427655783333
2.9338984726024675	0.11172892666666667	1.7090972148466665
2.9356438018544617	0.11213302666666666	1.7095447427733332
2.937389131106457	0.11186806666666667	1.7095350566433334
2.939134460358451	0.11203224	1.71024101736
2.9408797896104453	0.11286938666666665	1.7119342772699997
2.9426251188624395	0.11327556999999999	1.7134476411166668
2.9443704481144337	0.11301562333333333	1.7145255650533333
2.9461157773664284	0.11322440333333333	1.7163691442133333
2.9478611066184226	0.11414703333333333	1.7192294619833333
2.949606435870417	0.11464148999999998	1.7218663371966667
2.951351765122411	0.11447077	1.72399815567
2.9530970943744053	0.11480788	1.72685073724
2.9548424236264	0.11589640666666667	1.7306508350499998
2.956587752878394	0.11654942999999998	1.7340828039466667
2.9583330821303884	0.11652579666666665	1.7368405238
2.960078411382382	0.11703727333333333	1.7401783355933333
2.961823740634377	0.11832245666666666	1.7443030878599999
2.963569069886372	0.11914571666666665	1.7478317341566667
2.965314399138366	0.11926173333333334	1.7504459618033332
2.9670597283903604	0.11992059666666666	1.7534414157866665
2.9688050576423537	0.12135346666666666	1.7570192953633335
2.970550386894349	0.12227777666666667	1.7597491781966668
2.9722957161463435	0.12244785999999999	1.7613226703699998
2.9740410453983377	0.12315013	1.7630950897699997
2.975786374650332	0.12460763333333333	1.7652817376866665
2.977531703902326	0.12549954666666666	1.7664311432066664
2.9792770331543204	0.12558647666666667	1.7662685339566666
2.981022362406315	0.12618698666666667	1.7662228539599998
2.982767691658309	0.12751624333333333	1.7665380595266664
2.9845130209103035	0.12822918666666666	1.7657624863566668
2.9862583501622977	0.12810031666666666	1.7636676345533333
2.988003679414292	0.12847184	1.7617535779666667
2.989749008666286	0.12955106666666666	1.7602910776433334
2.9914943379182812	0.1299848	1.7578328278566666
2.9932396671702755	0.12956658666666665	1.75418939409
2.9949849964222697	0.12964961666666666	1.75090796861
2.996730325674264	0.13043138999999998	1.7482652855733334
2.9984756549262586	0.13056543999999998	1.7448057173766665
3.000220984178253	0.12986549333333333	1.7403551368866668
3.001966313430247	0.12968013666666667	1.73647109469
3.0037116426822412	0.13019428	1.7334076464666666
3.0054569719342354	0.13007907333333332	1.7296831207299999
3.00720230118623	0.12916607	1.7251145456099999
3.008947630438224	0.12878514	1.7212406857599998
3.0106929596902186	0.12910692000000001	1.7182764622999998
3.0124382889422123	0.1288264533333333	1.7147094922933332
3.014183618194207	0.1277890133333333	1.71034253853
3.015928947446201	0.12729879666666666	1.7066935590799999
3.0176742766981954	0.12751384999999998	1.7039490483799997
3.0194196059501897	0.12715410333333332	1.70058377427
3.021164935202184	0.12607505666666666	1.6964064639699998
3.022910264454178	0.12555879666666664	1.6929427991
3.024655593706173	0.12575642666666667	1.6903849235633335
3.0264009229581674	0.12540727999999998	1.6872246406566664
3.0281462522101616	0.12437413666666666	1.6833081404533332
3.029891581462156	0.12393120666666665	1.6802090451233334
3.03163691071415	0.12423019666666668	1.6781579968299998
3.0333822399661448	0.12401495666666665	1.6756776833333333
3.035127569218139	0.12315177	1.6726651738399998
3.036872898470133	0.12292842666666666	1.6707630649133334
3.0386182277221274	0.12350215666666667	1.6702412816533334
3.040363556974122	0.12359582333333333	1.6696237506833334
3.042108886226116	0.12307225666666666	1.6688300351233334
3.0438542154781105	0.12325666333333332	1.6695531355066664
3.0455995447301047	0.12431104	1.6720574996366668
3.047344873982099	0.12490254	1.6747916255866664
3.049090203234093	0.12488119333333332	1.6776311344033332
3.0508355324860883	0.12563214666666667	1.68227081764
3.0525808617380825	0.12731599333333332	1.68889919086
3.0543261909900767	0.12850690999999997	1.69579709326
3.056071520242071	0.12903439333333333	1.70272867075
3.057816849494065	0.13036384333333334	1.7113516614800002
3.05956217874606	0.13264694	1.7217295507399997
3.061307507998054	0.1343356433333333	1.7319211712033333
3.0630528372500487	0.13523838999999999	1.7415618933366668
3.0647981665020425	0.13691963666666668	1.7522896579033334
3.0665434957540367	0.1395185233333333	1.76406065578
3.0682888250060314	0.14135336333333332	1.7747376592333333
3.0700341542580256	0.14222263	1.78389114363
3.07177948351002	0.14380543666666668	1.7932306861066665
3.073524812762014	0.14623165999999999	1.8026991120533333
3.075270142014008	0.14769682666666667	1.8100678844866664
3.0770154712660034	0.14801029666666665	1.8149700234933335
3.0787608005179976	0.14897401	1.81932024437
3.080506129769992	0.15071574333333332	1.8231755594633334
3.082251459021986	0.15133790666666666	1.8243456256833332
3.0839967882739803	0.15068425	1.8226513795933332
3.085742117525975	0.15067215666666667	1.8203159929666666
3.087487446777969	0.15143198666666666	1.817595573133333
3.0892327760299634	0.15101198999999998	1.8124118087266665
3.0909781052819576	0.14930550999999997	1.8048177349533332
3.092723434533952	0.14831684	1.7973470886399998
3.094468763785946	0.14817502	1.7904330537100002
3.0962140930379407	0.14691042666666665	1.7820692280900001
3.0979594222899345	0.1444658033333333	1.7724612825833335
3.099704751541929	0.14288426333333332	1.7643340774566667
3.101450080793923	0.1422798733333333	1.7581624652799999
3.1031954100459176	0.14069123	1.7518619403966664
3.104940739297912	0.13809385666666665	1.7456154114066664
3.106686068549906	0.13651486666666668	1.7421533983099997
3.1084313978019003	0.13603735333333333	1.74180951646
3.1101767270538954	0.13471947666666667	1.7422300698766666
3.1119220563058896	0.13254464333333332	1.7433929863133333
3.113667385557884	0.13148432	1.7478957761766667
3.1154127148098785	0.13158440333333332	1.7558082052399997
3.1171580440618727	0.13091624999999998	1.7643647114133332
3.118903373313867	0.12944557	1.7732481151466666
3.120648702565861	0.12909302333333333	1.7849492905533335
3.122394031817856	0.12988436333333334	1.79930319634
3.1241393610698496	0.12986404333333332	1.813074975833333
3.1258846903218442	0.12895368666666665	1.8256931093466666
3.127630019573838	0.12911125666666667	1.8398163205466667
3.1293753488258327	0.1303999833333333	1.85526213142
3.131120678077827	0.13070695333333332	1.86824998046
3.132866007329821	0.12984388666666666	1.8780246438533332
3.1346113365818153	0.13008008699999998	1.8880596900166666
3.1363566658338096	0.1317225933333333	1.898683911256667
3.1381019950858047	0.13201838166666663	1.90494604995
3.139847324337799	0.12997699766666665	1.9048841268999999
3.141592653589793	0.12864949166666667	1.9036647737066663