# O(3P)+CO2(000; j=0) -> O(3P)+CO2(000; j') scattering, statistically averaged (3A2+3B2+3B1) potential energy surfaces
# Differential cross sections; packaged by M. Gacesa (marko.gacesa@nasa.gov), Apr 30 2019
# E = 1.2696 eV
# theta(rad)                 elastic DCS                total DCS (both in units of 1E-16 cm^2/Sr)
0.	2.549723e6	2.612247808923672e6
0.0017453292519943296	1.9683478e6	2.0122236527723335e6
0.003490658503988659	941886.2666666666	957687.5740459999
0.005235987755982989	329679.6	334911.8207919999
0.006981317007977318	106691.23333333334	111056.56798833332
0.008726646259971648	43990.299999999996	49262.48680893333
0.010471975511965978	39565.66799999999	44860.958465886666
0.012217304763960305	35076.80499999999	38701.305750550004
0.013962634015954637	21723.38533333333	24055.366842099997
0.015707963267948967	12864.478	15209.832469373332
0.017453292519943295	9653.065999999999	12364.89488139
0.019198621771937624	9297.598333333333	11926.782241593333
0.020943951023931956	8731.703666666665	10688.549236536666
0.02268928027592628	5764.921666666666	7076.046656523334
0.02443460952792061	3165.985333333333	4484.2874768033325
0.02617993877991494	2628.387333333333	4248.804026399999
0.027925268031909273	2880.3599999999997	4504.136436226667
0.029670597283903602	2918.6893666666665	4206.450273126667
0.031415926535897934	2182.7602333333334	3088.9433989933336
0.03316125578789226	1097.9348999999997	1894.5709669466664
0.03490658503988659	725.2927999999998	1668.9842060313333
0.03665191429188092	930.2761666666665	1930.1242341566667
0.03839724354387525	1063.2106666666664	1889.0804897649998
0.040142572795869566	907.1255666666666	1509.3049455406665
0.04188790204786391	505.24146666666667	1014.1225737316665
0.043633231299858244	221.08987561333333	791.5303379716667
0.04537856055185256	276.6044333333333	921.1833411133332
0.047123889803846894	400.06299999999993	981.3597489183333
0.04886921905584122	389.6884	817.3677910263334
0.05061454830783555	269.15273333333334	599.4104528989999
0.05235987755982988	117.16769666666667	456.0491960513333
0.054105206811824215	74.76921999999999	469.82445998033336
0.05585053606381855	140.74051	547.0312698213334
0.05759586531581287	168.59742666666665	508.488845204
0.059341194567807204	134.45401666666666	394.93520950699997
0.061086523819801536	84.2406	316.87069737533335
0.06283185307179587	41.7148	288.5775500283333
0.0645771823237902	45.341653333333326	303.5637806203333
0.06632251157578452	71.50694	308.15527231199997
0.06806784082777885	66.19900999999999	259.78990493566664
0.06981317007977318	48.89909	217.26846182766667
0.0715584993317675	40.04839666666666	212.94487930863335
0.07330382858376185	32.41996333333333	214.44738329866667
0.07504915783575618	35.63425533333333	208.62659474933332
0.0767944870877505	38.540459999999996	183.13953257799997
0.07853981633974483	27.761816666666665	144.35754832733332
0.08028514559173913	23.919689999999996	134.64939174879999
0.08203047484373349	28.84347333333333	151.79524510436664
0.08377580409572782	29.164523333333335	161.59829784699997
0.08552113334772216	29.508625666666664	156.61995057833332
0.08726646259971649	25.70806533333333	133.94819084113334
0.08901179185171079	17.289283666666666	105.71089926459999
0.09075712110370512	18.436532333333332	98.98598954073334
0.09250245035569944	23.86821666666666	107.02493249833333
0.09424777960769379	24.66446	112.53902561076667
0.09599310885968812	25.258526333333336	114.853594533
0.09773843811168244	21.579968	106.97912181526665
0.09948376736367677	15.811096999999998	93.2288917454
0.1012290966156711	17.619524999999996	87.81349178806666
0.10297442586766543	20.392649999999996	84.95211256996666
0.10471975511965977	20.183166666666665	81.92117919043334
0.10646508437165408	21.392036666666662	84.40628361709999
0.10821041362364843	18.68943933333333	84.39162115469999
0.10995574287564276	14.150245666666667	81.44855588166666
0.1117010721276371	14.984463333333332	81.07718692856668
0.11344640137963143	15.517026666666666	76.34454994933333
0.11519173063162574	14.721269999999999	69.52153161843333
0.11693705988362009	16.358003333333333	68.35879695723332
0.11868238913561441	14.831782666666665	67.5119436083
0.12042771838760875	11.585352666666665	67.53052004443333
0.12217304763960307	11.819853333333334	70.69144179809999
0.12391837689159738	11.258746666666667	69.31854413139999
0.12566370614359174	10.337825666666665	64.87701415786667
0.12740903539558604	11.865423333333332	62.42373355373333
0.1291543646475804	10.881113333333332	58.198539290566664
0.13089969389957473	8.419276333333332	55.20470522816667
0.13264502315156904	8.129192333333332	56.577855338300004
0.1343903524035634	7.117409333333333	56.94575012199999
0.1361356816555577	6.285516333333332	56.818003871200006
0.13788101090755206	7.449820666666666	57.406949375366665
0.13962634015954636	6.923455333333333	54.380595753833326
0.1413716694115407	5.422275666666666	50.41656300696667
0.143116998663535	4.946068	48.587526274733335
0.14486232791552936	3.789883666666667	46.85034465379999
0.1466076571675237	3.2056573333333334	47.051217390333335
0.148352986419518	4.136873	49.19219468026666
0.15009831567151236	4.198444333333333	49.140367403266666
0.15184364492350666	4.001624999999999	47.96773531363334
0.153588974175501	3.887766	46.3872522557
0.15533430342749535	2.8126689999999996	43.36105478723333
0.15707963267948966	2.523147	41.83995452333333
0.158824961931484	3.3397639999999997	42.24042037779999
0.16057029118347826	3.605126333333333	42.07624225799999
0.16231562043547265	4.079535333333333	42.37936287693333
0.16406094968746698	4.222660333333333	42.40267231716666
0.16580627893946132	3.193688333333333	40.681400376966664
0.16755160819145565	2.897371333333333	39.42919828299999
0.16929693744344992	3.391820666666667	38.687775426
0.1710422666954443	3.4875119999999997	37.14061710273333
0.17278759594743864	4.120127999999999	36.473995492
0.17453292519943298	4.487492	36.1946558553
0.17627825445142725	3.732462	35.2197541971
0.17802358370342158	3.541651666666667	35.10362812143333
0.17976891295541597	3.8663703333333332	35.21632484763333
0.18151424220741025	3.7585436666666667	34.20745939813333
0.18325957145940458	4.2336849999999995	33.4593646663
0.18500490071139888	4.69532	32.735719448
0.18675022996339324	4.257784999999999	31.535605082799997
0.18849555921538758	4.114638	31.314079044066666
0.1902408884673819	4.211425	31.5981039948
0.19198621771937624	3.7465406666666667	31.154110961833332
0.19373154697137057	3.6598873333333337	30.7856581868
0.19547687622336488	3.8711903333333333	30.2824494911
0.19722220547535924	3.651682666666667	29.260952406433333
0.19896753472735354	3.4996576666666663	28.68963696543333
0.2007128639793479	3.371675333333333	28.4630996495
0.2024581932313422	2.782472666666666	27.9856248818
0.20420352248333656	2.3971176666666665	27.778391051566665
0.20594885173533087	2.3818106666666665	27.629362178833333
0.20769418098732523	2.3466123333333333	27.196139998833335
0.20943951023931953	2.3398120000000002	26.800788586866666
0.2111848394913139	2.2519039999999997	26.294885148066662
0.21293016874330817	1.886116	25.51516560853333
0.21467549799530256	1.6159297	24.898232219033332
0.21642082724729686	1.5601349666666666	24.413282382599995
0.2181661564992912	1.6328815333333333	24.077295571766662
0.21991148575128552	1.751412666666667	24.03296269133333
0.22165681500327983	1.7244405999999999	24.019402738533334
0.2234021442552742	1.5001886333333332	23.85350746303333
0.22514747350726852	1.2891689333333334	23.613867114766666
0.22689280275926285	1.1372327333333332	23.1418025392
0.22863813201125716	1.1708559666666667	22.592236738966665
0.2303834612632515	1.3601142666666663	22.167444720599995
0.23212879051524585	1.4645863	21.813426034433327
0.23387411976724018	1.4252783666666666	21.5581727325
0.23561944901923448	1.340681033333333	21.431975117966665
0.23736477827122882	1.1642416333333332	21.1968752284
0.23911010752322315	1.1063540333333333	20.910075870066667
0.2408554367752175	1.328498	20.697248490933333
0.24260076602721184	1.6397176666666664	20.5244630833
0.24434609527920614	1.8145436666666666	20.366042828799998
0.24609142453120048	1.8567283333333333	20.261371316033333
0.24783675378319475	1.7291946666666664	20.110089438866666
0.24958208303518917	1.5572279999999998	19.88664813
0.25132741228718347	1.5827156666666664	19.632944405933333
0.2530727415391778	1.8188579999999999	19.422797487966665
0.2548180707911721	1.9683923333333333	19.185142952499994
0.25656340004316636	1.9681666666666668	18.958784474166666
0.2583087292951608	1.8964799999999997	18.870164521033335
0.26005405854715513	1.735291666666667	18.827911025366667
0.26179938779914946	1.5773149333333332	18.661884007966666
0.2635447170511437	1.635092633333333	18.503732052166665
0.26529004630313807	1.704127	18.276095496699998
0.26703537555513246	1.6514993333333332	17.9361686944
0.2687807048071268	1.6343716666666666	17.756514152866664
0.270526034059121	1.5588236666666666	17.6800168702
0.2722713633111154	1.321583333333333	17.406249509933332
0.2740166925631097	1.2468709333333332	17.118093836566665
0.2757620218151041	1.2910801333333333	16.789844294599998
0.27750735106709834	1.2708488999999998	16.315184891566666
0.2792526803190927	1.3471471000000002	16.055881644066666
0.280998009571087	1.3907375666666666	16.053715283866666
0.2827433388230814	1.1144839999999998	15.9555051295
0.2844886680750758	0.8566967999999999	15.931231089466666
0.28623399732707	0.7743551666666667	15.938214835533332
0.28797932657906433	0.7236208999999999	15.694174048799997
0.2897246558310587	0.8368767666666665	15.427942984033331
0.291469985083053	1.0057504666666666	15.225593546133334
0.2932153143350474	0.8561615666666668	14.8460858566
0.29496064358704166	0.6094492	14.594333231733334
0.296705972839036	0.4732523333333333	14.5787028451
0.2984513020910303	0.3835401666666667	14.547222400766666
0.3001966313430247	0.4817370666666667	14.599707196533332
0.301941960595019	0.7153260666666666	14.680241982266665
0.3036872898470133	0.7469586333333332	14.4734384882
0.30543261909900765	0.6716308	14.222381914833331
0.307177948351002	0.5823351666666666	14.047112083866667
0.3089232776029963	0.4572116	13.836010493699998
0.3106686068549907	0.5080852333333332	13.8148559067
0.312413936106985	0.7251294666666667	13.936421743666665
0.3141592653589793	0.8268307333333333	13.849777170233333
0.31590459461097364	0.8709192666666665	13.722105481999998
0.317649923862968	0.8324514333333333	13.570940352866666
0.3193952531149623	0.6711466666666667	13.276133252533334
0.32114058236695653	0.6705193333333332	13.153079353499999
0.32288591161895097	0.8558826333333333	13.217608038933331
0.3246312408709453	0.9766868666666666	13.151089984033334
0.32637657012293964	1.1060785666666666	13.136086504133333
0.32812189937493397	1.1389701666666665	13.129883161066667
0.32986722862692824	0.9535809333333332	12.913264290733332
0.33161255787892263	0.8654811666666666	12.775433371666665
0.3333578871309169	0.9467378	12.746118159699998
0.3351032163829113	0.9695848333333332	12.525819170033333
0.3368485456349056	1.0786189999999998	12.3874502553
0.33859387488689985	1.1941989999999998	12.387658421133333
0.34033920413889424	1.0809867333333332	12.274579207533332
0.3420845333908886	0.9703868333333334	12.260468976633334
0.3438298626428829	0.9529075666666666	12.339937250033332
0.3455751918948773	0.8227222666666667	12.1520090689
0.34732052114687156	0.7972664666666667	11.951789046133332
0.34906585039886595	0.9149455333333334	11.894703145966666
0.3508111796508603	0.8955509666666668	11.764659586766665
0.3525565089028545	0.8265695333333333	11.7311681778
0.3543018381548489	0.7746832333333333	11.818185367966665
0.35604716740684317	0.5618613666666666	11.671950749799999
0.35779249665883756	0.4233893333333333	11.471080643866665
0.35953782591083194	0.4942572666666667	11.3691032397
0.3612831551628262	0.5441229666666666	11.181349076299998
0.3630284844148205	0.5748244	11.061195269066666
0.3647738136668149	0.5920331	11.0771249441
0.36651914291880916	0.40623516666666665	10.938047847466667
0.36826447217080355	0.22130184666666666	10.786025277333332
0.37000980142279777	0.21536336999999997	10.740479058256668
0.3717551306747922	0.2531170033333333	10.615864072973332
0.3735004599267865	0.35078923333333334	10.534077816963332
0.3752457891787809	0.4758148	10.560199881379999
0.37699111843077515	0.3959370333333333	10.434530009743334
0.3787364476827695	0.25354469999999996	10.294705383316666
0.3804817769347638	0.21546523333333334	10.259353859796665
0.38222710618675815	0.20854673333333335	10.154891386196667
0.3839724354387525	0.31161466666666665	10.098319351803333
0.38571776469074687	0.5058658666666667	10.158217754390002
0.38746309394274114	0.5172792666666666	10.075394326276665
0.3892084231947355	0.4323250666666666	9.975288825183332
0.39095375244672975	0.40330863333333333	9.984721720669999
0.39269908169872414	0.3649317666666666	9.911893349949999
0.39444441095071847	0.43316849999999996	9.840471293776666
0.3961897402027128	0.6472304666666666	9.85748909499
0.3979350694547071	0.7164896333333333	9.715540060003331
0.39968039870670136	0.6667277666666666	9.542009750803333
0.4014257279586958	0.6456174333333333	9.52618545897
0.4031710572106902	0.5638761666666667	9.483425962246665
0.4049163864626844	0.51508	9.430899836479998
0.4066617157146788	0.6381424666666666	9.46962898972
0.4084070449666731	0.7214449999999999	9.372359185356666
0.41015237421866746	0.7364577999999999	9.213601315186665
0.41189770347066174	0.7901759666666666	9.202448910736667
0.413643032722656	0.7472425333333332	9.187833065343334
0.41538836197465046	0.6107153	9.133994310776666
0.4171336912266447	0.5717086	9.160116116986666
0.41887902047863906	0.5598868666666666	9.09955053123
0.42062434973063334	0.5537694333333333	8.96916466422
0.4223696789826278	0.6302236999999999	8.9444731649
0.4241150082346221	0.6506271333333333	8.918413362743333
0.42586033748661634	0.5332941333333333	8.836919375633332
0.4276056667386108	0.4272431666666666	8.821115623499999
0.4293509959906051	0.3493804999999999	8.770144500403333
0.43109632524259933	0.30916499999999997	8.67047108389
0.4328416544945937	0.3637607666666667	8.63833190323
0.434586983746588	0.41284136666666665	8.593754440039998
0.4363323129985824	0.35893819999999993	8.489254549093332
0.43807764225057666	0.27216606	8.431244888013333
0.43982297150257105	0.17426369666666666	8.362202295513333
0.44156830075456543	0.11340288	8.279454794366666
0.44331363000655966	0.15095477000000002	8.262951665693333
0.445058959258554	0.22401007	8.235178201846665
0.4468042885105484	0.26328730666666667	8.151566438283332
0.44854961776254265	0.27047842	8.087449286433333
0.45029494701453704	0.19616830666666665	7.9810370463766676
0.4520402762665313	0.10704124666666666	7.857724939223333
0.4537856055185257	0.11547659666666665	7.8257769331999985
0.45553093477052	0.18691826666666667	7.81796165877
0.4572762640225143	0.27501886666666664	7.7790908564966665
0.45902159327450864	0.37334919999999994	7.767512539609999
0.460766922526503	0.36485273333333323	7.694646162433334
0.46251225177849725	0.2718796333333333	7.5621400368666665
0.4642575810304917	0.24293966666666666	7.503415397693333
0.46600291028248597	0.2700661333333333	7.47786642881
0.46774823953448036	0.31169589999999997	7.422299198266666
0.4694935687864746	0.4148965	7.423598396833333
0.47123889803846897	0.4782381	7.420653489199999
0.4729842272904633	0.4431186333333333	7.35673448642
0.47472955654245763	0.41957596666666663	7.322016498099999
0.4764748857944519	0.4152019333333333	7.286816045519999
0.4782202150464463	0.3790631	7.173503992196666
0.4799655442984406	0.4109993666666667	7.0998340212199995
0.481710873550435	0.49845229999999996	7.09747424109
0.48345620280242924	0.5352488333333333	7.105951757050001
0.4852015320544237	0.5410949666666666	7.156324089289999
0.48694686130641796	0.5247388333333333	7.215608218303332
0.4886921905584123	0.42798426666666667	7.167131604816666
0.49043751981040656	0.35053159999999994	7.068366982996666
0.49218284906240095	0.3699139	6.988641289226667
0.4939281783143953	0.4100108	6.909799751736667
0.4956735075663895	0.42689239999999995	6.86613085586
0.4974188368183839	0.4300205	6.891174740603334
0.49916416607037833	0.3701375333333333	6.913806166853332
0.5009094953223726	0.28622953333333334	6.922252809963333
0.5026548245743669	0.2602811566666666	6.926480144696666
0.5044001538263612	0.27308344	6.888119406256667
0.5061454830783556	0.27334959999999997	6.804101492723333
0.5078908123303499	0.2719891333333333	6.732770479566666
0.5096361415823442	0.24947083333333334	6.687710151656667
0.5113814708343385	0.20047156666666666	6.67860774157
0.5131268000863327	0.16485235666666664	6.70190199612
0.5148721293383272	0.16652151999999998	6.722940878019999
0.5166174585903216	0.18114999999999998	6.7007789891866665
0.5183627878423158	0.20364611999999999	6.637726252476666
0.5201081170943103	0.21872285000000002	6.54806517524
0.5218534463463045	0.20332368666666667	6.464751050653334
0.5235987755982989	0.15616465000000002	6.410372744633333
0.5253441048502931	0.11986504666666667	6.404440461016666
0.5270894341022874	0.11888435333333332	6.439410599593332
0.5288347633542818	0.15209508	6.483146336840001
0.5305800926062761	0.19496361999999995	6.492352354243332
0.5323254218582705	0.22283984333333334	6.458407671853334
0.5340707511102649	0.20922604666666667	6.381140562653333
0.5358160803622593	0.16912745333333334	6.28895099538
0.5375614096142536	0.13741561666666666	6.221263893889999
0.5393067388662478	0.13958346333333332	6.201539267833333
0.541052068118242	0.16859752333333336	6.21657569711
0.5427973973702365	0.21541836666666664	6.253244136666666
0.5445427266222308	0.25668109333333333	6.281122380533333
0.5462880558742251	0.2718552666666666	6.274283175323333
0.5480333851262194	0.25320163333333334	6.219780727766667
0.5497787143782138	0.23100003333333335	6.141013706476667
0.5515240436302082	0.23067706666666665	6.070426619373333
0.5532693728822025	0.2546543333333333	6.0312929975800005
0.5550147021341967	0.28631946666666663	6.019807592563334
0.5567600313861911	0.3139015	6.0326365336
0.5585053606381855	0.30801836666666665	6.03582647284
0.5602506898901798	0.27562580000000003	6.002464648316666
0.561996019142174	0.25757283333333336	5.942280978409999
0.5637413483941685	0.26440245999999995	5.868682063820001
0.5654866776461628	0.27122862	5.777280604083334
0.5672320068981571	0.2903112333333333	5.71729812914
0.5689773361501516	0.3077605333333333	5.7152018984433335
0.5707226654021459	0.29264943333333326	5.739495483983333
0.57246799465414	0.26477019999999996	5.771493520173333
0.5742133239061344	0.24890304	5.79793083435
0.5759586531581287	0.21930650333333335	5.760702731066667
0.5777039824101231	0.20435488999999998	5.68015263464
0.5794493116621174	0.2294864	5.615353261686666
0.5811946409141118	0.24654266666666663	5.5605586247000005
0.582939970166106	0.23404983333333332	5.516400397143333
0.5846852994181004	0.2256505	5.5200051024566665
0.5864306286700948	0.20194752	5.527398778183334
0.5881759579220891	0.17785572333333333	5.515731991336667
0.5899212871740833	0.20199859999999997	5.517111454493333
0.5916666164260775	0.2362180333333333	5.5028774362299995
0.593411945678072	0.22511593333333335	5.442289378729999
0.5951572749300664	0.20524034333333332	5.3999798363
0.5969026041820606	0.18084411	5.3858413369400004
0.5986479334340549	0.14622248333333332	5.37799750334
0.6003932626860494	0.14825559333333332	5.400927904613333
0.6021385919380438	0.18279216666666667	5.427116259226667
0.603883921190038	0.1887128	5.389977936779999
0.6056292504420324	0.18403096	5.329212795466667
0.6073745796940266	0.1802854233333333	5.2765489805
0.609119908946021	0.15042776666666666	5.220615581383333
0.6108652381980153	0.11784558	5.19747036571
0.6126105674500095	0.11480814666666667	5.223146303506667
0.614355896702004	0.11550353	5.24394340863
0.6161012259539983	0.12849454	5.265094343606667
0.6178465552059926	0.15799826333333333	5.2868647659366665
0.6195918844579871	0.16711747666666668	5.2656758546199995
0.6213372137099814	0.15111415333333333	5.212082343683333
0.6230825429619757	0.13747573333333332	5.159527401903333
0.62482787221397	0.12059099666666664	5.092292846866666
0.6265732014659642	0.11838691000000001	5.0463557725733335
0.6283185307179586	0.14155806999999998	5.049494872726666
0.630063859969953	0.1632540233333333	5.0611746773299995
0.6318091892219473	0.1745176466666667	5.0680271498366665
0.6335545184739415	0.18458178333333333	5.076709262026666
0.635299847725936	0.17397085666666667	5.043158169753333
0.6370451769779303	0.16414361666666666	4.9918574690833335
0.6387905062299246	0.17889813666666665	4.97249267785
0.6405358354819191	0.1933508	4.959201924623333
0.6422811647339131	0.1966783	4.941608603356666
0.6440264939859075	0.20019873333333332	4.943646960746666
0.6457718232379019	0.17628522666666668	4.918019846556666
0.6475171524898962	0.14393160666666666	4.8621654542999995
0.6492624817418906	0.14561299	4.824974373453333
0.6510078109938849	0.16018159666666665	4.7845564702
0.6527531402458793	0.16732708666666665	4.727351711863333
0.6544984694978735	0.1870600033333333	4.710099948333333
0.6562437987498679	0.1883802333333333	4.714641185713333
0.6579891280018623	0.16745926	4.718020675349999
0.6597344572538565	0.17061297666666667	4.750700461766666
0.6614797865058508	0.18361134999999998	4.77300306938
0.6632251157578453	0.17427601666666664	4.729940832213332
0.6649704450098396	0.17962499999999998	4.67806136676
0.6667157742618338	0.19033003333333334	4.637554658693333
0.668461103513828	0.17837756666666665	4.592472397886667
0.6702064327658226	0.1770559333333333	4.58627927348
0.6719517620178169	0.1881388333333333	4.611963675826666
0.6736970912698113	0.1729152333333333	4.600334224246667
0.6754424205218055	0.17104236666666667	4.581335426853332
0.6771877497737997	0.19874093333333334	4.578215745343333
0.6789330790257941	0.20774746666666669	4.551182294036666
0.6806784082777885	0.19688816666666664	4.522380740336667
0.6824237375297828	0.18317683333333334	4.52404072454
0.6841690667817772	0.14135010999999997	4.515069755526667
0.6859143960337715	0.1062649	4.5125123282
0.6876597252857658	0.11710554333333331	4.538316935733333
0.6894050545377601	0.13909505666666666	4.536277434003333
0.6911503837897546	0.15122843999999996	4.4918314508599995
0.6928957130417489	0.16305192333333332	4.44234484238
0.6946410422937431	0.14258669666666665	4.372592729306667
0.6963863715457373	0.10213255333333332	4.313547684626666
0.6981317007977319	0.08653269333333333	4.320084105049999
0.6998770300497262	0.08563341333333332	4.357300385573333
0.7016223593017206	0.08801677	4.38788907873
0.7033676885537148	0.11344349666666666	4.425614637033333
0.705113017805709	0.12956100666666664	4.428693977366667
0.7068583470577035	0.12148410333333333	4.386780859873333
0.7086036763096978	0.11881033666666665	4.353493943243333
0.710349005561692	0.11110738	4.3235812415999995
0.7120943348136863	0.08409582	4.278992339826667
0.7138396640656808	0.07878400666666666	4.271498952883333
0.7155849933176751	0.09062756	4.291581203889999
0.7173303225696694	0.09533256000000001	4.297690984166666
0.7190756518216639	0.10877747	4.304056435443333
0.7208209810736581	0.11966424666666667	4.2945054657299995
0.7225663103256524	0.09895454	4.2327416962566655
0.7243116395776467	0.08590843	4.177947443743333
0.726056968829641	0.09686464333333333	4.16771469446
0.7278022980816354	0.10600674666666667	4.177519697839999
0.7295476273336298	0.12173590000000001	4.216847632496666
0.7312929565856241	0.1413835	4.273143654656666
0.7330382858376183	0.12607417999999998	4.276820977019999
0.7347836150896128	0.10477083333333333	4.240165680996666
0.7365289443416071	0.11167647666666665	4.19870629802
0.7382742735936013	0.12223166999999999	4.133661496189999
0.7400196028455955	0.13472295666666667	4.06950381699
0.7417649320975901	0.16361143333333333	4.056602158036666
0.7435102613495844	0.17063426666666665	4.06785942437
0.7452555906015788	0.15890822333333332	4.098440378113333
0.747000919853573	0.16406279000000001	4.1623326275
0.7487462491055674	0.16454853666666666	4.199930732803333
0.7504915783575618	0.14487761333333332	4.17151323419
0.752236907609556	0.14261215333333332	4.122395438953333
0.7539822368615503	0.14864269999999996	4.064074753436666
0.7557275661135445	0.14400453333333332	4.006577910513333
0.757472895365539	0.14737793	3.9944642239266663
0.7592182246175333	0.1488119433333333	4.013732988546666
0.7609635538695276	0.12496316333333332	4.0172505263666665
0.7627088831215221	0.10970569666666666	4.0189786777066665
0.7644542123735163	0.11438409333333333	4.0130686892566665
0.7661995416255106	0.11583113333333334	3.9763027834433338
0.767944870877505	0.11733905	3.9368130296499997
0.7696902001294994	0.11867371999999998	3.9153818320899996
0.7714355293814937	0.09699102666666667	3.89567756607
0.773180858633488	0.07376133666666666	3.900638254256666
0.7749261878854823	0.06938497999999999	3.9329399932366664
0.7766715171374765	0.06970897	3.94895086887
0.778416846389471	0.07429735999999999	3.9374240870833335
0.7801621756414653	0.08767491666666667	3.90756310307
0.7819075048934595	0.08447605	3.84524823574
0.7836528341454538	0.06994828	3.7825058986366664
0.7853981633974483	0.06299342999999999	3.7584016004133334
0.7871434926494427	0.05384749	3.756056746153333
0.7888888219014369	0.04195228999999999	3.7602192365033327
0.7906341511534312	0.04583844999999999	3.7765008154966666
0.7923794804054256	0.05138925	3.7744738750033333
0.7941248096574199	0.05252299	3.7473142327
0.7958701389094142	0.05976309666666666	3.7209836552533333
0.7976154681614087	0.06128836	3.692818508786666
0.7993607974134027	0.048824843333333326	3.6601460754099997
0.8011061266653973	0.04568356999999999	3.6532891413699997
0.8028514559173916	0.05049065333333334	3.663302686323333
0.8045967851693858	0.055762026666666666	3.667552548863333
0.8063421144213804	0.07119885999999999	3.6690284047999997
0.8080874436733746	0.08623979	3.653945011176666
0.8098327729253688	0.08140339666666666	3.60475620223
0.8115781021773631	0.07843661666666665	3.558459238796666
0.8133234314293576	0.08758692000000001	3.539226474316667
0.815068760681352	0.09728240666666665	3.538706709216667
0.8168140899333463	0.11341114999999999	3.5612161749933335
0.8185594191853405	0.13528432666666668	3.59774727946
0.8203047484373349	0.13748486666666665	3.6076486756366664
0.8220500776893291	0.1307124733333333	3.5914503875099997
0.8237954069413235	0.13327083333333334	3.5649882488766664
0.8255407361933177	0.13152496666666666	3.519613162753333
0.827286065445312	0.12289063333333333	3.466801747996666
0.8290313946973066	0.1266755333333333	3.4410376197899994
0.8307767239493009	0.13240216666666665	3.43904444176
0.8325220532012951	0.13324193333333334	3.45329343215
0.8342673824532894	0.13912283333333333	3.482695779983333
0.8360127117052839	0.1400516	3.5007747059466667
0.8377580409572781	0.12355184666666666	3.485125425246667
0.8395033702092725	0.11098991999999999	3.455983601956666
0.8412486994612667	0.10873664333333333	3.4262101318666667
0.8429940287132611	0.10572401333333332	3.4009716360666666
0.8447393579652556	0.10445394333333333	3.39569645889
0.8464846872172498	0.10541157666666667	3.4091409582866667
0.8482300164692442	0.09491016	3.4180297925166667
0.8499753457212386	0.08349002333333333	3.4201132031699997
0.8517206749732327	0.08273266333333333	3.4130487358433332
0.853466004225227	0.08343567666666665	3.3871567329900003
0.8552113334772216	0.08101550666666667	3.3510567460900003
0.8569566627292158	0.08327914	3.3247824564433337
0.8587019919812102	0.08187787666666667	3.309489771953333
0.8604473212332044	0.07490501666666666	3.3088994722200002
0.8621926504851987	0.07089582999999999	3.3218919410866663
0.8639379797371932	0.06757027666666666	3.3292282985966666
0.8656833089891874	0.05783487333333333	3.3147177571099995
0.8674286382411818	0.052790333333333335	3.2872679291033333
0.869173967493176	0.054663023333333324	3.255396283893333
0.8709192967451702	0.053885583333333334	3.228368841946666
0.8726646259971648	0.04796236999999999	3.2180596163299997
0.8744099552491591	0.04267939	3.2282374505866667
0.8761552845011533	0.035876471666666666	3.246625127443333
0.8779006137531478	0.03097753666666667	3.262878589763333
0.8796459430051421	0.03172274333333333	3.265763769916667
0.8813912722571363	0.03417774333333333	3.24868957083
0.8831366015091309	0.031771306666666665	3.2156596432166666
0.8848819307611251	0.02908563	3.1838045498299996
0.8866272600131193	0.028142610000000002	3.166175210383333
0.8883725892651138	0.029143246666666667	3.169361773426666
0.890117918517108	0.033808849999999994	3.18844865079
0.8918632477691024	0.04501206	3.2113230494166665
0.8936085770210968	0.05743781999999999	3.22046221967
0.895353906273091	0.06802524333333333	3.208153158586666
0.8970992355250853	0.07443763	3.1766812253466665
0.8988445647770799	0.07568116	3.1382505377300003
0.9005898940290741	0.07317923	3.1078209206633334
0.9023352232810684	0.07516543333333332	3.1006545373399996
0.9040805525330626	0.08367139999999998	3.116767613366666
0.9058258817850569	0.09802579333333333	3.1459793227399997
0.9075712110370514	0.11500463333333333	3.172841798666667
0.9093165402890456	0.12818465333333331	3.1814877594266666
0.91106186954104	0.12929396999999998	3.160873650633333
0.9128071987930344	0.12290258	3.1226262664233335
0.9145525280450286	0.11553194	3.0852228028399997
0.9162978572970231	0.11057813	3.061584735606667
0.9180431865490173	0.11073778666666667	3.05973070162
0.9197885158010117	0.11893337999999999	3.081623236353333
0.921533845053006	0.12782401999999998	3.1099201342500002
0.9232791743050003	0.13234770999999998	3.128086434223333
0.9250245035569945	0.13092255666666666	3.1270330925699996
0.9267698328089891	0.12325974333333334	3.1015873349799996
0.9285151620609834	0.11182824999999998	3.056989731216666
0.9302604913129776	0.10632569666666666	3.0164150220233332
0.9320058205649719	0.10853184333333334	2.994012609026666
0.9337511498169662	0.11616713000000001	2.993357807746666
0.9354964790689607	0.12519819333333332	3.0118449391533333
0.9372418083209549	0.12944233666666666	3.0352554433033334
0.9389871375729492	0.12302019666666666	3.042630629043333
0.9407324668249435	0.11113302	3.0313284594166667
0.9424777960769379	0.09804035	3.00480597614
0.9442231253289324	0.08818586333333334	2.96972591015
0.9459684545809266	0.08652609666666666	2.94220737161
0.9477137838329208	0.09150548333333333	2.9350712882966663
0.9494591130849153	0.09354949666666668	2.9423795266866666
0.9512044423369096	0.09293259333333333	2.9606997150866663
0.9529497715889038	0.08931206666666666	2.9814741870266666
0.9546951008408984	0.07891313333333333	2.9854182920399994
0.9564404300928926	0.06477165333333333	2.9654700401599996
0.9581857593448869	0.05423635333333333	2.934824842153333
0.9599310885968813	0.04452436	2.9014563389033334
0.9616764178488755	0.03819756333333333	2.8786817346066664
0.96342174710087	0.03815560333333333	2.8801559953766667
0.9651670763528643	0.037655306666666666	2.8981116057399996
0.9669124056048585	0.032801859999999995	2.915137124876666
0.9686577348568528	0.03097097433333333	2.9272745621599996
0.9704030641088474	0.0295908652	2.9233730389499994
0.9721483933608416	0.027854742333333328	2.897241162166667
0.9738937226128359	0.03139416166666666	2.8631094190666664
0.9756390518648301	0.034571116666666665	2.8323472945766666
0.9773843811168246	0.028036656666666666	2.806236196166666
0.9791297103688189	0.023311188	2.8016414899333335
0.9808750396208131	0.025416443333333334	2.821033867896667
0.9826203688728073	0.027495553333333332	2.8418263934466665
0.9843656981248019	0.03282652333333333	2.852224423073333
0.9861110273767961	0.04363288	2.8515296116899997
0.9878563566287906	0.046751169999999995	2.8290500003766668
0.9896016858807848	0.046831453333333335	2.79791603847
0.991347015132779	0.05360553999999999	2.7824245531199994
0.9930923443847736	0.055833483333333336	2.7782664496333327
0.9948376736367678	0.049052406666666666	2.7776115959466665
0.9965830028887621	0.05001148666666666	2.7921981837
0.9983283321407567	0.05676229666666666	2.80991211157
1.0000736613927508	0.06156178333333332	2.8103323742899997
1.0018189906447452	0.07002990666666667	2.796917525593333
1.0035643198967397	0.07690995	2.7706947061166667
1.0053096491487339	0.07068026999999999	2.727462254816667
1.007054978400728	0.06686977666666666	2.6940811782100003
1.0088003076527223	0.07458754666666666	2.6879315928966663
1.0105456369047165	0.08231471666666666	2.693970463523333
1.0122909661567112	0.08997583666666666	2.7051273523866666
1.0140362954087054	0.10183253333333332	2.7203901286533334
1.0157816246606999	0.10426574999999999	2.7185113344666663
1.017526953912694	0.10025796666666667	2.699611703593333
1.0192722831646883	0.10217325999999999	2.68132329094
1.0210176124166828	0.10117680666666667	2.6597890248366665
1.022762941668677	0.09331679333333333	2.636116065343333
1.0245082709206712	0.09640543999999998	2.6352924391166668
1.0262536001726654	0.10771977	2.6542388560433334
1.02799892942466	0.11576244333333333	2.67423301837
1.0297442586766543	0.12439318	2.6931469212533328
1.0314895879286488	0.12779396333333332	2.6984900839899995
1.0332349171806432	0.11304399999999999	2.67265837442
1.0349802464326374	0.09734036666666665	2.6387117449299997
1.0367255756846316	0.09379125666666667	2.61884168262
1.0384709049366259	0.08983532999999999	2.6059078913833327
1.0402162341886205	0.08402038333333334	2.6040407968133334
1.041961563440615	0.08620696	2.6234153248066665
1.043706892692609	0.08644499666666666	2.6441872108966664
1.0454522219446034	0.08215133	2.6549396417633333
1.0471975511965979	0.08217890666666666	2.6591469759299997
1.048942880448592	0.07939560999999999	2.6439180844833334
1.0506882097005863	0.06741938333333333	2.6069489950999998
1.0524335389525805	0.0612597	2.578393940853333
1.0541788682045747	0.06225307	2.569973884883333
1.0559241974565694	0.060404219999999995	2.5761005787066664
1.0576695267085636	0.05833616333333334	2.599925601373333
1.059414855960558	0.0571969	2.630353407276667
1.0611601852125523	0.049485876666666664	2.642996415633333
1.0629055144645467	0.04353525333333333	2.6414964509166663
1.064650843716541	0.045383586666666656	2.6326154875266665
1.0663961729685352	0.04618946799999999	2.609744854793333
1.0681415022205298	0.04412461066666666	2.58388709037
1.069886831472524	0.04464116066666666	2.573653696753333
1.0716321607245185	0.04164425833333333	2.57337533043
1.0733774899765127	0.036301188666666664	2.581566666033333
1.0751228192285072	0.03535346736666667	2.599190514123333
1.0768681484805014	0.033680099	2.6056907463599996
1.0786134777324956	0.02735093433333333	2.5894018825166665
1.0803588069844898	0.025035131333333335	2.5684465231466667
1.082104136236484	0.0249108	2.5503002583566667
1.0838494654884787	0.022570555666666665	2.5370342629466665
1.085594794740473	0.02250572333333333	2.54163124759
1.0873401239924672	0.023965575999999995	2.5605074232866665
1.0890854532444616	0.021679985	2.5748474380233333
1.0908307824964558	0.023077631333333334	2.58574704982
1.0925761117484503	0.02904691333333333	2.59046347893
1.0943214410004445	0.031577361666666665	2.574848892363333
1.0960667702524387	0.03176706666666666	2.5463281778666667
1.0978120995044334	0.03213666999999999	2.52313877282
1.0995574287564276	0.027295877333333333	2.5064217321566664
1.101302758008422	0.025342859333333332	2.50495012674
1.1030480872604165	0.03415170266666666	2.52483926631
1.1047934165124107	0.044284813333333325	2.5444194222366665
1.106538745764405	0.05075843	2.546698061053333
1.1082840750163991	0.05945088	2.5395674925
1.1100294042683934	0.06319093666666667	2.5212437353999997
1.111774733520388	0.059911210000000006	2.49351406633
1.1135200627723822	0.06005241666666667	2.4762274865
1.1152653920243765	0.06072221	2.4730491162166666
1.117010721276371	0.05572990666666666	2.4731747086233336
1.1187560505283651	0.060311933333333324	2.48517940326
1.1205013797803596	0.07689912333333333	2.5047881954599998
1.1222467090323538	0.08848130666666666	2.5061043637433333
1.123992038284348	0.09315530333333333	2.4863820557166663
1.1257373675363422	0.09551923666666667	2.4601435504766664
1.127482696788337	0.08720571333333332	2.428454959243333
1.1292280260403311	0.07737375666666665	2.407086677393333
1.1309733552923256	0.08130270666666667	2.4154803075666664
1.13271868454432	0.08755204	2.4380743635266664
1.1344640137963142	0.08710177	2.4558122504599997
1.1362093430483085	0.09456530333333332	2.4750617700633333
1.1379546723003031	0.10629462	2.4857552010666666
1.139700001552297	0.10812347333333334	2.4715889801699995
1.1414453308042918	0.10690733666666666	2.445298385993333
1.143190660056286	0.10623097666666666	2.4191846134066664
1.14493598930828	0.09724455	2.3913474614766663
1.1466813185602747	0.09418669666666665	2.38147809489
1.1484266478122689	0.1078594	2.3996849597233334
1.150171977064263	0.11745673333333331	2.4179124997933332
1.1519173063162573	0.11328909999999999	2.4196956818799995
1.1536626355682515	0.11099046666666665	2.4157953062199997
1.1554079648202462	0.10807613333333334	2.401211704603333
1.1571532940722404	0.09792912666666666	2.3748424552433334
1.1588986233242349	0.09203596666666666	2.357125684453333
1.160643952576229	0.09094776	2.352523408093333
1.1623892818282235	0.08413466333333333	2.3524452808733334
1.1641346110802178	0.08285431	2.3684503844333333
1.165879940332212	0.09212556999999999	2.3976199193599994
1.1676252695842066	0.09297008000000001	2.411069016106666
1.1693705988362009	0.08103249333333332	2.4004036841999996
1.171115928088195	0.07133457	2.37864096831
1.1728612573401895	0.06303107	2.3477702572866663
1.1746065865921838	0.05302950333333334	2.3180018206966664
1.1763519158441782	0.04837711	2.30761251178
1.1780972450961724	0.046218953333333326	2.31400926373
1.1798425743481666	0.03880437666666667	2.3268448270166666
1.1815879036001609	0.03387451666666667	2.3483209903
1.183333232852155	0.034099036666666666	2.3680310282133332
1.18507856210415	0.03126003199999999	2.3685769904266665
1.186823891356144	0.026336459666666666	2.351483106013333
1.1885692206081382	0.025648076666666665	2.325915624006666
1.1903145498601329	0.025442131666666663	2.2963698992666663
1.192059879112127	0.024797746666666665	2.2780146685733333
1.1938052083641213	0.02570581	2.2808991599599997
1.1955505376161155	0.024244999999999996	2.2954487167933335
1.1972958668681097	0.018719342	2.3118289638966663
1.1990411961201044	0.015492487666666666	2.327003912843333
1.2007865253720988	0.015302900666666668	2.330009381056666
1.2025318546240933	0.016236711	2.31632477547
1.2042771838760875	0.019031053	2.294323788513333
1.2060225131280817	0.022329531	2.2708415776
1.207767842380076	0.022784037999999996	2.25230310303
1.2095131716320702	0.022130518333333335	2.25139319946
1.2112585008840648	0.020747223999999998	2.2681972189133335
1.213003830136059	0.018828350666666667	2.291131580923333
1.2147491593880533	0.019137929999999997	2.3114416256999997
1.2164944886400477	0.021941875	2.3206826351866665
1.218239817892042	0.02410138	2.3103241928466662
1.2199851471440364	0.027326726666666665	2.2864851072166665
1.2217304763960306	0.030897848333333332	2.2595664639966664
1.2234758056480248	0.031314361066666664	2.2350468063699998
1.225221134900019	0.030576582999999997	2.22119497598
1.2269664641520137	0.03158997033333333	2.223854947973333
1.228711793404008	0.03158552966666667	2.2345916887466664
1.2304571226560024	0.034858873	2.2468134632799996
1.2322024519079966	0.0454532	2.256914141186667
1.233947781159991	0.05404697666666666	2.25318878774
1.2356931104119853	0.054586496666666665	2.2319564767966664
1.23743843966398	0.05630719666666667	2.2100104839266663
1.2391837689159741	0.060440959999999995	2.197112269873333
1.240929098167968	0.061305306666666656	2.1920298842299997
1.2426744274199628	0.06351466333333333	2.1987998738566663
1.244419756671957	0.07034792666666666	2.2156871606533333
1.2461650859239515	0.07491257999999999	2.22766631403
1.2479104151759457	0.08041855999999999	2.2308781113233334
1.24965574442794	0.09092209666666665	2.2269423856233335
1.2514010736799341	0.09484570999999999	2.20743873279
1.2531464029319284	0.08750815666666667	2.1749615674233334
1.254891732183923	0.08301336	2.1516004395066664
1.2566370614359172	0.08418088333333332	2.1455269575166662
1.2583823906879115	0.08344174333333333	2.1505082989566664
1.260127719939906	0.08389218333333333	2.1657389913366667
1.2618730491919004	0.08828594000000001	2.1859534363933335
1.2636183784438946	0.08938139333333334	2.1963865077899998
1.2653637076958888	0.08950483999999999	2.1955693518566664
1.267109036947883	0.09344241666666667	2.188146542863333
1.2688543661998777	0.09346832000000001	2.17045580922
1.270599695451872	0.08696497333333333	2.14673546111
1.2723450247038663	0.08535698333333333	2.1336022971066666
1.2740903539558606	0.08936768666666667	2.1336975980233333
1.2758356832078548	0.09067696	2.138603963923333
1.2775810124598492	0.08985526999999999	2.1454201593633333
1.2793263417118435	0.0893767	2.15054669829
1.2810716709638381	0.08529373333333334	2.1466104582266663
1.282817000215832	0.08037413	2.1373064901466665
1.2845623294678261	0.07932881666666666	2.1296166635133336
1.286307658719821	0.07834786333333332	2.12297454987
1.288052987971815	0.07520013	2.118842460773333
1.2897983172238097	0.07596744333333333	2.123969179096666
1.2915436464758039	0.07999234	2.1350748119466667
1.293288975727798	0.08061551666666666	2.1427940771066663
1.2950343049797923	0.07727369666666667	2.1436397496833335
1.296779634231787	0.07359099	2.138261475763333
1.2985249634837812	0.06893804333333332	2.1267465508033334
1.3002702927357757	0.06349859666666666	2.1139726672966663
1.3020156219877699	0.05909563666666667	2.1056053110766664
1.3037609512397643	0.055270169999999993	2.1025193660266663
1.3055062804917585	0.050308179999999994	2.1029081323199996
1.3072516097437528	0.04595316333333333	2.10621413185
1.308996938995747	0.04292397333333332	2.10885010218
1.3107422682477412	0.039192446666666665	2.1058888945899996
1.3124875974997359	0.03413806	2.0967411635166666
1.31423292675173	0.03111323333333333	2.0869244285199997
1.3159782560037245	0.03062355	2.0810088891199996
1.3177235852557188	0.029476125	2.080553425123333
1.319468914507713	0.026290361666666668	2.0858692047466665
1.3212142437597074	0.023318733666666664	2.096234797393333
1.3229595730117016	0.020313631999999998	2.106049024173333
1.3247049022636959	0.016169291566666667	2.109074256443333
1.3264502315156905	0.012211128233333333	2.102704844563333
1.3281955607676847	0.01005973315	2.0876500595766663
1.3299408900196792	0.008716723333333332	2.06687913162
1.3316862192716734	0.008660739333333334	2.048254282223333
1.3334315485236676	0.010110639999999999	2.0385128813533333
1.3351768777756619	0.010725274266666664	2.0385174433266666
1.336922207027656	0.009179903303333334	2.0462162190699997
1.338667536279651	0.008430926533333334	2.0594375576566666
1.3404128655316452	0.009523150333333334	2.071526281113333
1.3421581947836396	0.010844494333333333	2.0751689513633336
1.3439035240356338	0.012231762666666663	2.068251335043333
1.345648853287628	0.015411030333333334	2.053635751093333
1.3473941825396225	0.019482021666666665	2.0357026073099997
1.3491395117916167	0.022500416666666665	2.0209210827866664
1.350884841043611	0.024043376666666665	2.0142279386833333
1.3526301702956052	0.025714806666666663	2.0167729858066665
1.3543754995475994	0.028112429999999997	2.025824087196667
1.356120828799594	0.031045593333333333	2.0359614745199996
1.3578661580515883	0.03452846333333333	2.040329194576666
1.3596114873035827	0.03881515333333333	2.0354651715199994
1.361356816555577	0.042273773333333334	2.02139526238
1.3631021458075712	0.04430557333333333	2.0016454761099998
1.3648474750595656	0.045692483333333325	1.9831355121466665
1.3665928043115598	0.04584301333333333	1.9729930156866664
1.3683381335635545	0.044192576666666664	1.9737079767266668
1.3700834628155487	0.04486781333333334	1.9853447891833333
1.371828792067543	0.04974447666666666	2.0037637929966667
1.3735741213195374	0.05467547333333332	2.0190036580966666
1.3753194505715316	0.057767263333333325	2.0228839020666665
1.377064779823526	0.06185518999999999	2.0157764928899997
1.3788101090755203	0.06530723	1.9996862628766667
1.3805554383275145	0.06567777	1.9779823837100001
1.3823007675795091	0.06554258333333332	1.959552896
1.384046096831503	0.06595467666666666	1.9519605436233332
1.3857914260834978	0.06498712	1.9549149133533332
1.387536755335492	0.06654458999999999	1.9674626170899998
1.3892820845874863	0.07258136666666666	1.9855754186133332
1.3910274138394805	0.07614615666666666	1.9976362246033335
1.3927727430914747	0.07468430666666666	1.9968914375799998
1.3945180723434691	0.07472632333333333	1.9890131596166665
1.3962634015954638	0.07627559666666667	1.9779074365966665
1.398008730847458	0.07543749666666666	1.9648220333833333
1.3997540600994525	0.07536370333333334	1.9571379928500001
1.4014993893514467	0.07788250999999999	1.9595579795266664
1.4032447186034411	0.07879566666666667	1.9670349650166667
1.4049900478554354	0.08029297999999999	1.9773038664499998
1.4067353771074296	0.08467475	1.9881829114633334
1.4084807063594238	0.08403818999999998	1.989039527553333
1.410226035611418	0.07576034	1.97631578466
1.4119713648634127	0.07008696666666667	1.961952110513333
1.413716694115407	0.06891761333333332	1.9516026186633333
1.4154620233674011	0.06516891666666666	1.9420373032166665
1.4172073526193956	0.060733529999999994	1.9374299427033332
1.4189526818713898	0.060193699999999996	1.94187236423
1.420698011123384	0.0591343	1.9482537394099997
1.4224433403753782	0.056597183333333335	1.9529014195033334
1.4241886696273727	0.055841260000000004	1.95661574482
1.4259339988793673	0.05233129	1.9529004816533333
1.4276793281313616	0.04351334333333333	1.9400702872466664
1.429424657383356	0.03851227	1.9305110650433335
1.4311699866353502	0.039424923333333334	1.9285733816799997
1.4329153158873444	0.03754047	1.9267238171199996
1.4346606451393389	0.03264069333333333	1.92525545753
1.436405974391333	0.03090826	1.9280720403033333
1.4381513036433278	0.029603370000000004	1.9290892670433335
1.439896632895322	0.025700717333333335	1.9247749520233333
1.4416419621473162	0.022513030666666663	1.918530973243333
1.4433872913993107	0.01982764	1.9091617367833333
1.4451326206513049	0.015624516666666666	1.8968524802566666
1.446877949903299	0.014329602666666667	1.89074719989
1.4486232791552933	0.016849484999999997	1.8929213060399999
1.4503686084072875	0.017299265	1.8960086625566668
1.452113937659282	0.015149556999999998	1.8984942951833332
1.4538592669112762	0.014516335733333333	1.9015914981333335
1.4556045961632709	0.014158922799999998	1.9003531018133333
1.457349925415265	0.012702714286666666	1.8938811044066668
1.4590952546672595	0.012320293099999999	1.8862844547399997
1.460840583919254	0.0128638222	1.8774389865866667
1.4625859131712482	0.013039970666666666	1.8687740660966665
1.4643312424232424	0.014498144	1.8672003190233335
1.4660765716752366	0.016696497666666664	1.8724210041166665
1.4678219009272309	0.017558605999999997	1.8784193736933332
1.4695672301792255	0.018034786666666667	1.8837697928533332
1.4713125594312197	0.01870999	1.8865773477766665
1.4730578886832142	0.01841834333333333	1.8824600424333333
1.4748032179352084	0.01920313	1.8744833622
1.4765485471872026	0.022005566666666664	1.8672286908166664
1.478293876439197	0.023732553333333337	1.8592179537633333
1.480039205691191	0.024200226666666665	1.8529386318033334
1.481784534943186	0.025749176666666665	1.8550621838199999
1.4835298641951802	0.02689081	1.86303572382
1.4852751934471744	0.027756243333333333	1.87100206728
1.4870205226991688	0.030994813333333333	1.87787009889
1.488765851951163	0.033954073333333334	1.8791194233666666
1.4905111812031575	0.034259986666666666	1.87026490617
1.4922565104551517	0.03701584333333333	1.858064519303333
1.494001839707146	0.04256575666666666	1.84792697396
1.4957471689591406	0.04434696	1.8367098004466667
1.4974924982111348	0.04325560666666667	1.8280773311833332
1.4992378274631293	0.04417143433333333	1.8300030825599998
1.5009831567151235	0.04490493699999999	1.8385166960333335
1.5027284859671177	0.045500611999999996	1.84740863293
1.504473815219112	0.04975089533333333	1.85636770068
1.5062191444711062	0.053246909999999995	1.85930420414
1.5079644737231006	0.05229338	1.8510578566233333
1.5097098029750948	0.05457658666666666	1.8409795863566665
1.511455132227089	0.06123588333333333	1.8347380484966664
1.5132004614790837	0.06261908666666666	1.825657288593333
1.514945790731078	0.059678816999999995	1.8165845521733335
1.5166911199830724	0.060745312333333336	1.8176074681699999
1.5184364492350666	0.063096951	1.8241168930666665
1.520181778487061	0.06307879333333333	1.8278857963433333
1.5219271077390553	0.06439355333333333	1.8302349323733333
1.5236724369910495	0.06465182666666666	1.8280732023333333
1.5254177662430441	0.059740440000000006	1.8169425215233332
1.5271630954950384	0.056962933333333333	1.8064461129
1.5289084247470326	0.05922643666666667	1.8027675909299998
1.530653753999027	0.05716103	1.7973769537699997
1.5323990832510213	0.050940299999999994	1.790982415043333
1.5341444125030157	0.05055749999999999	1.7945780844933332
1.53588974175501	0.053757139999999995	1.8040404004100001
1.537635071007004	0.05303208666666666	1.80889123191
1.5393804002589988	0.050989376666666655	1.8111836053899997
1.541125729510993	0.049355113333333325	1.8122872160133334
1.5428710587629875	0.04461272333333333	1.8081007934133333
1.5446163880149817	0.04017591666666666	1.8040132533733333
1.546361717266976	0.039469733333333326	1.8048758874966666
1.5481070465189704	0.036658609999999994	1.8030035362966665
1.5498523757709646	0.03090668333333333	1.79730260303
1.5515977050229588	0.029693443333333333	1.7974028524899999
1.553343034274953	0.03170273666666666	1.8013748260633333
1.5550883635269477	0.030076183333333333	1.80074382959
1.556833692778942	0.026748103333333332	1.7987177626433333
1.5585790220309363	0.02497582	1.7992220553666667
1.5603243512829306	0.022410933333333334	1.79890804912
1.5620696805349248	0.020285768666666665	1.8000894062433332
1.563815009786919	0.02122816533333333	1.80586521381
1.5655603390389135	0.02138555266666667	1.8093800815466665
1.5673056682909077	0.019350173666666665	1.8084550210966666
1.5690509975429023	0.019819799333333332	1.8105074449766667
1.5707963267948966	0.021812272	1.81429985851
1.5725416560468908	0.020633903999999998	1.8130345209566667
1.5742869852988854	0.01823445233333333	1.8099704173366666
1.5760323145508797	0.017152272666666666	1.8091842266199998
1.5777776438028739	0.015676004	1.8080659457099997
1.579522973054868	0.015277113333333332	1.80852759736
1.5812683023068623	0.017837958666666667	1.8131868504033335
1.583013631558857	0.019348240666666666	1.8156931834466665
1.5847589608108512	0.018644806666666666	1.8136618659966666
1.5865042900628454	0.01997855333333333	1.8133036225699999
1.5882496193148399	0.02238717733333333	1.8133635285366667
1.589994948566834	0.022333720333333335	1.8082118355966668
1.5917402778188283	0.02217758766666667	1.8018706546366667
1.5934856070708228	0.023347138999999996	1.7988375539366666
1.5952309363228174	0.023784034	1.7973092215666666
1.5969762655748112	0.025819016666666667	1.7995296316666665
1.5987215948268054	0.031002086666666668	1.8071044432433334
1.6004669240788003	0.033897319999999995	1.8118732381233333
1.6022122533307945	0.03362995333333333	1.8100778651299998
1.603957582582789	0.03582300333333333	1.8073167253033333
1.6057029118347832	0.03941248333333333	1.8024324919299999
1.6074482410867772	0.04028340666666666	1.79101904848
1.6091935703387716	0.04136981	1.7793214281233332
1.6109388995907659	0.043991173333333335	1.7733502462066666
1.6126842288427607	0.04520313666666666	1.7716404599299997
1.614429558094755	0.04810593	1.7766548691633333
1.6161748873467492	0.054997069999999995	1.7891184284933335
1.6179202165987434	0.05854705333333333	1.7977800466166667
1.6196655458507376	0.05751110666666666	1.7973316146166667
1.621410875102732	0.06083967333333333	1.79553738758
1.6231562043547263	0.06778838	1.79211465341
1.624901533606721	0.06994438666666666	1.7803418736799999
1.6266468628587152	0.06983128	1.7670130162666666
1.6283921921107094	0.07243809333333333	1.7614460564433334
1.630137521362704	0.07382713333333332	1.7610555862633333
1.6318828506146983	0.07336324999999999	1.76448055634
1.6336281798666925	0.07475111333333333	1.7730032359966668
1.6353735091186867	0.07337421	1.77749834254
1.637118838370681	0.06711717	1.7722604697366666
1.6388641676226756	0.06539845	1.7660948853033331
1.6406094968746698	0.06939012333333333	1.7608211383266668
1.642354826126664	0.06841970333333333	1.7476818588533334
1.6441001553786583	0.06368723	1.7320136604666665
1.6458454846306525	0.06457584	1.72677046744
1.647590813882647	0.06766475999999999	1.7296808038833333
1.6493361431346412	0.06625473666666666	1.7341567161466664
1.6510814723866354	0.06412843666666666	1.74215831233
1.6528268016386303	0.06272185	1.7504827139899999
1.654572130890624	0.05865551333333333	1.7522564571033332
1.6563174601426187	0.05565903666666666	1.7507123404366667
1.6580627893946132	0.056202666666666665	1.7478210012233335
1.6598081186466074	0.05296372333333333	1.7363142754066665
1.6615534478986018	0.04554261999999999	1.71925931754
1.663298777150596	0.04276802666666666	1.7096041616833333
1.6650441064025903	0.043504329999999994	1.7078655686433333
1.6667894356545845	0.04025351866666667	1.7073317945766666
1.6685347649065787	0.036060520666666665	1.7105612356899997
1.6702800941585736	0.03574329766666667	1.7185418596066668
1.6720254234105678	0.03614607933333333	1.7243924152866665
1.673770752662562	0.03619286766666666	1.7263402156899998
1.6755160819145563	0.03814999033333333	1.7256826930866664
1.6772614111665505	0.038640941666666664	1.7176374247566666
1.679006740418545	0.03605592	1.7034810489499999
1.6807520696705391	0.035563413333333335	1.69370459492
1.6824973989225334	0.03724112366666666	1.6904345860399999
1.684242728174528	0.035358707999999996	1.6879341004733333
1.6859880574265222	0.03149012266666666	1.6882265639433334
1.6877333866785167	0.030494457999999995	1.6943852341399999
1.6894787159305111	0.030532972999999998	1.70097619219
1.6912240451825054	0.028980667	1.7039461763766666
1.6929693744344996	0.027881574	1.70462700034
1.6947147036864938	0.02744145566666667	1.7013583343033334
1.6964600329384885	0.026458053999999998	1.6942771856833334
1.6982053621904827	0.026664262999999997	1.6898309451
1.6999506914424771	0.02858226733333333	1.6901645228433333
1.7016960206944713	0.029163230333333335	1.6909224639266667
1.7034413499464653	0.02836459033333333	1.6929027255066667
1.7051866791984598	0.028577121	1.6992143520899998
1.706932008450454	0.028885477333333333	1.7063395158399999
1.708677337702449	0.026978145	1.7098160277033334
1.7104226669544431	0.023998765666666665	1.7105438209433332
1.7121679962064373	0.021651434966666668	1.7089126257933334
1.7139133254584316	0.019781572799999998	1.7043316170133331
1.7156586547104258	0.017972004766666664	1.69886994229
1.7174039839624204	0.0166982091	1.6939500905266665
1.7191493132144147	0.01610139333333333	1.6881544126066665
1.7208946424664089	0.015966242633333332	1.6823017001266667
1.722639971718403	0.015379368499999999	1.6780826174533332
1.7243853009703973	0.014037247333333332	1.674705859923333
1.726130630222392	0.012987367333333333	1.6719135334766666
1.7278759594743864	0.012807106333333334	1.67115056739
1.7296212887263807	0.012140741	1.6711895898233333
1.7313666179783749	0.011304653666666666	1.6710145678966666
1.733111947230369	0.012209853666666666	1.67225897911
1.7348572764823635	0.014288259000000001	1.6738596508266668
1.7366026057343578	0.015208914	1.6715325322399999
1.738347934986352	0.015488946333333331	1.6656389149733333
1.7400932642383462	0.015896966666666665	1.6589728404866666
1.7418385934903404	0.015517940000000001	1.651319619943333
1.7435839227423353	0.015130740333333332	1.6432840327333331
1.7453292519943295	0.016469908	1.6381495518133333
1.7470745812463238	0.017463959	1.6353005289933331
1.7488199104983182	0.017446725	1.6333261100399998
1.7505652397503124	0.020232104333333334	1.63473909825
1.7523105690023066	0.02545717833333333	1.6384370196266667
1.7540558982543013	0.02703714	1.6372172443433333
1.7558012275062955	0.025498887666666668	1.63072952925
1.75754655675829	0.026282356666666663	1.6247703216366667
1.7592918860102842	0.028143750000000002	1.6187538678166666
1.7610372152622784	0.027232406666666667	1.609294847463333
1.7627825445142726	0.026484869999999997	1.6007019196666665
1.7645278737662669	0.028225390000000003	1.5971572521699997
1.7662732030182617	0.03020407	1.5971358958866664
1.768018532270256	0.03265411	1.6005541272333332
1.7697638615222502	0.03670443333333333	1.6081277089233332
1.7715091907742444	0.03822527999999999	1.6146130896
1.7732545200262386	0.036456716666666666	1.6170111026533331
1.7749998492782333	0.03684655333333333	1.6185424302266667
1.7767451785302275	0.03939854333333333	1.618060564783333
1.7784905077822217	0.038654963333333334	1.6101635946266666
1.780235837034216	0.03676874666666666	1.5985370378133332
1.7819811662862102	0.03892199	1.5911546596666666
1.7837264955382048	0.04268698	1.5885672487233333
1.785471824790199	0.04403907	1.5888420297266665
1.7872171540421935	0.044750013333333324	1.5941574764033333
1.7889624832941877	0.045336369999999994	1.60318528169
1.790707812546182	0.044187153333333326	1.6110490192566669
1.7924531417981764	0.043160196666666664	1.6163322308333332
1.7941984710501706	0.044073713333333334	1.6183548224133333
1.7959438003021653	0.044053966666666666	1.6134333967733332
1.7976891295541597	0.04338590666666667	1.6036298767633332
1.7994344588061533	0.046305799999999994	1.5964267300399997
1.8011797880581482	0.05148599999999999	1.5935653104699998
1.8029251173101424	0.05312798	1.5915841414133336
1.8046704465621368	0.052059676666666665	1.5919406058233332
1.806415775814131	0.05217948666666666	1.5965948383133333
1.8081611050661253	0.052098423333333324	1.6015073084299998
1.8099064343181195	0.04944805	1.6025200429266668
1.8116517635701137	0.04700457	1.6005871380466665
1.8133970928221086	0.046553156666666665	1.596165581363333
1.8151424220741028	0.04685345333333333	1.5894025884833334
1.816887751326097	0.04798373	1.5832617216399998
1.8186330805780913	0.050193443333333324	1.5797854168
1.8203784098300855	0.05038331666666666	1.5770770891933332
1.82212373908208	0.04795932	1.5757775097166666
1.8238690683340746	0.045941029999999994	1.5785747226366666
1.8256143975860688	0.04439252333333333	1.5838478008833334
1.827359726838063	0.04065977999999999	1.587391300033333
1.8291050560900572	0.036751356666666665	1.5893033506933334
1.830850385342052	0.03583867	1.5905153937966665
1.8325957145940461	0.03660814333333333	1.5895233261133335
1.8343410438460404	0.03650776333333333	1.5857612859033332
1.8360863730980346	0.036078896666666666	1.5816596885899998
1.8378317023500288	0.035309763333333334	1.5787942627166667
1.8395770316020235	0.033219443333333334	1.5783833831399998
1.8413223608540177	0.029989680000000005	1.5816795774233334
1.843067690106012	0.02664103333333333	1.5879583767066665
1.8448130193580063	0.02321032333333333	1.5940253273966665
1.8465583486100006	0.020480001666666667	1.5978896921733332
1.8483036778619948	0.019179022666666663	1.59832202405
1.850049007113989	0.01900226633333333	1.59455252946
1.8517943363659835	0.019005953666666665	1.5875244655566665
1.8535396656179781	0.019038686	1.5804142081466666
1.8552849948699723	0.018643641000000002	1.5756965856566665
1.8570303241219668	0.01762850833333333	1.5751918522633332
1.858775653373961	0.016059816666666667	1.5794997148033334
1.8605209826259552	0.014403721999999997	1.5871085444466666
1.8622663118779497	0.012854908666666666	1.5946064494766665
1.8640116411299439	0.011904941333333332	1.5998094862966665
1.865756970381938	0.011520752999999998	1.6015177211066665
1.8675022996339323	0.011670923599999997	1.5993827267733334
1.8692476288859265	0.0120793833	1.5941253570599998
1.8709929581379214	0.012582596466666665	1.5879504379
1.8727382873899157	0.012695339966666665	1.5824283660799998
1.8744836166419099	0.012525730999999998	1.57874847915
1.876228945893904	0.012171139	1.5775405719566664
1.8779742751458983	0.011905812999999998	1.5787546633033334
1.8797196043978928	0.011662245666666668	1.5810950988699999
1.881464933649887	0.011697824999999999	1.58384996787
1.8832102629018816	0.011988564333333333	1.5863213391733333
1.8849555921538759	0.012469371333333335	1.58738750218
1.88670092140587	0.012608484666666666	1.58561035074
1.8884462506578648	0.012456264333333331	1.5810974590033333
1.890191579909859	0.012010752333333333	1.5744864313599998
1.8919369091618532	0.011407657666666664	1.5669563933133333
1.8936822384138474	0.010783310333333334	1.5601366550833333
1.8954275676658416	0.010708758666666667	1.5560471557033333
1.8971728969178363	0.010882386	1.5551059479233331
1.8989182261698305	0.011317636666666665	1.5570817096666665
1.900663555421825	0.012375958333333333	1.5610378037966666
1.9024088846738192	0.013874936666666665	1.5650353754166666
1.9041542139258134	0.014522649999999998	1.5663240199233333
1.9058995431778076	0.014628453333333333	1.5644056070866665
1.9076448724298019	0.015019576666666666	1.5601985983666664
1.9093902016817967	0.015542632666666667	1.5547370166666667
1.911135530933791	0.015607702000000001	1.5489133083166666
1.9128808601857852	0.01596335733333333	1.5445714320633332
1.9146261894377794	0.016594285	1.5423627436866667
1.9163715186897738	0.017130657	1.5419008515033332
1.9181168479417683	0.017647541333333332	1.54239252034
1.9198621771937625	0.018367491333333333	1.5433939424833334
1.9216075064457567	0.018450222	1.5439661208233333
1.923352835697751	0.018353332333333333	1.5441571177299998
1.9250981649497452	0.019216664666666664	1.5443758231166669
1.92684349420174	0.021135445000000003	1.5447248072766666
1.9285888234537343	0.022867745666666668	1.5443029149366665
1.9303341527057285	0.024703087666666665	1.5431152827999999
1.9320794819577227	0.02740725843333333	1.54158463023
1.933824811209717	0.030368482816666667	1.5398340944333333
1.9355701404617114	0.031589722056666665	1.5370501446566665
1.9373154697137056	0.03145432722333333	1.5341418609199997
1.9390607989656998	0.03168145696666666	1.532887637863333
1.9408061282176947	0.03213822576666667	1.53332925172
1.9425514574696887	0.031064757866666667	1.533336846123333
1.9442967867216832	0.029742192666666667	1.5331758546066667
1.9460421159736774	0.030048988333333332	1.5341130348
1.9477874452256718	0.031133476	1.5351376379199997
1.949532774477666	0.031484654333333334	1.5342353857833333
1.9512781037296603	0.03213249566666666	1.5326320195599998
1.953023432981655	0.032943217999999996	1.53141513716
1.9547687622336491	0.033128356666666664	1.5298366598733333
1.9565140914856434	0.03361945833333333	1.5275702105166666
1.9582594207376378	0.03505460666666666	1.5256731111266666
1.960004749989632	0.035219729333333324	1.52342836198
1.9617500792416263	0.03465933	1.5211092448633334
1.9634954084936205	0.03616203	1.5208038871966665
1.9652407377456147	0.038736190000000004	1.52262833669
1.9669860669976096	0.038659559999999996	1.52353799659
1.9687313962496038	0.03720356666666666	1.5237383313433333
1.970476725501598	0.037097599999999994	1.5251544955499998
1.9722220547535922	0.03697884	1.5260341242666666
1.9739673840055865	0.034549656666666664	1.5229538093666666
1.9757127132575811	0.031944223333333334	1.5179457670666665
1.9774580425095754	0.031038845666666665	1.5143821102533332
1.9792033717615696	0.030991679666666667	1.5120481827433334
1.9809487010135638	0.031128159666666662	1.5099627525166666
1.982694030265558	0.032385042333333336	1.5101691789066667
1.9844393595175527	0.03361883333333333	1.5127880415266666
1.9861846887695471	0.03399054333333333	1.5159538205066667
1.9879300180215413	0.03488619333333333	1.51915161111
1.9896753472735356	0.03640525333333333	1.5219989762233332
1.9914206765255298	0.035397589333333326	1.5211343530666668
1.9931660057775242	0.03297111533333333	1.5166330776799999
1.9949113350295185	0.03337741033333333	1.5123669011966663
1.9966566642815133	0.035494578	1.5084527283566667
1.9984019935335076	0.034557190999999994	1.50164956443
2.0001473227855016	0.032678399	1.4953875735833333
2.0018926520374962	0.03359835666666666	1.4949273751966665
2.0036379812894904	0.034761966666666665	1.4984625040866666
2.0053833105414847	0.0331626	1.5019566741466666
2.0071286397934793	0.031653833	1.5068192747766667
2.0088739690454736	0.031261223000000005	1.51273517099
2.0106192982974678	0.030649106666666665	1.5159694615666663
2.012364627549462	0.031257933999999994	1.5156128735333332
2.014109956801456	0.033941727666666664	1.5128314552066666
2.0158552860534504	0.03471305166666666	1.5055869337366667
2.0176006153054447	0.03381873333333333	1.4957163967
2.019345944557439	0.035620109999999996	1.4895370090300002
2.021091273809433	0.038290986666666665	1.4876425060233331
2.022836603061428	0.03602457	1.4850095379966666
2.0245819323134224	0.03185333433333333	1.4838943913933331
2.0263272615654166	0.031526521333333335	1.4888248265566664
2.028072590817411	0.032627395999999996	1.49514070779
2.029817920069405	0.030593130333333333	1.495466373263333
2.0315632493213998	0.028664176666666666	1.4919407635966666
2.033308578573394	0.02979217	1.48789527351
2.035053907825388	0.031077586666666664	1.4810411112933333
2.036799237077383	0.030322919999999996	1.470799125343333
2.0385445663293766	0.02957557	1.46207882749
2.0402898955813713	0.02842277	1.4566964113766665
2.0420352248333655	0.026145556666666667	1.4550420082
2.0437805540853597	0.02534231666666667	1.4600041251433336
2.045525883337354	0.026707533333333332	1.4709377483633332
2.047271212589348	0.02606615333333333	1.48077153874
2.0490165418413424	0.02457910333333333	1.4881481727733332
2.0507618710933366	0.027155603333333334	1.4963265850766665
2.052507200345331	0.031100826666666664	1.50126375488
2.054252529597326	0.029743013333333335	1.4960174034733331
2.05599785884932	0.026183449999999997	1.4855353193966665
2.0577431881013144	0.025717566666666664	1.4777794480533333
2.0594885173533086	0.025405036666666665	1.47156565577
2.0612338466053033	0.021901233333333332	1.4644280907000002
2.0629791758572975	0.01937792	1.4612326596866665
2.0647245051092917	0.01983842	1.4637629181166667
2.0664698343612864	0.021116416666666665	1.4684263423966666
2.0682151636132806	0.023120803333333332	1.47371219148
2.069960492865275	0.026407279999999998	1.4793678291233334
2.071705822117269	0.02766212333333333	1.4811359141566665
2.0734511513692633	0.026746057666666663	1.4784408625533332
2.0751964806212575	0.026787824666666668	1.4750639529933331
2.0769418098732517	0.026890471	1.47042088301
2.078687139125246	0.023698105666666663	1.4608858382533332
2.080432468377241	0.020365868999999998	1.4509500589066668
2.0821777976292353	0.021055039666666667	1.4469221013199998
2.08392312688123	0.023902898333333332	1.44722679387
2.0856684561332237	0.025585471333333335	1.4479492194833334
2.087413785385218	0.027821252666666664	1.4512838785833333
2.0891591146372126	0.031354189	1.4576443368766665
2.090904443889207	0.03366320366666667	1.4625103135400002
2.0926497731412015	0.033469977666666664	1.4631424370899997
2.0943951023931957	0.03232044733333333	1.4606993791899998
2.0961404316451895	0.029859140999999995	1.454448107976667
2.097885760897184	0.026676403	1.44571002723
2.0996310901491784	0.025688316333333336	1.4393607493533331
2.1013764194011726	0.027315182	1.4369070773933335
2.103121748653167	0.02808891533333333	1.4349688488766665
2.104867077905161	0.029066296	1.4353808198266667
2.1066124071571553	0.033204329333333324	1.4415899114933333
2.1083577364091495	0.03755686266666666	1.44947900869
2.1101030656611446	0.03732935133333333	1.4528073397433332
2.111848394913139	0.03515589599999999	1.4539992872966665
2.113593724165133	0.03406940566666666	1.4560019773833333
2.1153390534171272	0.032356282	1.4563228784466666
2.1170843826691215	0.029451264999999997	1.45381342665
2.118829711921116	0.028366665	1.4516844675133334
2.1205750411731104	0.02874118133333333	1.44973217226
2.1223203704251046	0.02979279333333333	1.44730247019
2.124065699677099	0.033094336	1.4467109873766666
2.1258110289290935	0.03757516333333333	1.4477489784566666
2.1275563581810877	0.038640692666666664	1.4459940318933333
2.129301687433082	0.037455117999999996	1.4430233653666664
2.131047016685076	0.03769883266666666	1.4431305219633332
2.1327923459370703	0.037577805	1.4436712517199999
2.1345376751890646	0.03379717333333333	1.4396205446433332
2.1362830044410597	0.030105147	1.4346296897666666
2.138028333693054	0.030225532	1.43307632054
2.139773662945048	0.03212495666666666	1.4324852341299998
2.141518992197043	0.03317411533333333	1.43015429526
2.143264321449037	0.035124993333333326	1.4292756185500002
2.1450096507010312	0.03811307333333333	1.43078550259
2.1467549799530254	0.03998121166666667	1.4322108752933334
2.1485003092050197	0.0400934	1.432812586
2.1502456384570143	0.039507969999999996	1.4331838167866666
2.1519909677090086	0.03716319	1.4309540941133332
2.1537362969610028	0.033933276666666665	1.4267922839033331
2.155481626212997	0.032897163333333326	1.4246078203099999
2.157226955464991	0.033959829999999996	1.4243036496933332
2.1589722847169854	0.033626496666666665	1.4222238239433334
2.1607176139689797	0.03361615333333333	1.4212966435066665
2.162462943220974	0.03708097666666666	1.4255941656233333
2.164208272472968	0.041030123333333335	1.4313969449066666
2.1659536017249623	0.04097935	1.4332024823066667
2.1676989309769574	0.039695673333333334	1.4334823834533332
2.1694442602289516	0.0397974	1.4343828124233333
2.171189589480946	0.039155756666666666	1.43321122951
2.17293491873294	0.036805153333333326	1.42919531188
2.1746802479849343	0.03549919666666666	1.4258336291099998
2.176425577236929	0.03504648666666666	1.423466183473333
2.178170906488923	0.03483526333333333	1.4221989391733332
2.179916235740918	0.036372256666666665	1.42436471029
2.1816615649929116	0.039173563333333335	1.4293197815033332
2.183406894244906	0.03953918666666666	1.4322792201799999
2.1851522234969005	0.038685159999999996	1.43410382727
2.1868975527488947	0.039855506666666665	1.43801962051
2.188642882000889	0.04106455666666666	1.4408918777133333
2.190388211252883	0.03851354	1.4377344821466664
2.1921335405048774	0.03545279333333333	1.4323751452633333
2.1938788697568716	0.03566320333333333	1.4294823445333331
2.1956241990088667	0.03679991	1.4268007262433333
2.197369528260861	0.03561754	1.4217569788
2.199114857512855	0.03486747666666666	1.4184106279166664
2.20086018676485	0.03634988	1.4188406851033335
2.202605516016844	0.03758368333333333	1.4205697875366667
2.2043508452688383	0.03681067333333333	1.4221613410666667
2.206096174520833	0.035879723333333335	1.4243905984666665
2.207841503772827	0.03464717666666666	1.425008451543333
2.2095868330248214	0.032545113333333334	1.42327313275
2.2113321622768156	0.03090881333333333	1.4214735313566664
2.21307749152881	0.030201529999999997	1.4195957197466664
2.214822820780804	0.027955366666666665	1.4148048827233333
2.2165681500327983	0.025450896666666667	1.41038542064
2.2183134792847925	0.025587806666666664	1.4110485583866668
2.2200588085367867	0.02651951	1.4143133581566665
2.221804137788781	0.024453729999999996	1.4153094912666666
2.223549467040776	0.022041266666666663	1.4167259434433332
2.2252947962927703	0.022279646666666666	1.4210052382799998
2.2270401255447645	0.022731909999999998	1.4244145416833334
2.2287854547967587	0.020607399999999998	1.4238708356166667
2.230530784048753	0.01866892333333333	1.4225497943533334
2.2322761133007476	0.018644423333333333	1.4219894988266666
2.234021442552742	0.018717266666666666	1.4208960860133333
2.235766771804736	0.017419443333333333	1.41926528088
2.2375121010567303	0.01637628433333333	1.4185524543266665
2.239257430308725	0.015950639999999995	1.417623916163333
2.241002759560719	0.015402172	1.41653495161
2.2427480888127134	0.014371996666666664	1.416563506413333
2.2444934180647076	0.013621659999999997	1.4168685347833334
2.246238747316702	0.012777235999999999	1.4146793243233333
2.247984076568696	0.012031325333333332	1.4114721466566666
2.2497294058206903	0.011820337666666667	1.4094609295399998
2.2514747350726845	0.012201483999999999	1.4073822119333332
2.2532200643246787	0.012150889666666666	1.40343951696
2.254965393576674	0.012303194333333331	1.40071410341
2.256710722828668	0.013125751333333333	1.4013611133800001
2.2584560520806622	0.013975005666666665	1.4039522674433331
2.260201381332657	0.013858669333333332	1.4069429686900001
2.261946710584651	0.013647037333333334	1.4109868667966667
2.2636920398366454	0.013361841	1.41439078843
2.26543736908864	0.012792384999999998	1.4155318611666665
2.2671826983406342	0.012118322333333334	1.4147880586566668
2.2689280275926285	0.011829979	1.41238430166
2.2706733568446227	0.011123179333333334	1.4068775522666668
2.272418686096617	0.010574927	1.4009123953866667
2.274164015348611	0.010816346333333332	1.3981785643766664
2.2759093446006062	0.011420521333333333	1.3979954065133333
2.2776546738525996	0.011473011	1.3977649907433332
2.279400003104594	0.011934274999999998	1.3997821099466665
2.281145332356588	0.012799638999999998	1.4054392265833333
2.2828906616085836	0.013640681999999998	1.4115605644499998
2.284635990860578	0.014443160666666666	1.4150593019866666
2.286381320112572	0.015501025066666667	1.417186591943333
2.288126649364566	0.015622307966666665	1.4177878701366666
2.28987197861656	0.015335121699999999	1.4154973341166666
2.291617307868555	0.01584115096666667	1.4107575846733333
2.2933626371205493	0.01670134888333333	1.4055400957300002
2.2951079663725436	0.016142282083333334	1.3998430589066664
2.2968532956245378	0.015683302713666667	1.3954981399333333
2.2985986248765315	0.01701061414333333	1.3952102686633332
2.300343954128526	0.01871911973333333	1.3982013147633332
2.3020892833805204	0.018327666866666665	1.4006574121266668
2.3038346126325147	0.01760676	1.4033851063333334
2.305579941884509	0.018291061066666663	1.40798357209
2.307325271136503	0.0187401382	1.4110634281666665
2.309070600388498	0.01697505263333333	1.4085723189766668
2.3108159296404924	0.015371440233333334	1.4041247828733332
2.3125612588924866	0.015410937999999999	1.4014996752399997
2.314306588144481	0.01575376	1.39876701645
2.316051917396475	0.015497116333333333	1.3940135919366665
2.3177972466484698	0.016190835666666667	1.3910471458766667
2.319542575900464	0.017343851666666663	1.39154027894
2.321287905152458	0.018318420333333335	1.3935533504966664
2.3230332344044524	0.019745486	1.3963900205899997
2.324778563656447	0.021431081999999997	1.4013388187499998
2.3265238929084413	0.021014533000000002	1.40661975597
2.3282692221604355	0.01975643433333333	1.4112761689566666
2.3300145514124297	0.020076179666666666	1.416042817513333
2.331759880664424	0.02052277433333333	1.4195667998000001
2.333505209916418	0.018284420666666665	1.4186239549266668
2.3352505391684133	0.016437273	1.4159427404733331
2.3369958684204075	0.017995977	1.41569001387
2.3387411976724017	0.020518390999999997	1.4164035596666666
2.340486526924396	0.020907406666666663	1.4148065727066665
2.34223185617639	0.021890043999999997	1.4142477015800001
2.343977185428385	0.02506492333333333	1.4170269766599999
2.345722514680379	0.027557011	1.418722627916667
2.3474678439323733	0.027198393	1.41528742692
2.3492131731843675	0.026431137999999996	1.4102274615700001
2.3509585024363617	0.026009308	1.40611673139
2.3527038316883564	0.024982196	1.401637605003333
2.3544491609403506	0.023897214	1.3968775716366668
2.356194490192345	0.024070679333333334	1.3948617977966666
2.357939819444339	0.02393913033333333	1.3949692725666667
2.3596851486963333	0.024056124333333335	1.3959683916633332
2.3614304779483275	0.026564406	1.3984919627699999
2.3631758072003217	0.029742332999999996	1.4016659024899998
2.364921136452316	0.02940824866666667	1.40199433727
2.36666646570431	0.028282675333333333	1.4016254851433332
2.3684117949563044	0.03022633833333333	1.4043901668766665
2.3701571242083	0.03188585333333333	1.4074314946133333
2.371902453460294	0.028887058666666663	1.4057001447266666
2.373647782712288	0.026120871666666663	1.4032684061499998
2.375393111964282	0.027955667999999996	1.4046533427433332
2.3771384412162764	0.030440104000000003	1.405873479046667
2.3788837704682715	0.029785552	1.4029554795866668
2.3806290997202657	0.03053922133333333	1.4018950492799997
2.38237442897226	0.03517217066666666	1.4066975823999999
2.384119758224254	0.039675138666666665	1.4123851401599998
2.3858650874762484	0.041395474999999994	1.4144098694133334
2.3876104167282426	0.043213747000000004	1.4154954970066664
2.389355745980237	0.04534700366666666	1.4158167102933332
2.391101075232231	0.045976931666666665	1.4121799470966665
2.3928464044842253	0.045734429666666666	1.4049189651199998
2.3945917337362195	0.045943072333333335	1.3977603423733331
2.3963370629882146	0.04462941833333334	1.3910139259466665
2.398082392240209	0.043212763	1.3862848852199998
2.3998277214922035	0.045278033333333335	1.3868415155699998
2.4015730507441977	0.04864082533333334	1.3908538735500002
2.403318379996192	0.048051603	1.3924798284666666
2.4050637092481866	0.04745106933333333	1.3939155349733332
2.406809038500181	0.051922763	1.399235764543333
2.408554367752175	0.05612335266666666	1.4032744789699998
2.4102996970041692	0.05367150833333334	1.3996356301533333
2.4120450262561635	0.05104335866666666	1.3948187067233333
2.4137903555081577	0.05400774333333334	1.3951367504466667
2.415535684760152	0.05639901333333333	1.3946132819166666
2.417281014012146	0.05285362333333333	1.3876512921299997
2.4190263432641403	0.050281146666666665	1.38202810445
2.4207716725161346	0.053016643333333335	1.3833364385166664
2.4225170017681297	0.05541240333333333	1.3858477999399998
2.424262331020124	0.053845153333333326	1.3853422791133332
2.426007660272118	0.05351500999999999	1.3873800344333331
2.4277529895241123	0.05617653	1.3934122991766664
2.4294983187761066	0.05823199	1.3977810636733334
2.4312436480281012	0.05880623333333333	1.3978467486866664
2.4329889772800954	0.06042779333333333	1.3963516507233333
2.4347343065320897	0.06182459333333332	1.39272508484
2.436479635784084	0.06255491666666665	1.3867625101133334
2.438224965036078	0.06487306	1.3815726015499998
2.4399702942880728	0.06773392666666667	1.3780018128166667
2.441715623540067	0.06678905	1.3729069660466664
2.443460952792061	0.06533508333333334	1.3693984495299998
2.4452062820440554	0.06840068999999999	1.3719949771033335
2.4469516112960497	0.07155976666666666	1.3760827808866667
2.448696940548044	0.06869255333333334	1.3748537792366666
2.450442269800038	0.06638026666666666	1.3737639580499998
2.4521875990520323	0.07084222	1.3782383596733334
2.4539329283040274	0.07513476	1.3809624641099998
2.4556782575560216	0.07251008666666665	1.3748642442666665
2.457423586808016	0.07055569666666667	1.367805272823333
2.4591689160600105	0.07461923	1.3661146414799998
2.4609142453120048	0.07711880666666665	1.3633943237133332
2.462659574563999	0.07255039999999999	1.3553350060133333
2.464404903815993	0.06838564333333333	1.3507517331033334
2.466150233067988	0.06881679333333332	1.3543933400666666
2.467895562319982	0.06820548	1.3597569907533331
2.4696408915719763	0.06380042	1.36234364092
2.4713862208239705	0.061382726666666665	1.3661897600933335
2.4731315500759647	0.06257991333333332	1.3712137305466667
2.47487687932796	0.06409570666666667	1.3728255675133332
2.476622208579954	0.06544749666666666	1.3703859048533333
2.4783675378319483	0.06854384	1.3670079205099999
2.4801128670839416	0.07135712333333333	1.3623207198666667
2.481858196335936	0.07340351333333334	1.357307739783333
2.4836035255879314	0.07647757333333333	1.354845733723333
2.4853488548399256	0.07880605333333333	1.3537702137933334
2.48709418409192	0.07634523	1.3498766704899998
2.488839513343914	0.07284236666666666	1.3463657087566665
2.490584842595908	0.07309271333333332	1.34747742228
2.492330171847903	0.07341538666666667	1.3490797984433334
2.494075501099897	0.06918520666666667	1.3461222656666667
2.4958208303518914	0.06685943666666666	1.3447923634933332
2.4975661596038856	0.07162725666666667	1.3499014138566665
2.49931148885588	0.07675876999999999	1.35434998181
2.501056818107874	0.07573646333333334	1.3515539053499999
2.5028021473598683	0.07502919999999999	1.3483141552066666
2.5045474766118625	0.07902931666666665	1.3496672494166666
2.5062928058638567	0.08034405666666665	1.3495311997166666
2.508038135115851	0.07388643	1.344179576163333
2.509783464367846	0.06751931666666666	1.3418295438699999
2.5115287936198403	0.06588864	1.3464511440166667
2.5132741228718345	0.06347570666666666	1.3515573365933333
2.5150194521238287	0.05756389999999999	1.352771821453333
2.516764781375823	0.05448620999999999	1.3541167918666668
2.5185101106278176	0.05618511666666666	1.3559637639600002
2.520255439879812	0.058538466666666664	1.3544684325866667
2.522000769131806	0.06012483333333333	1.3494820061366666
2.5237460983838007	0.06337350666666666	1.3448240650166667
2.525491427635795	0.06698493999999999	1.3407626409466666
2.527236756887789	0.06924466666666666	1.337442171483333
2.5289820861397834	0.07054164999999998	1.3362050711766664
2.5307274153917776	0.07054972999999999	1.3360857190066666
2.532472744643772	0.06705238666666666	1.3337270204233331
2.534218073895766	0.06249386333333333	1.3312542422533333
2.535963403147761	0.06029858833333333	1.3317679369366666
2.5377087323997554	0.058779994333333335	1.3326785343033332
2.5394540616517496	0.05485938800000001	1.33048314314
2.541199390903744	0.05295181166666666	1.3300696479433334
2.542944720155738	0.05654249433333334	1.33494251723
2.5446900494077327	0.060301174	1.3393809588533332
2.546435378659727	0.05880827033333333	1.33810513263
2.548180707911721	0.057335310333333334	1.3368490797466666
2.5499260371637154	0.05958828533333333	1.3395982092566667
2.5516713664157096	0.059544461	1.3410661067533334
2.5534166956677042	0.05314567666666667	1.3378899804633333
2.5551620249196985	0.047502079333333336	1.3367575261266667
2.5569073541716927	0.046499014333333324	1.34045356185
2.558652683423687	0.04498620733333333	1.3431953303799997
2.560398012675681	0.040322709	1.3415472624966667
2.5621433419276762	0.038236352	1.3398638110533334
2.5638886711796696	0.040546889	1.339284396583333
2.565634000431664	0.04307604033333333	1.3367913059666665
2.567379329683658	0.04383665763333334	1.3320091141133332
2.5691246589356522	0.045711792	1.3284223415633334
2.570869988187648	0.048460549266666667	1.3262421930800001
2.572615317439642	0.0496123785	1.3245607396866665
2.5743606466916362	0.048596055099999994	1.3236857735066665
2.57610597594363	0.04689473244333334	1.3238445222
2.5778513051956247	0.04394015616666667	1.3231854702366665
2.5795966344476193	0.040449070899999995	1.322930987813333
2.5813419636996136	0.03824702917666666	1.32493741149
2.5830872929516078	0.0371102051	1.3274161096233332
2.584832622203602	0.03480397837	1.3272767716899998
2.586577951455596	0.03363037499999999	1.3275771633066666
2.5883232807075904	0.035731450869999994	1.3306732458866666
2.5900686099595847	0.0376024618	1.332489390913333
2.591813939211579	0.035457417633333335	1.3294085480166666
2.593559268463574	0.033523716966666665	1.3266138477166667
2.595304597715568	0.03465977523333333	1.32745272779
2.5970499269675624	0.034465213566666666	1.3275997070933334
2.598795256219557	0.02989499896666667	1.3241022598699999
2.6005405854715513	0.026450120733333332	1.3224707290533333
2.6022859147235455	0.026925005666666668	1.3250428756033332
2.6040312439755398	0.027015858999999996	1.3270188849533333
2.6057765732275344	0.024110512333333334	1.3255103976366667
2.6075219024795286	0.023086020000000002	1.3250520020866665
2.609267231731523	0.025950750666666664	1.32723334114
2.611012560983517	0.028451583000000003	1.32829874688
2.6127578902355113	0.027795812333333336	1.3263191580866664
2.6145032194875055	0.027924714666666663	1.3250267677399998
2.6162485487394997	0.030178875333333334	1.3253193083333332
2.617993877991494	0.030841903333333337	1.3246141938
2.619739207243488	0.028158502999999994	1.3220254325166665
2.6214845364954824	0.02591079133333333	1.3201343586666667
2.6232298657474775	0.025006368333333334	1.3189391068466665
2.6249751949994717	0.023481263000000002	1.3177544918566666
2.626720524251466	0.021252263	1.3171541949966667
2.62846585350346	0.020273399666666664	1.3177352018933333
2.6302111827554544	0.019668241	1.3178923824199997
2.631956512007449	0.019249295666666666	1.31852285856
2.6337018412594433	0.019762705666666665	1.3206809177099998
2.6354471705114375	0.02046394	1.3223648694999999
2.6371924997634317	0.019370139666666668	1.3210058275399998
2.638937829015426	0.018439668333333332	1.3196900757066665
2.6406831582674206	0.019200789666666662	1.3206829906833333
2.642428487519415	0.019500524999999998	1.3212513042833334
2.644173816771409	0.017189413333333334	1.3190765254699999
2.6459191460234033	0.015631511333333334	1.3185738224566665
2.6476644752753975	0.016849958666666665	1.3219887301599997
2.6494098045273917	0.01772149533333333	1.3251406140433333
2.651155133779386	0.015542825999999997	1.3248122453733333
2.652900463031381	0.014490160333333332	1.3255244793999998
2.6546457922833753	0.01690923633333333	1.3293626563999998
2.6563911215353695	0.01849750333333333	1.3316093278
2.658136450787364	0.01607949	1.3291929342633333
2.6598817800393584	0.014744703999999999	1.3270294299099998
2.6616271092913526	0.016933835333333334	1.32698932429
2.663372438543347	0.017853675333333333	1.3246071710733331
2.665117767795341	0.014875178333333332	1.3179068484199998
2.6668630970473353	0.013390631333333333	1.3122263856066665
2.66860842629933	0.015312531333333332	1.3097326555766666
2.6703537555513237	0.016293235666666666	1.3077112383633334
2.6720990848033184	0.014284536666666667	1.3052655806433333
2.673844414055312	0.013566924666666667	1.3059669724299998
2.6755897433073077	0.015208994333333331	1.3099457921499997
2.677335072559302	0.01581236633333333	1.3142702474766668
2.679080401811296	0.013832416333333333	1.3174060436433335
2.6808257310632904	0.012673131999999998	1.3209872594266665
2.6825710603152837	0.013179393333333332	1.3246984675699998
2.6843163895672792	0.013031086999999998	1.3274622343433333
2.6860617188192735	0.011303569666666666	1.3289874732266667
2.6878070480712677	0.010570711333333333	1.3300995823266666
2.689552377323262	0.010991856666666664	1.3298958507199998
2.691297706575256	0.011239796666666664	1.3284645134133333
2.6930430358272504	0.011137088666666666	1.3264007112199998
2.694788365079245	0.011870845	1.3239609893166666
2.696533694331239	0.012675887666666665	1.3206365979866665
2.6982790235832335	0.013535918000000001	1.3185733136733333
2.7000243528352272	0.014641524999999999	1.3188578812566665
2.701769682087222	0.015462225	1.3197243126566667
2.703515011339216	0.014748964666666666	1.3189319756566666
2.7052603405912103	0.013783487066666666	1.3181019044933333
2.7070056698432046	0.013269269366666666	1.31778243675
2.708750999095199	0.012370566633333331	1.3161619397766666
2.710496328347194	0.010196258899999998	1.312467636303333
2.712241657599188	0.008905506166666665	1.31043881789
2.7139869868511823	0.009522259666666666	1.3118282746166667
2.7157323161031766	0.010331874966666666	1.3144086688633332
2.7174776453551712	0.009430344466666667	1.3159997428533332
2.7192229746071654	0.009400705466666666	1.3191290823666666
2.7209683038591597	0.011697005900000002	1.3245615158566666
2.722713633111154	0.013413257999999999	1.3291473290066667
2.7244589623631486	0.012220933733333335	1.3309229981033333
2.7262042916151423	0.0121343802	1.333554448253333
2.727949620867137	0.014825607999999999	1.33789230051
2.729694950119131	0.016184016333333332	1.3398339060566666
2.7314402793711254	0.013904399033333334	1.3367406178099999
2.7331856086231197	0.0124831869	1.3317371433833332
2.734930937875114	0.013355357299999999	1.3259227523133332
2.736676267127109	0.013029929833333332	1.31779260253
2.738421596379103	0.010245836299999998	1.30813340019
2.7401669256310974	0.009258971366666665	1.3017978081933332
2.7419122548830916	0.011165519793333332	1.3003437650066667
2.743657584135086	0.012704515063333333	1.3018121143733332
2.7454029133870805	0.011970394576666665	1.3043097954566667
2.7471482426390748	0.012157764633333332	1.3087444185066668
2.748893571891069	0.014143103800000001	1.3143578596733332
2.750638901143063	0.014873049833333332	1.3193351002933333
2.7523842303950574	0.012891125	1.32314491823
2.754129559647052	0.011974708666666667	1.3279729609266666
2.755874888899046	0.013085253933333334	1.3337068391899998
2.7576202181510405	0.013396123066666665	1.3385761099666666
2.7593655474030343	0.011816905333333332	1.3409658377466667
2.761110876655029	0.011191007666666666	1.3408774218400001
2.762856205907024	0.011645318666666668	1.3375433264033332
2.7646015351590183	0.011599505999999999	1.33176804412
2.7663468644110116	0.010842990333333332	1.3252461735199996
2.768092193663006	0.011241491333333334	1.31993141317
2.769837522915	0.012743909999999999	1.3163114867266668
2.7715828521669956	0.014457333666666666	1.3150275268466665
2.77332818141899	0.015431444666666669	1.3149526851799997
2.775073510670984	0.016408107333333335	1.3145913531966666
2.7768188399229783	0.017239157999999997	1.3127575428033333
2.7785641691749725	0.017139609666666666	1.3103232330666665
2.780309498426967	0.015600579333333331	1.3081493819499999
2.782054827678961	0.014264438333333332	1.3076481795366668
2.7838001569309556	0.013356601333333332	1.3092715163066666
2.7855454861829494	0.012469939333333332	1.31342655861
2.787290815434944	0.011552426666666664	1.3189699551266667
2.7890361446869383	0.011302292	1.3242937730233333
2.7907814739389325	0.010974330333333332	1.3275818146733331
2.7925268031909276	0.011008988666666665	1.32947017406
2.794272132442922	0.011730736666666667	1.3305847490733334
2.796017461694916	0.012792387333333332	1.3312340723333334
2.7977627909469107	0.013436817333333332	1.3313274356233333
2.799508120198905	0.014687362999999998	1.3318440747900002
2.801253449450899	0.016255865999999997	1.3318738013866667
2.8029987787028934	0.017244620333333335	1.3300856103266665
2.8047441079548876	0.016996237333333334	1.32578632254
2.8064894372068823	0.016484009	1.3204905254066666
2.808234766458876	0.015925486333333332	1.31545012245
2.8099800957108707	0.015199372666666664	1.3120205137699998
2.8117254249628645	0.013713473999999998	1.3105388400366667
2.813470754214859	0.013019391	1.3117317710633334
2.8152160834668534	0.013928609666666664	1.3146255342966664
2.8169614127188476	0.014924767666666667	1.3171014141466666
2.818706741970842	0.014333745999999998	1.3170987114366666
2.820452071222836	0.014717684333333331	1.3157630055933331
2.8221974004748303	0.016850062666666665	1.3139043471699998
2.8239427297268254	0.018031343	1.3116686113333333
2.8256880589788196	0.017104156666666665	1.3095637573766665
2.827433388230814	0.017122929999999998	1.309508613013333
2.829178717482808	0.018139147	1.3110003958799998
2.8309240467348022	0.01811429233333333	1.3131580964399998
2.832669375986797	0.016730846666666663	1.3156513989233334
2.834414705238791	0.01597419933333333	1.3191841823966666
2.8361600344907854	0.015881053333333332	1.32378374614
2.8379053637427796	0.015849083333333333	1.3303716220766666
2.839650692994774	0.015314800666666665	1.3385153508833334
2.841396022246768	0.015748631666666665	1.3471974123166668
2.8431413514987627	0.017707423333333333	1.3544653442366665
2.8448866807507565	0.019563206666666666	1.35846470285
2.846632010002751	0.019525179999999996	1.3570131790333333
2.8483773392547453	0.02008620333333333	1.3507470952433334
2.8501226685067405	0.02200066	1.3409657535166666
2.8518679977587347	0.022367230000000002	1.3290633484966667
2.853613327010729	0.02001381	1.31664244978
2.855358656262723	0.018522593333333334	1.3068399422599999
2.8571039855147173	0.01832014666666667	1.30044635169
2.858849314766712	0.01722316	1.29704668036
2.8605946440187062	0.01500696	1.2960691307166665
2.8623399732707004	0.014145046666666664	1.2980633965966668
2.8640853025226947	0.014643386333333334	1.3025750301666665
2.865830631774689	0.015266706666666666	1.3093522703366665
2.8675759610266836	0.015173360666666665	1.3174292945599997
2.8693212902786778	0.016072839999999998	1.3266656781366666
2.871066619530672	0.01847020333333333	1.3358005028033333
2.872811948782666	0.02036355	1.3424984092666667
2.87455727803466	0.02002865	1.3443513161333334
2.8763026072866555	0.02036542	1.3426000140666665
2.8780479365386498	0.022116403333333333	1.3383061898433333
2.879793265790644	0.022186186666666666	1.3315700695633332
2.881538595042638	0.01962804	1.3236454765299999
2.8832839242946324	0.01822486	1.3184537058533332
2.885029253546627	0.0182257	1.3167149201566666
2.8867745827986213	0.01755882333333333	1.3168437191766666
2.8885199120506155	0.016280293333333334	1.31740770557
2.8902652413026098	0.016354336666666667	1.3183748725566666
2.892010570554604	0.01713667	1.3183147085266667
2.893755899806598	0.017850026666666664	1.31652347525
2.895501229058593	0.018029319999999998	1.313011010713333
2.8972465583105866	0.018385496666666667	1.3093962803466666
2.8989918875625813	0.0189901	1.3064027263933333
2.900737216814575	0.01935534	1.303894919073333
2.9024825460665697	0.018587319999999997	1.301005679293333
2.904227875318564	0.018348776666666667	1.2991301525866668
2.905973204570558	0.019066126666666666	1.2988821254433334
2.9077185338225524	0.019269839999999996	1.29992393362
2.9094638630745466	0.018342373333333332	1.3026553404099999
2.9112091923265417	0.018524739999999998	1.3099510699299999
2.912954521578536	0.019721209999999996	1.3217533599266666
2.91469985083053	0.0207988	1.3353259859733333
2.916445180082525	0.02154481	1.3475533687666665
2.918190509334519	0.02284376333333333	1.35710588072
2.9199358385865133	0.023925129999999996	1.3614708794266666
2.921681167838508	0.02438233333333333	1.3587313365133333
2.9234264970905017	0.02374693	1.3490614625333333
2.9251718263424964	0.02267594	1.3362219412399998
2.92691715559449	0.02142288333333333	1.3230217537033333
2.928662484846485	0.01998858	1.3105166484566668
2.930407814098479	0.017969486666666666	1.2992549858466667
2.9321531433504733	0.01679244333333333	1.2917702267433333
2.9338984726024675	0.01656069933333333	1.28834723839
2.9356438018544617	0.01653574	1.2878548975733333
2.937389131106457	0.0165236	1.2904185738766665
2.939134460358451	0.017650453333333333	1.2985130280633332
2.9408797896104453	0.01927391033333333	1.3116407199666666
2.9426251188624395	0.021293183333333333	1.3272084002333333
2.9443704481144337	0.023554933333333333	1.34198237357
2.9461157773664284	0.02549763	1.3536718504966667
2.9478611066184226	0.026061406666666665	1.3590506276833332
2.949606435870417	0.025975010666666666	1.3562949836799998
2.951351765122411	0.025043216666666663	1.3457194076666668
2.9530970943744053	0.023178606666666664	1.3310923939933332
2.9548424236264	0.020711173	1.3158036023166666
2.956587752878394	0.01879685366666667	1.3021257159033333
2.9583330821303884	0.017424429999999998	1.2913399019899998
2.960078411382382	0.01690308	1.2855096362233331
2.961823740634377	0.01678455933333333	1.2843059324733332
2.963569069886372	0.017452671333333333	1.2867230191
2.965314399138366	0.018957405333333333	1.2924702598233333
2.9670597283903604	0.020800719999999998	1.3025136568233333
2.9688050576423537	0.02198610833333333	1.3158124943933331
2.970550386894349	0.023904458666666663	1.33084450206
2.9722957161463435	0.026457788	1.3450521662066666
2.9740410453983377	0.027805632666666667	1.35619810364
2.975786374650332	0.027103614666666664	1.3620315264466667
2.977531703902326	0.0261337	1.3620129700633332
2.9792770331543204	0.024695445	1.3564092205866667
2.981022362406315	0.022376796666666664	1.3477836396099998
2.982767691658309	0.019679451	1.3380865918233333
2.9845130209103035	0.018082544333333332	1.3284307990666666
2.9862583501622977	0.017696028	1.31932317132
2.988003679414292	0.018166664333333332	1.3121697469633333
2.989749008666286	0.018333342	1.30689329568
2.9914943379182812	0.019438480333333334	1.3045689496433335
2.9932396671702755	0.022118292	1.3064031585066664
2.9949849964222697	0.024100478999999998	1.3119398994366667
2.996730325674264	0.023734182333333333	1.3187464220599998
2.9984756549262586	0.024751614999999998	1.3262043178899998
3.000220984178253	0.027544161	1.3316834102833335
3.001966313430247	0.027932444	1.33149167679
3.0037116426822412	0.025214150666666664	1.3254279702199998
3.0054569719342354	0.023516918999999997	1.3181660439266665
3.00720230118623	0.022505128	1.3126442052533331
3.008947630438224	0.020391440333333333	1.3108235872566667
3.0106929596902186	0.018118698	1.31364466211
3.0124382889422123	0.017731247999999998	1.32012863266
3.014183618194207	0.018760895666666666	1.3265578293799998
3.015928947446201	0.020525780333333334	1.33048957885
3.0176742766981954	0.02183056133333333	1.3307159889666664
3.0194196059501897	0.023706288333333332	1.3296329802266666
3.021164935202184	0.026790291	1.3308578265033333
3.022910264454178	0.02866475166666666	1.3360126956666667
3.024655593706173	0.027488746666666664	1.3437219792633333
3.0264009229581674	0.027497592333333334	1.3532374636266664
3.0281462522101616	0.0293123	1.3600840248066668
3.029891581462156	0.028234598	1.3578071251
3.03163691071415	0.02387151033333333	1.3451563358733332
3.0333822399661448	0.02123653266666667	1.3282799574866666
3.035127569218139	0.019894900666666666	1.3124787364066668
3.036872898470133	0.017732307666666666	1.3021246145633332
3.0386182277221274	0.015837207666666665	1.3004773800599998
3.040363556974122	0.01600184433333333	1.3076421742133333
3.042108886226116	0.01743513533333333	1.3187625993299998
3.0438542154781105	0.019441788	1.3284289086166665
3.0455995447301047	0.020588574	1.3325115416833333
3.047344873982099	0.02227463466666666	1.3324828435366665
3.049090203234093	0.025892945	1.3321941230666665
3.0508355324860883	0.028102124666666665	1.3330115037033334
3.0525808617380825	0.026332937	1.33495754276
3.0543261909900767	0.026708355666666662	1.3413801621666668
3.056071520242071	0.030299150666666667	1.3496303355566666
3.057816849494065	0.029649955333333332	1.3509244277466665
3.05956217874606	0.024265652666666665	1.34294288265
3.061307507998054	0.022095437333333332	1.33281153369
3.0630528372500487	0.022494852	1.3237861168
3.0647981665020425	0.02119954766666667	1.3166594044566664
3.0665434957540367	0.019929702666666663	1.3148947560666664
3.0682888250060314	0.021316609666666667	1.320922223103333
3.0700341542580256	0.023446906999999996	1.3311224042766665
3.07177948351002	0.025493000999999994	1.34166998337
3.073524812762014	0.026609371	1.3502143853966668
3.075270142014008	0.027485871333333335	1.3576575190700002
3.0770154712660034	0.029551157666666664	1.36571697114
3.0787608005179976	0.030653141000000002	1.3736295451466667
3.080506129769992	0.028186805	1.3792363996733332
3.082251459021986	0.027841408666666668	1.3852104295866667
3.0839967882739803	0.03103157033333333	1.3910127410833333
3.085742117525975	0.029846865666666667	1.3906914904799996
3.087487446777969	0.02336237	1.3842374435233333
3.0892327760299634	0.02069932	1.3803129961
3.0909781052819576	0.021590092666666665	1.3800134004866664
3.092723434533952	0.020119443666666664	1.37743243145
3.094468763785946	0.017682037999999997	1.3706900600299998
3.0962140930379407	0.018823668666666668	1.3625464309066668
3.0979594222899345	0.021988376000000004	1.3524832923133332
3.099704751541929	0.023702907	1.3402582490966666
3.101450080793923	0.02236015733333333	1.3305813288366668
3.1031954100459176	0.022360277	1.3329550865766664
3.104940739297912	0.026471998333333333	1.3489883763499997
3.106686068549906	0.02765601033333333	1.3665811238666665
3.1084313978019003	0.022328422	1.37384597163
3.1101767270538954	0.022535083666666667	1.3727535429533333
3.1119220563058896	0.029937803333333332	1.3644765160433334
3.113667385557884	0.02951298833333333	1.3474562367233331
3.1154127148098785	0.021319101666666663	1.3373132091899997
3.1171580440618727	0.020255850333333332	1.3597741225266664
3.118903373313867	0.023585578666666666	1.4156626481399999
3.120648702565861	0.022735655999999996	1.48283263708
3.122394031817856	0.022704184999999995	1.5377440653166667
3.1241393610698496	0.025642536	1.558052377883333
3.1258846903218442	0.026462561666666665	1.5287150773866665
3.127630019573838	0.028645209999999994	1.4648475861233332
3.1293753488258327	0.03298564533333333	1.4097365111966669
3.131120678077827	0.03438830233333333	1.4152348638699999
3.132866007329821	0.037374660000000004	1.52576271661
3.1346113365818153	0.042538475	1.753697004213333
3.1363566658338096	0.041300848066666666	2.062382998666666
3.1381019950858047	0.04439308819999999	2.3802558712099997
3.139847324337799	0.07207978	2.6304392773766665
3.141592653589793	0.1265528433333333	2.7650577992866667