# O(3P)+CO2(000; j=0) -> O(3P)+CO2(000; j') scattering, statistically averaged (3A2+3B2+3B1) potential energy surfaces
# Differential cross sections; packaged by M. Gacesa (marko.gacesa@nasa.gov), Apr 30 2019
# E = 1.39358 eV
# theta(rad)                 elastic DCS                total DCS (both in units of 1E-16 cm^2/Sr)
0.	2.704797e6	2.7694634590686606e6
0.0017453292519943296	2.0604188666666665e6	2.1047316740699997e6
0.003490658503988659	942305.8666666667	956848.4908433333
0.005235987755982989	306469.43333333335	311241.04197566665
0.006981317007977318	96448.68666666665	101425.79595989999
0.008726646259971648	45413.85666666667	51280.93117013333
0.010471975511965978	42596.74766666666	47772.10144745
0.012217304763960305	33305.18833333333	36472.60462276667
0.013962634015954637	17928.489999999998	20235.97960163333
0.015707963267948967	11389.984333333334	14130.544205866667
0.017453292519943295	10366.622333333333	13289.870068216667
0.019198621771937624	9867.642	12257.179341229998
0.020943951023931956	7713.257333333333	9326.063305146665
0.02268928027592628	4080.6476666666663	5407.116803276666
0.02443460952792061	2502.5939999999996	4133.742435436667
0.02617993877991494	2945.5759999999996	4708.078933703333
0.027925268031909273	3080.2040333333334	4492.42113257
0.029670597283903602	2423.4413	3422.15772804
0.031415926535897934	1355.5166	2214.71525971
0.03316125578789226	719.4094	1695.3608557066666
0.03490658503988659	914.0528	1956.4696795806667
0.03665191429188092	1101.2992666666667	1946.638071916
0.03839724354387525	853.9830666666667	1450.9495471516666
0.040142572795869566	480.14963333333327	1027.006842129333
0.04188790204786391	248.04486566666665	884.9863579456666
0.043633231299858244	301.2108999999999	979.9116014296666
0.04537856055185256	436.9982666666666	1005.8573667473331
0.047123889803846894	359.45616666666666	750.5605479173333
0.04886921905584122	180.91983666666664	503.0296251123333
0.05061454830783555	85.45904666666667	467.6829624056666
0.05235987755982988	94.55978666666665	532.9290577646666
0.054105206811824215	166.59599666666668	570.8449036163333
0.05585053606381855	178.41647333333333	484.869148887
0.05759586531581287	98.93798	331.16335768733336
0.059341194567807204	41.64485	274.54534714533327
0.061086523819801536	37.91172066666667	301.2648210076667
0.06283185307179587	56.23998	315.75178553166666
0.0645771823237902	78.74384999999998	299.017350938
0.06632251157578452	67.88568333333333	250.09423969499997
0.06806784082777885	37.77113	210.12144798600002
0.06981317007977318	31.508160000000004	213.6486427956667
0.0715584993317675	33.000493666666664	211.93931959466664
0.07330382858376185	32.00362033333333	186.35002013066665
0.07504915783575618	37.053439999999995	166.76538158066666
0.0767944870877505	34.41410333333333	155.98427458306668
0.07853981633974483	30.404656666666668	159.13389002866668
0.08028514559173913	32.781079999999996	167.42901121566666
0.08203047484373349	26.504950666666666	151.26059464333332
0.08377580409572782	20.270456333333332	126.28697024816667
0.08552113334772216	24.181873333333332	116.9447315073
0.08726646259971649	26.758766666666663	116.4843258502
0.08901179185171079	29.43479	123.87303158003331
0.09075712110370512	29.635796666666664	127.59784266466666
0.09250245035569944	20.367607	114.18948610566667
0.09424777960769379	15.730524333333335	101.58086379533333
0.09599310885968812	19.379421	97.3832338996
0.09773843811168244	21.64993333333333	93.89483203803333
0.09948376736367677	24.741873333333334	96.34403603686667
0.1012290966156711	23.56984	97.74163886939999
0.10297442586766543	15.640418999999998	92.08787949333333
0.10471975511965977	13.473290666666665	90.46614734536666
0.10646508437165408	15.770556666666666	88.70901959663333
0.10821041362364843	16.612543333333335	82.00099509103333
0.10995574287564276	19.5392	79.49817768853333
0.1117010721276371	18.37245	77.09865485903333
0.11344640137963143	12.398314	73.78054830176666
0.11519173063162574	11.220687666666667	76.5780751901
0.11693705988362009	11.71163	77.0360962434
0.11868238913561441	11.35017	72.17901526966666
0.12042771838760875	13.826826666666665	69.35187930769999
0.12217304763960307	13.077276666666666	64.75821433316665
0.12391837689159738	9.041932666666666	60.607953754066656
0.12566370614359174	8.169580333333332	62.64826401823332
0.12740903539558604	7.4210286666666665	63.65749594256667
0.1291543646475804	6.574136333333333	62.297993309166664
0.13089969389957473	8.384783666666667	61.861530645433334
0.13264502315156904	7.978617999999999	57.78073090826666
0.1343903524035634	5.832428999999999	53.24228356363333
0.1361356816555577	5.389270999999999	52.70285715043333
0.13788101090755206	4.368806999999999	52.19268139996666
0.13962634015954636	3.993755	52.72375980536666
0.1413716694115407	5.562272999999999	54.66164497003332
0.143116998663535	5.426821	52.9457445087
0.14486232791552936	4.542197	49.946333065166655
0.1466076571675237	4.181244333333333	47.8176554269
0.148352986419518	2.983117	45.00807195253333
0.15009831567151236	2.9854516666666666	44.60373846009999
0.15184364492350666	4.312195333333333	46.284186478933336
0.153588974175501	4.395341666666667	46.115238148566675
0.15533430342749535	4.371377	45.563609978066665
0.15707963267948966	4.0225789999999995	44.20845742499999
0.158824961931484	2.7138449999999996	41.1059817821
0.16057029118347826	2.8435723333333334	39.75629320936666
0.16231562043547265	3.878110333333333	39.870286117666666
0.16406094968746698	4.120602666666667	39.4886591188
0.16580627893946132	4.689294666666666	40.095381596433334
0.16755160819145565	4.478354333333333	39.948214427799996
0.16929693744344992	3.22659	38.0415792003
0.1710422666954443	3.340471	37.02013254156667
0.17278759594743864	4.070110999999999	36.22903431013333
0.17453292519943298	4.248247333333333	34.95638329453333
0.17627825445142725	4.885769333333333	35.004189013566666
0.17802358370342158	4.716526999999999	34.889185718166665
0.17976891295541597	3.606991333333333	33.9817482464
0.18151424220741025	3.556010333333333	33.92316185283333
0.18325957145940458	3.9084229999999995	33.585609406866666
0.18500490071139888	3.863230333333333	32.44392945326666
0.18675022996339324	4.203029	31.90051418173333
0.18849555921538758	3.9490956666666657	31.068800308066663
0.1902408884673819	3.0674416666666664	29.995146031033332
0.19198621771937624	2.921078333333333	29.85405297283333
0.19373154697137057	3.068441333333333	29.736239750500005
0.19547687622336488	3.0415676666666664	29.295751267566665
0.19722220547535924	3.2624739999999997	29.184262311166666
0.19896753472735354	3.004715666666667	28.624747811633334
0.2007128639793479	2.327106333333333	27.828197658366665
0.2024581932313422	2.0625736666666663	27.504966989533333
0.20420352248333656	2.0236563333333333	27.148734758433335
0.20594885173533087	2.057290333333333	26.771040702633332
0.20769418098732523	2.2976919999999996	26.667641315333334
0.20943951023931953	2.174739333333333	26.2532294305
0.2111848394913139	1.7515650333333332	25.7469282979
0.21293016874330817	1.4467074666666666	25.43704030633333
0.21467549799530256	1.2607015333333331	25.043353922466665
0.21642082724729686	1.2857915	24.7304547858
0.2181661564992912	1.5277214000000001	24.604775280366667
0.21991148575128552	1.5650534	24.30578820523333
0.22165681500327983	1.4398472333333334	24.038589036966663
0.2234021442552742	1.2607883999999998	23.81987931333333
0.22514747350726852	1.0889761	23.486065254166665
0.22689280275926285	1.1669209	23.22582222346667
0.22863813201125716	1.4687169999999998	23.039980652066667
0.2303834612632515	1.6226889999999998	22.6840635598
0.23212879051524585	1.6561923333333333	22.355281069933334
0.23387411976724018	1.6060789999999998	22.079786559233334
0.23561944901923448	1.5115006666666666	21.80587711753333
0.23736477827122882	1.5881683333333332	21.657908136499998
0.23911010752322315	1.8676879999999998	21.63675953303333
0.2408554367752175	2.006460333333333	21.508858989666663
0.24260076602721184	1.9543533333333336	21.28711007833333
0.24434609527920614	1.833526	21.024333265833334
0.24609142453120048	1.6924766666666664	20.698918884500003
0.24783675378319475	1.5970170000000001	20.270033899666664
0.24958208303518917	1.7138173333333333	19.9104008816
0.25132741228718347	1.8658056666666667	19.649899446
0.2530727415391778	1.8648276666666668	19.4318710224
0.2548180707911721	1.7933203333333332	19.331177073866662
0.25656340004316636	1.6905710000000003	19.306438119666666
0.2583087292951608	1.476087	19.0460973814
0.26005405854715513	1.4019932666666666	18.675470904266668
0.26179938779914946	1.4825883333333332	18.325918078766662
0.2635447170511437	1.4885639666666663	17.911272674933333
0.26529004630313807	1.464605	17.614048649533334
0.26703537555513246	1.4338433333333331	17.516139049800003
0.2687807048071268	1.215112	17.262400195166666
0.270526034059121	1.0688217333333332	16.966710599933332
0.2722713633111154	1.0953576666666667	16.73273674
0.2740166925631097	1.0678300666666667	16.392422373833334
0.2757620218151041	1.0334218333333332	16.1709677568
0.27750735106709834	1.0021349333333331	16.200388331966664
0.2792526803190927	0.7481717999999999	16.127597900566666
0.280998009571087	0.5460757999999999	16.082263859033333
0.2827433388230814	0.5591376333333333	16.106231221366663
0.2844886680750758	0.5962371	15.924196860899999
0.28623399732707	0.6789638666666666	15.707061588033334
0.28797932657906433	0.7581404999999999	15.579949346933333
0.2897246558310587	0.6035478	15.317301930866666
0.291469985083053	0.4656378666666666	15.192333380266668
0.2932153143350474	0.4664998	15.260893929666667
0.29496064358704166	0.5040231	15.26738825833333
0.296705972839036	0.6791894999999999	15.344695605666667
0.2984513020910303	0.8688457666666666	15.417609719166666
0.3001966313430247	0.8172856	15.177998298633334
0.301941960595019	0.7587616666666667	14.924935947533331
0.3036872898470133	0.7143786	14.695981737633334
0.30543261909900765	0.6394560666666667	14.378577858833333
0.307177948351002	0.7968479333333331	14.322254804166665
0.3089232776029963	1.0293393666666666	14.425441505766665
0.3106686068549907	1.0064368	14.28989849183333
0.312413936106985	0.9794434666666666	14.181626727799998
0.3141592653589793	0.9358610333333333	14.037269686199998
0.31590459461097364	0.8168101666666666	13.702677745133332
0.317649923862968	0.9694334333333333	13.6145174971
0.3193952531149623	1.2399476666666667	13.710940406299999
0.32114058236695653	1.2209659666666666	13.597425837433335
0.32288591161895097	1.1515926666666667	13.558113473266665
0.3246312408709453	1.0431869333333332	13.497376151433333
0.32637657012293964	0.8335695333333334	13.1839561005
0.32812189937493397	0.9067501333333332	13.014237002333333
0.32986722862692824	1.1712643333333335	12.957382528399998
0.33161255787892263	1.1947503333333334	12.691650933266667
0.3333578871309169	1.1371513666666666	12.5710195745
0.3351032163829113	0.9956190666666667	12.575209132033333
0.3368485456349056	0.6877292666666667	12.464268270466665
0.33859387488689985	0.5712547333333333	12.501405040799998
0.34033920413889424	0.6682056999999999	12.568219468566667
0.3420845333908886	0.6676126666666666	12.325525683999999
0.3438298626428829	0.6752282333333333	12.077644767966667
0.3455751918948773	0.6291231333333333	11.860927048433334
0.34732052114687156	0.41409756666666664	11.580255487633332
0.34906585039886595	0.2840444	11.5367363999
0.3508111796508603	0.28876769999999996	11.648335215
0.3525565089028545	0.28285049333333334	11.638807586033332
0.3543018381548489	0.3680067	11.686710636366666
0.35604716740684317	0.4035348666666667	11.664850602366666
0.35779249665883756	0.29195113333333333	11.463332521833332
0.35953782591083194	0.24494196666666668	11.368682851233332
0.3612831551628262	0.2590587333333333	11.3075070726
0.3630284844148205	0.2715135333333333	11.129286041
0.3647738136668149	0.41074949999999993	11.067289606066666
0.36651914291880916	0.46970123333333336	10.964868169566666
0.36826447217080355	0.3691708333333333	10.734533250379998
0.37000980142279777	0.34707849999999996	10.657187630153334
0.3717551306747922	0.3566515	10.60125142522
0.3735004599267865	0.36093416666666667	10.423830846653333
0.3752457891787809	0.5453819333333333	10.38883645126
0.37699111843077515	0.6701120666666667	10.337052302286665
0.3787364476827695	0.6153007666666666	10.18924266523
0.3804817769347638	0.6223378999999999	10.229229468236666
0.38222710618675815	0.6035498333333333	10.269655507103332
0.3839724354387525	0.5009553	10.10667301482
0.38571776469074687	0.6002938333333332	10.015866806196666
0.38746309394274114	0.7470841333333333	9.893882615633332
0.3892084231947355	0.7815451666666666	9.697604234726667
0.39095375244672975	0.8982557333333332	9.761731421003333
0.39269908169872414	0.9504045333333333	9.925293139903333
0.39444441095071847	0.7640888333333333	9.900448723756668
0.3961897402027128	0.6546977333333333	9.893370659306665
0.3979350694547071	0.645397	9.82174219878
0.39968039870670136	0.6062242333333333	9.594494732626666
0.4014257279586958	0.6778710666666666	9.506221090723331
0.4031710572106902	0.747594	9.514252323486666
0.4049163864626844	0.5955013	9.416043535536668
0.4066617157146788	0.4463632333333334	9.40498100595
0.4084070449666731	0.39475306666666665	9.438126964059999
0.41015237421866746	0.34846143333333335	9.384753966543334
0.41189770347066174	0.37471560000000004	9.396416668083333
0.413643032722656	0.4126709	9.429280651193332
0.41538836197465046	0.30616066666666664	9.343203502603332
0.4171336912266447	0.19276254666666665	9.295443828216666
0.41887902047863906	0.1514628833333333	9.259663639873333
0.42062434973063334	0.15153913000000002	9.157894443139998
0.4223696789826278	0.22655399999999998	9.103999884543335
0.4241150082346221	0.30599946666666666	9.04626194963
0.42586033748661634	0.27303463333333333	8.886952857043333
0.4276056667386108	0.2042898333333333	8.763393681403333
0.4293509959906051	0.13997676666666664	8.653623199966667
0.43109632524259933	0.12238881999999998	8.532068691823332
0.4328416544945937	0.21727769999999996	8.50814620125
0.434586983746588	0.34255936666666664	8.511825907916666
0.4363323129985824	0.3938816333333333	8.449750229003334
0.43807764225057666	0.3936468333333333	8.414201489383332
0.43982297150257105	0.30229703333333335	8.335125439866667
0.44156830075456543	0.1995686	8.201105271443334
0.44331363000655966	0.23882340000000002	8.148725336823333
0.445058959258554	0.3584855333333333	8.114540318896665
0.4468042885105484	0.4528331666666666	8.017272085803333
0.44854961776254265	0.5339092333333333	7.966062307106666
0.45029494701453704	0.4955059999999999	7.890621299236665
0.4520402762665313	0.37081719999999996	7.769943970976667
0.4537856055185257	0.3644590666666666	7.756587053976667
0.45553093477052	0.45509539999999993	7.787706233959999
0.4572762640225143	0.5193992	7.735450230469999
0.45902159327450864	0.5979173333333333	7.705275833109999
0.460766922526503	0.6074843999999999	7.664878551093333
0.46251225177849725	0.4949000333333333	7.556011171943333
0.4642575810304917	0.41644213333333335	7.497496639396666
0.46600291028248597	0.41655403333333335	7.483735965136667
0.46774823953448036	0.4099094666666666	7.416189711396666
0.4694935687864746	0.456956	7.39809101364
0.47123889803846897	0.5233301	7.442252719063333
0.4729842272904633	0.49710459999999995	7.466133084783333
0.47472955654245763	0.4213978666666667	7.495711560086666
0.4764748857944519	0.3566498	7.5198450788199995
0.4782202150464463	0.27564840999999995	7.458761353889999
0.4799655442984406	0.24643456666666666	7.383412483003333
0.481710873550435	0.2785677333333333	7.332170002216666
0.48345620280242924	0.2850134333333333	7.274967549239999
0.4852015320544237	0.25316769999999994	7.235096538519999
0.48694686130641796	0.22204283333333333	7.213231038643333
0.4886921905584123	0.18104810333333332	7.147013301773333
0.49043751981040656	0.17688759999999998	7.070868489963333
0.49218284906240095	0.22195769999999998	7.010080445763333
0.4939281783143953	0.2521517666666666	6.955128409196666
0.4956735075663895	0.22888414666666668	6.924078281770001
0.4974188368183839	0.17918446999999998	6.926696770569999
0.49916416607037833	0.12463962666666667	6.92086471598
0.5009094953223726	0.11765312333333333	6.908263544606666
0.5026548245743669	0.17299336666666665	6.87843095869
0.5044001538263612	0.24787313333333333	6.822062643366666
0.5061454830783556	0.2830991066666666	6.75659910335
0.5078908123303499	0.25757780999999996	6.706119251136667
0.5096361415823442	0.18123383333333334	6.669136525396667
0.5113814708343385	0.11956898999999999	6.6623574772300005
0.5131268000863327	0.11485658	6.66378223111
0.5148721293383272	0.17380379666666662	6.65289583133
0.5166174585903216	0.2669619033333333	6.630333278723333
0.5183627878423158	0.33600638	6.595880466969999
0.5201081170943103	0.3189846066666666	6.535804187896666
0.5218534463463045	0.25001393	6.4873582868633335
0.5235987755982989	0.1943802	6.470943466936667
0.5253441048502931	0.18571143333333331	6.473661304449999
0.5270894341022874	0.22609596666666665	6.472778453126667
0.5288347633542818	0.3017778333333333	6.462340584043333
0.5305800926062761	0.3452183	6.415857982733333
0.5323254218582705	0.3341639666666666	6.341815686313333
0.5340707511102649	0.3094055	6.2784709159366665
0.5358160803622593	0.29634286666666665	6.248106330660001
0.5375614096142536	0.28219622666666666	6.23080683383
0.5393067388662478	0.29538886666666664	6.24217272188
0.541052068118242	0.32402793333333335	6.2764310300999995
0.5427973973702365	0.3175906	6.283692833323333
0.5445427266222308	0.27906096666666663	6.23859487595
0.5462880558742251	0.24758236666666666	6.165098608083333
0.5480333851262194	0.21119809	6.054991829349999
0.5497787143782138	0.2017599433333333	5.950477092513333
0.5515240436302082	0.2444675666666667	5.914672363566666
0.5532693728822025	0.27913669999999996	5.929808252356667
0.5550147021341967	0.2641975333333333	5.950714132663333
0.5567600313861911	0.23892344	5.98326645877
0.5585053606381855	0.1953035933333333	5.976933237526667
0.5602506898901798	0.15583338	5.91459029687
0.561996019142174	0.1782586	5.856671297966667
0.5637413483941685	0.22104249999999998	5.812082173406666
0.5654866776461628	0.21216826666666666	5.757107158446666
0.5672320068981571	0.1918902	5.748814375623333
0.5689773361501516	0.16848733333333332	5.771866724306666
0.5707226654021459	0.1381406	5.771751488903334
0.57246799465414	0.15734793333333333	5.766126874683332
0.5742133239061344	0.21255216666666668	5.7431127369566655
0.5759586531581287	0.21474870666666668	5.653485719996667
0.5777039824101231	0.18933249999999996	5.57483225638
0.5794493116621174	0.16624174	5.558631983663333
0.5811946409141118	0.12677751333333334	5.57033848144
0.582939970166106	0.11004204000000001	5.611201474716666
0.5846852994181004	0.1481559733333333	5.663786374453334
0.5864306286700948	0.1799056033333333	5.643328455603333
0.5881759579220891	0.19747610999999998	5.57067339571
0.5899212871740833	0.20708158999999998	5.4894258621733325
0.5916666164260775	0.17659797333333332	5.394786814223332
0.593411945678072	0.12643368	5.328419611593333
0.5951572749300664	0.11270617666666667	5.328474861516666
0.5969026041820606	0.12302635666666667	5.343121900993333
0.5986479334340549	0.15719659	5.370218341023333
0.6003932626860494	0.20377624333333333	5.4040495846
0.6021385919380438	0.21629842	5.391527466963333
0.603883921190038	0.19110046333333333	5.343034536956666
0.6056292504420324	0.16281861	5.296959816513334
0.6073745796940266	0.12934703666666666	5.2282974226766665
0.609119908946021	0.12098766666666666	5.177555657623333
0.6108652381980153	0.1495633	5.176321713216666
0.6126105674500095	0.17438749999999997	5.170460071463333
0.614355896702004	0.18346676666666664	5.1463269689099995
0.6161012259539983	0.18975936666666665	5.124188542260001
0.6178465552059926	0.16934170333333332	5.0621955628099995
0.6195918844579871	0.15479094	5.001123556783333
0.6213372137099814	0.17552568666666662	5.001373583553333
0.6230825429619757	0.19383166666666665	5.02175437723
0.62482787221397	0.19703653333333332	5.03947114914
0.6265732014659642	0.20152909999999996	5.067439052656666
0.6283185307179586	0.17349225000000001	5.037447929936667
0.630063859969953	0.14419645333333334	4.9598388583
0.6318091892219473	0.16462475333333332	4.906845538323333
0.6335545184739415	0.19624536666666664	4.860731095633334
0.635299847725936	0.20917456666666667	4.818631964366666
0.6370451769779303	0.22429163333333335	4.836247893023334
0.6387905062299246	0.20269603333333333	4.861959280036666
0.6405358354819191	0.15672250999999998	4.8665132414666665
0.6422811647339131	0.15211933333333333	4.8869914366666665
0.6440264939859075	0.16660166666666668	4.876204110889999
0.6457718232379019	0.16122028666666666	4.798964634146666
0.6475171524898962	0.17050659	4.737237256096666
0.6492624817418906	0.16952327666666667	4.6987817211
0.6510078109938849	0.1392382233333333	4.67043686128
0.6527531402458793	0.12864944666666667	4.694857072606666
0.6544984694978735	0.13340186999999998	4.730545149879999
0.6562437987498679	0.11614937333333332	4.70534094177
0.6579891280018623	0.11542208	4.668294414793333
0.6597344572538565	0.1248854	4.63323604814
0.6614797865058508	0.11064828	4.586521988413333
0.6632251157578453	0.09916377999999999	4.580804092639999
0.6649704450098396	0.09802115333333333	4.612407002633333
0.6667157742618338	0.07949481	4.617006235413332
0.668461103513828	0.07857659666666666	4.620523096606666
0.6702064327658226	0.09636104666666667	4.619983879276666
0.6719517620178169	0.09696346666666666	4.577751197886667
0.6736970912698113	0.09354780333333332	4.534819536306666
0.6754424205218055	0.09259276666666667	4.513565507339999
0.6771877497737997	0.06884867333333333	4.477145023206667
0.6789330790257941	0.06093478333333333	4.46994307579
0.6806784082777885	0.08144256666666666	4.5044163338
0.6824237375297828	0.09496989	4.522727053486666
0.6841690667817772	0.10660008	4.5293835392399995
0.6859143960337715	0.11757654000000001	4.532406419873333
0.6876597252857658	0.09249538999999998	4.484104932076667
0.6894050545377601	0.07104884	4.4320221456899995
0.6911503837897546	0.08459481666666666	4.422965244306667
0.6928957130417489	0.10002851666666665	4.414068497836666
0.6946410422937431	0.11681997666666666	4.404857761593333
0.6963863715457373	0.14172605666666666	4.414622939080001
0.6981317007977319	0.12957	4.389200908109999
0.6998770300497262	0.10862563333333333	4.353556245193333
0.7016223593017206	0.12488106	4.362267282643333
0.7033676885537148	0.14609197	4.37422580152
0.705113017805709	0.159651	4.372736079503333
0.7068583470577035	0.18567519999999998	4.389997512146667
0.7086036763096978	0.18050546666666667	4.377199501783332
0.710349005561692	0.15097583333333334	4.331637101249999
0.7120943348136863	0.15107486666666664	4.309110132943333
0.7138396640656808	0.15959750666666667	4.284178819186667
0.7155849933176751	0.15357619666666666	4.2378020014
0.7173303225696694	0.17116279999999998	4.230847780806666
0.7190756518216639	0.18664809999999998	4.24672083666
0.7208209810736581	0.17410346666666665	4.254431025666666
0.7225663103256524	0.16722756666666663	4.278615836216667
0.7243116395776467	0.15776256666666666	4.2869784014866665
0.726056968829641	0.12037921333333332	4.2364056619333335
0.7278022980816354	0.10437185333333333	4.187710443003333
0.7295476273336298	0.11616779333333334	4.164655145673333
0.7312929565856241	0.11928070999999998	4.147674428403333
0.7330382858376183	0.12146416666666666	4.158501944626666
0.7347836150896128	0.12099932666666668	4.1791874282
0.7365289443416071	0.08981511999999998	4.149375035089999
0.7382742735936013	0.06509171666666666	4.09537087577
0.7400196028455955	0.06963032	4.042669573073333
0.7417649320975901	0.0759428	3.98176431532
0.7435102613495844	0.08104257000000001	3.9485474378200003
0.7452555906015788	0.08778031666666666	3.9653771189433336
0.747000919853573	0.06872763666666666	3.9883292831566663
0.7487462491055674	0.04537749	4.014658902816667
0.7504915783575618	0.04359213000000001	4.036767382756667
0.752236907609556	0.04751034	4.007477533273333
0.7539822368615503	0.05317474	3.9329248098500003
0.7557275661135445	0.06646244999999999	3.8578661159366665
0.757472895365539	0.060408413333333334	3.788892483123333
0.7592182246175333	0.0433304	3.7629030357933333
0.7609635538695276	0.037874099999999994	3.8044645470133336
0.7627088831215221	0.03582205333333333	3.864694233186667
0.7644542123735163	0.03797295333333333	3.9019679414499997
0.7661995416255106	0.05663180666666666	3.911605269176667
0.767944870877505	0.06528498333333334	3.8664683037133334
0.7696902001294994	0.06255658333333333	3.78993298771
0.7714355293814937	0.06749904666666666	3.739647180943333
0.773180858633488	0.06865599	3.7199291978866666
0.7749261878854823	0.06320160333333333	3.7213734669033336
0.7766715171374765	0.07655373333333333	3.75605392488
0.778416846389471	0.09270565666666666	3.7833195941099995
0.7801621756414653	0.10131451999999999	3.773084786486667
0.7819075048934595	0.11770838666666668	3.744247298596666
0.7836528341454538	0.12694890333333333	3.69766910297
0.7853981633974483	0.11316137	3.636075713673333
0.7871434926494427	0.11126278333333334	3.6137394308233333
0.7888888219014369	0.1260845	3.63904139712
0.7906341511534312	0.1393188	3.6788811022466668
0.7923794804054256	0.1569023	3.7190127718533335
0.7941248096574199	0.16934813333333332	3.7314854080499993
0.7958701389094142	0.15055996666666666	3.681040744783333
0.7976154681614087	0.12897435333333335	3.60438094095
0.7993607974134027	0.12712185333333334	3.5429938790633333
0.8011061266653973	0.13044654	3.504253903396666
0.8028514559173916	0.13960731666666665	3.50409555377
0.8045967851693858	0.15740787	3.5425928688333332
0.8063421144213804	0.15463665	3.57230582045
0.8080874436733746	0.13810770333333333	3.57782340661
0.8098327729253688	0.13041235666666665	3.562734262476667
0.8115781021773631	0.12129507666666667	3.5155436685666666
0.8133234314293576	0.10747286	3.4524551311433336
0.815068760681352	0.10981134000000001	3.4170662079366663
0.8168140899333463	0.11480073333333332	3.411613476656667
0.8185594191853405	0.11174386666666666	3.4307851832433336
0.8203047484373349	0.11186952000000001	3.4691829748033336
0.8220500776893291	0.10772926000000001	3.49120755031
0.8237954069413235	0.08659864333333334	3.4679491574466668
0.8255407361933177	0.07324114	3.4232918918133333
0.827286065445312	0.07506959666666665	3.378603474926667
0.8290313946973066	0.07541673333333333	3.3474490681266666
0.8307767239493009	0.07167119	3.3487520186033337
0.8325220532012951	0.06752790666666666	3.3807411999566668
0.8342673824532894	0.052434836666666665	3.4126112780333333
0.8360127117052839	0.03725795966666666	3.430659250246667
0.8377580409572781	0.034411296999999993	3.4257829930599994
0.8395033702092725	0.035239193333333335	3.3909646987899995
0.8412486994612667	0.030516323333333335	3.33956043485
0.8429940287132611	0.028008173333333334	3.301774270053333
0.8447393579652556	0.024931893333333333	3.2900949197466667
0.8464846872172498	0.020067736666666666	3.306991534183333
0.8482300164692442	0.018750823333333333	3.34117796604
0.8499753457212386	0.02343572	3.371621295773333
0.8517206749732327	0.028178313333333333	3.3790373327
0.853466004225227	0.03478140333333333	3.3634067148866666
0.8552113334772216	0.04065175	3.331899749243333
0.8569566627292158	0.04354036	3.3008281549499996
0.8587019919812102	0.045611309999999995	3.28407628271
0.8604473212332044	0.052799	3.286632199703333
0.8621926504851987	0.06258651999999999	3.2980301178499998
0.8639379797371932	0.07537629666666668	3.308265615823333
0.8656833089891874	0.08809331	3.3067519106966667
0.8674286382411818	0.09528323999999999	3.289112675926667
0.869173967493176	0.09376919	3.25829981357
0.8709192967451702	0.09166602666666665	3.22955155766
0.8726646259971648	0.09257862	3.2112235275066667
0.8744099552491591	0.09901396666666665	3.205645659703333
0.8761552845011533	0.11029633999999999	3.20877799869
0.8779006137531478	0.12145944666666665	3.2122346526633336
0.8796459430051421	0.12260181666666665	3.2028294857199997
0.8813912722571363	0.11667909666666666	3.18425353674
0.8831366015091309	0.10898790666666666	3.16505656931
0.8848819307611251	0.10333737333333333	3.149486513353333
0.8866272600131193	0.10244259666666666	3.140087696086667
0.8883725892651138	0.1101911	3.1419371768533333
0.890117918517108	0.11961871333333332	3.14528304393
0.8918632477691024	0.12513727666666666	3.1419626251366664
0.8936085770210968	0.12328641666666665	3.129629969763333
0.895353906273091	0.11583549666666666	3.109222375193333
0.8970992355250853	0.10790515333333334	3.08608753698
0.8988445647770799	0.10721375333333333	3.0752542407366663
0.9005898940290741	0.11140087666666666	3.0784744087466667
0.9023352232810684	0.11960292333333333	3.092644068286667
0.9040805525330626	0.1279327	3.1114775272866666
0.9058258817850569	0.12819186666666665	3.12002867881
0.9075712110370514	0.11685939999999997	3.1049877336699994
0.9093165402890456	0.10370341666666667	3.076946997086666
0.91106186954104	0.09145285333333333	3.04592898566
0.9128071987930344	0.08419784	3.0221014879599997
0.9145525280450286	0.08644974999999999	3.019288839383333
0.9162978572970231	0.09066799666666665	3.0354640044899996
0.9180431865490173	0.08391416333333332	3.0489032040766664
0.9197885158010117	0.07300375666666666	3.0545761974233336
0.921533845053006	0.06179995333333333	3.0471494821899996
0.9232791743050003	0.04830699333333333	3.016373938416667
0.9250245035569945	0.037852170666666664	2.97244580904
0.9267698328089891	0.03465827366666666	2.93874025392
0.9285151620609834	0.02929322333333333	2.91972370563
0.9302604913129776	0.024457653333333332	2.9230710964266664
0.9320058205649719	0.02316654	2.948140797923333
0.9337511498169662	0.019624344666666668	2.9695464487766667
0.9354964790689607	0.015470108899999998	2.9675362869099997
0.9372418083209549	0.018473301666666667	2.9467786138900003
0.9389871375729492	0.02009987	2.9065123429999997
0.9407324668249435	0.021425296666666666	2.8617416320799998
0.9424777960769379	0.028509036666666668	2.8394113537733334
0.9442231253289324	0.03156947	2.839470259893333
0.9459684545809266	0.025477649999999998	2.84744086962
0.9477137838329208	0.02598312333333333	2.8665786864633334
0.9494591130849153	0.03161119333333333	2.8813983377899994
0.9512044423369096	0.03759071666666666	2.8733058264999998
0.9529497715889038	0.050496943333333336	2.8526091964733333
0.9546951008408984	0.061362459999999994	2.8282889445666664
0.9564404300928926	0.05438930333333333	2.7975800242
0.9581857593448869	0.04734044	2.7863072252766665
0.9599310885968813	0.05101090333333333	2.804869965826666
0.9616764178488755	0.05478533666666666	2.826391995113333
0.96342174710087	0.06156029666666667	2.837588614696667
0.9651670763528643	0.07580535999999999	2.8407074994599997
0.9669124056048585	0.07998248	2.8217204393566666
0.9686577348568528	0.07846950666666666	2.794276531703333
0.9704030641088474	0.08405474999999998	2.7854140844999997
0.9721483933608416	0.08577205666666667	2.7884146330566666
0.9738937226128359	0.08168707666666666	2.7943961084033333
0.9756390518648301	0.09003407999999999	2.8138244825699994
0.9773843811168246	0.10246656999999999	2.8276136748966665
0.9791297103688189	0.11109198666666666	2.819439252326667
0.9808750396208131	0.12451926999999999	2.8023694774266663
0.9826203688728073	0.13130678333333332	2.7755369940666665
0.9843656981248019	0.11806870999999998	2.7350393201733327
0.9861110273767961	0.10935534333333333	2.715623605336667
0.9878563566287906	0.11435071333333333	2.7280861121333335
0.9896016858807848	0.11853791666666669	2.7479431946133333
0.991347015132779	0.12512464333333334	2.7683777514866663
0.9930923443847736	0.13463763333333334	2.7821361865766665
0.9948376736367678	0.12754095999999998	2.7643049821266663
0.9965830028887621	0.11519426666666667	2.73262675169
0.9983283321407567	0.11447996666666667	2.7158304933799995
1.0000736613927508	0.11010953333333331	2.705071631653333
1.0018189906447452	0.09687084000000001	2.6997549279266666
1.0035643198967397	0.09302778333333334	2.7175877020066666
1.0053096491487339	0.09109442333333331	2.7387034896266664
1.007054978400728	0.08298493333333333	2.744033370826666
1.0088003076527223	0.07848612666666667	2.7391050449199996
1.0105456369047165	0.07279934666666665	2.715373882173333
1.0122909661567112	0.056910043333333334	2.6703181736299997
1.0140362954087054	0.048275309999999995	2.64008969738
1.0157816246606999	0.05031064333333333	2.638601634733333
1.017526953912694	0.049658230000000005	2.6529213460733327
1.0192722831646883	0.047304823333333336	2.68031055729
1.0210176124166828	0.045564129999999994	2.7063351750499995
1.022762941668677	0.03546108666666667	2.70290962508
1.0245082709206712	0.026119745	2.67982495586
1.0262536001726654	0.025209603333333334	2.6542387634399995
1.02799892942466	0.023941717	2.625753903513333
1.0297442586766543	0.020643729666666666	2.6089744001799997
1.0314895879286488	0.021181908666666666	2.6205407786499997
1.0332349171806432	0.01843441133333333	2.64362370789
1.0349802464326374	0.014794826666666667	2.66779752824
1.0367255756846316	0.017107465333333335	2.68904946444
1.0384709049366259	0.01944140633333333	2.6861812757433334
1.0402162341886205	0.018313143333333334	2.6559976972966663
1.041961563440615	0.020441466666666665	2.6273336773600002
1.043706892692609	0.02020598333333333	2.6110149940066663
1.0454522219446034	0.01670690033333333	2.611188774783333
1.0471975511965979	0.017263569333333333	2.6351214415266666
1.048942880448592	0.018959570999999998	2.6634598874399997
1.0506882097005863	0.018531259666666664	2.66952827321
1.0524335389525805	0.025417943666666665	2.6579667875766666
1.0541788682045747	0.034748767	2.6306123576066667
1.0559241974565694	0.04028677333333333	2.58983531809
1.0576695267085636	0.04816770666666666	2.561083278683333
1.059414855960558	0.05329345666666666	2.5569014281366664
1.0611601852125523	0.046026733333333326	2.5646529386099997
1.0629055144645467	0.044355236666666666	2.5893352987866667
1.064650843716541	0.05625958333333332	2.6237142565299996
1.0663961729685352	0.06703755666666666	2.634457567006667
1.0681415022205298	0.07662299666666667	2.6158525367166665
1.069886831472524	0.08925861666666668	2.58690827243
1.0716321607245185	0.08983917333333331	2.5493818722699997
1.0733774899765127	0.08589150333333331	2.5223653906466663
1.0751228192285072	0.09425056333333333	2.5294481828933333
1.0768681484805014	0.09925723666666667	2.548421387036667
1.0786134777324956	0.09087126666666667	2.5532455772966665
1.0803588069844898	0.09120308333333332	2.55514616267
1.082104136236484	0.09838083666666667	2.547428703413333
1.0838494654884787	0.09766452333333334	2.5174593657999997
1.085594794740473	0.09857245333333332	2.4872222145133334
1.0873401239924672	0.10176872333333332	2.4704858988166665
1.0890854532444616	0.09288536	2.4577320279566663
1.0908307824964558	0.08904727333333334	2.4650960192466664
1.0925761117484503	0.10144993	2.4950076092333333
1.0943214410004445	0.10666140999999998	2.5101877064133333
1.0960667702524387	0.09855787333333334	2.49729402361
1.0978120995044334	0.09410159333333332	2.474318961536666
1.0995574287564276	0.08724376	2.440917504793333
1.101302758008422	0.07766962333333333	2.4095748196666666
1.1030480872604165	0.08049107666666666	2.40672471232
1.1047934165124107	0.08645335333333333	2.42276243189
1.106538745764405	0.08128445999999999	2.437582422583333
1.1082840750163991	0.08158926	2.46032550694
1.1100294042683934	0.08978536	2.4815650444533333
1.111774733520388	0.08853135666666667	2.47808195591
1.1135200627723822	0.08155010666666666	2.4583252891433336
1.1152653920243765	0.07832981333333333	2.4372630771833332
1.117010721276371	0.07018560666666666	2.4134284287666663
1.1187560505283651	0.06304445666666667	2.404040708883333
1.1205013797803596	0.06577319	2.4191066197766666
1.1222467090323538	0.06427709	2.4346532254499995
1.123992038284348	0.05166590333333333	2.4362786632733333
1.1257373675363422	0.043896813333333326	2.433881801836667
1.127482696788337	0.041903043333333334	2.42420747487
1.1292280260403311	0.03857614266666666	2.4089852194566665
1.1309733552923256	0.03777961666666666	2.4048366291633334
1.13271868454432	0.038700316666666665	2.4132693840866666
1.1344640137963142	0.03314090333333333	2.4252331038733335
1.1362093430483085	0.02638223333333333	2.443803384473333
1.1379546723003031	0.02184446	2.4596087319899995
1.139700001552297	0.015098523333333332	2.4558477327399997
1.1414453308042918	0.008239796333333334	2.4344587573866665
1.143190660056286	0.006914230666666667	2.4058561414866664
1.14493598930828	0.007558969666666667	2.37603414104
1.1466813185602747	0.008887932666666666	2.3610442040466664
1.1484266478122689	0.010125091966666666	2.3682028023233332
1.150171977064263	0.008758852299999998	2.385957557773333
1.1519173063162573	0.00638601124	2.4034252658033326
1.1536626355682515	0.0065490164000000005	2.4131302420299994
1.1554079648202462	0.006979642366666665	2.402776572783333
1.1571532940722404	0.011097440333333333	2.3777093786966668
1.1588986233242349	0.020611663	2.3532886958466666
1.160643952576229	0.027654639999999998	2.33418890962
1.1623892818282235	0.02876819333333333	2.3254868139866667
1.1641346110802178	0.030177496666666668	2.3366011319
1.165879940332212	0.030516803333333332	2.3564362018066665
1.1676252695842066	0.03134778	2.3697393525933332
1.1693705988362009	0.03947891666666667	2.3727487327266665
1.171115928088195	0.049406143333333326	2.3587040481966666
1.1728612573401895	0.05208802333333333	2.3260519589466666
1.1746065865921838	0.05596757333333333	2.2983439019533334
1.1763519158441782	0.06323828666666667	2.2905169971466663
1.1780972450961724	0.06524776	2.296402094696667
1.1798425743481666	0.06593486333333332	2.313114365373333
1.1815879036001609	0.07296199999999999	2.3349485235966663
1.183333232852155	0.07945625333333334	2.3409619067466663
1.18507856210415	0.08712375666666666	2.3276302170899994
1.186823891356144	0.10069801	2.30513303511
1.1885692206081382	0.10686694666666666	2.2723984336266665
1.1903145498601329	0.09837019666666666	2.23681849286
1.192059879112127	0.09202054666666666	2.2243484692266664
1.1938052083641213	0.09271224	2.2375662061433332
1.1955505376161155	0.09324096	2.259335369126667
1.1972958668681097	0.09818605666666666	2.2813140242999994
1.1990411961201044	0.10893853	2.29317395475
1.2007865253720988	0.11371010333333333	2.2807336585433333
1.2025318546240933	0.11540693666666665	2.25580349069
1.2042771838760875	0.11979155333333331	2.2359589903599995
1.2060225131280817	0.11624215	2.2201757838600003
1.207767842380076	0.10263511666666665	2.21092888956
1.2095131716320702	0.09504485333333335	2.2191930600600003
1.2112585008840648	0.09443267666666666	2.2342815983866666
1.213003830136059	0.09205524	2.23868005083
1.2147491593880533	0.08950609333333333	2.2298964136366664
1.2164944886400477	0.08717910000000001	2.209229248173333
1.218239817892042	0.07922563666666665	2.179961683043333
1.2199851471440364	0.07201264666666665	2.1610505582933333
1.2217304763960306	0.07134934	2.1646261218966667
1.2234758056480248	0.07076722333333332	2.1831047671099997
1.225221134900019	0.06740839333333333	2.2065361656366664
1.2269664641520137	0.06709428666666667	2.2283089761633335
1.228711793404008	0.066801	2.2347262855566665
1.2304571226560024	0.061411666666666656	2.2192733613733333
1.2322024519079966	0.053094746666666665	2.1896821824466666
1.233947781159991	0.04507245333333333	2.158154484933333
1.2356931104119853	0.037435586666666666	2.13590364522
1.23743843966398	0.03378754666666667	2.134068087073333
1.2391837689159741	0.03492492	2.1516318968166663
1.240929098167968	0.03670374999999999	2.1759330564033332
1.2426744274199628	0.035801766666666665	2.193217122923333
1.244419756671957	0.03371754	2.196105162283333
1.2461650859239515	0.030759639999999998	2.1825524528633333
1.2479104151759457	0.026232883333333335	2.1585158529966666
1.24965574442794	0.020505197333333332	2.13486262619
1.2514010736799341	0.017125976666666667	2.12344744746
1.2531464029319284	0.016627548333333332	2.1284681492199997
1.254891732183923	0.015780891	2.1442122606600003
1.2566370614359172	0.012676054333333332	2.15960792021
1.2583823906879115	0.009980243699999999	2.1662809282466666
1.260127719939906	0.007742284126666665	2.1582000303966664
1.2618730491919004	0.005767882666666666	2.1368584656766663
1.2636183784438946	0.006050450666666666	2.1120123857866666
1.2653637076958888	0.008523165999999999	2.0945499766299998
1.267109036947883	0.009692941566666667	2.0899143770299995
1.2688543661998777	0.01160205	2.101408966056667
1.270599695451872	0.015911706666666667	2.124020274216667
1.2723450247038663	0.018322476666666664	2.14370034272
1.2740903539558606	0.017352286666666664	2.1492476558833333
1.2758356832078548	0.019816833333333332	2.141001248286667
1.2775810124598492	0.02676996333333333	2.122175997053333
1.2793263417118435	0.03289259666666666	2.098071217163333
1.2810716709638381	0.03675452	2.0781224906699998
1.282817000215832	0.040809469999999994	2.0708687348433332
1.2845623294678261	0.04329518333333333	2.07556493862
1.286307658719821	0.043819376666666666	2.086389527953333
1.288052987971815	0.045027476666666656	2.095895897446667
1.2897983172238097	0.04748661333333333	2.097552166413333
1.2915436464758039	0.0493689	2.088303191573333
1.293288975727798	0.05336426	2.0734032434666663
1.2950343049797923	0.06032482333333333	2.060800545623333
1.296779634231787	0.06498765333333333	2.0549327045966663
1.2985249634837812	0.06460195999999999	2.056593781006667
1.3002702927357757	0.06503509999999998	2.0667554282666667
1.3020156219877699	0.06788119333333333	2.07975933446
1.3037609512397643	0.06879204333333333	2.0844286797533336
1.3055062804917585	0.06790346333333333	2.0756182087366666
1.3072516097437528	0.06868044	2.0581525560966667
1.308996938995747	0.06843975333333333	2.0369791410766664
1.3107422682477412	0.06688368	2.019409120523333
1.3124875974997359	0.06761745999999999	2.0146633693666662
1.31423292675173	0.06851560000000001	2.0235832454033336
1.3159782560037245	0.06663623666666665	2.039040249183333
1.3177235852557188	0.06876755666666667	2.05813259333
1.319468914507713	0.07605068333333333	2.074598732463333
1.3212142437597074	0.07978035666666666	2.0771432962833334
1.3229595730117016	0.07859552333333333	2.065420934583333
1.3247049022636959	0.07776400333333333	2.0502827007433333
1.3264502315156905	0.07483132333333332	2.0366789315966667
1.3281955607676847	0.07050346333333332	2.0292644867
1.3299408900196792	0.07057569	2.0338201681166663
1.3316862192716734	0.07122731666666667	2.04394179101
1.3334315485236676	0.06713630666666666	2.0489759437666666
1.3351768777756619	0.06632043	2.051972267663333
1.336922207027656	0.07021484	2.053594315023333
1.338667536279651	0.06839679	2.0463634664266666
1.3404128655316452	0.06125095666666667	2.0352171653699997
1.3421581947836396	0.05763919666666667	2.0334673685533335
1.3439035240356338	0.05530368333333333	2.040418472193333
1.345648853287628	0.05244046	2.0521797039733336
1.3473941825396225	0.052793139999999995	2.06793628849
1.3491395117916167	0.05155730333333333	2.0770144714966667
1.350884841043611	0.04311536	2.069628177803333
1.3526301702956052	0.03583291333333333	2.05466361052
1.3543754995475994	0.033264553333333335	2.03902441359
1.356120828799594	0.027769376666666668	2.019424135683333
1.3578661580515883	0.02030348333333333	2.002138828833333
1.3596114873035827	0.01901089	1.9983472363966666
1.361356816555577	0.021036202000000004	2.00380862356
1.3631021458075712	0.021304472666666664	2.011065288166667
1.3648474750595656	0.020844623999999996	2.0179766164
1.3665928043115598	0.018777712999999998	2.0184459406266666
1.3683381335635545	0.013313282666666666	2.008851703356666
1.3700834628155487	0.009519022266666666	1.99804062571
1.371828792067543	0.009923305	1.99128823201
1.3735741213195374	0.011415278666666667	1.986253525133333
1.3753194505715316	0.013381625999999997	1.9842722917233335
1.377064779823526	0.017318566666666663	1.9861069341766666
1.3788101090755203	0.02050237733333333	1.9849001469966665
1.3805554383275145	0.021061540666666663	1.9776724886800001
1.3823007675795091	0.019864819333333332	1.9656281940533333
1.384046096831503	0.018223704666666663	1.9485416428066664
1.3857914260834978	0.01753287	1.9306257940166667
1.387536755335492	0.019078795333333332	1.9205265247233332
1.3892820845874863	0.021671253	1.9195463476
1.3910274138394805	0.025250896666666668	1.9257287026033332
1.3927727430914747	0.02951678	1.9372242659866665
1.3945180723434691	0.03137259666666667	1.9462823344166669
1.3962634015954638	0.029834809999999996	1.94563589467
1.398008730847458	0.028986003333333333	1.9387510399366665
1.3997540600994525	0.029684566666666665	1.9283511656433334
1.4014993893514467	0.030807779999999996	1.9138628676633334
1.4032447186034411	0.03391872333333333	1.9013984041333334
1.4049900478554354	0.03814717666666667	1.8967706316966666
1.4067353771074296	0.03955167	1.8964958794033333
1.4084807063594238	0.04069723	1.899896978733333
1.410226035611418	0.0438089	1.906669151933333
1.4119713648634127	0.04379370333333333	1.907413863033333
1.413716694115407	0.04035117333333333	1.8987584396666666
1.4154620233674011	0.040933458666666665	1.8913088361833332
1.4172073526193956	0.04475213	1.8883175863499997
1.4189526818713898	0.047129793333333336	1.8864985995799999
1.420698011123384	0.05006367666666667	1.8902526919233333
1.4224433403753782	0.052803626666666666	1.8997564608433333
1.4241886696273727	0.050740623333333325	1.90576643593
1.4259339988793673	0.049517530000000004	1.908810635513333
1.4276793281313616	0.05334140266666666	1.9107554671766664
1.429424657383356	0.05376500333333334	1.9018408761833332
1.4311699866353502	0.049200691666666664	1.8831954398566666
1.4329153158873444	0.04941334833333333	1.8722135755666667
1.4346606451393389	0.052606866666666655	1.8722911365666666
1.436405974391333	0.051760360000000005	1.8767127865433333
1.4381513036433278	0.050625101000000006	1.887690851263333
1.439896632895322	0.050453815333333325	1.90168036121
1.4416419621473162	0.04643580033333333	1.9067018383966667
1.4433872913993107	0.044599368	1.9058621177266666
1.4451326206513049	0.04898918666666666	1.9047844625033332
1.446877949903299	0.04907826999999999	1.8957932166133333
1.4486232791552933	0.04274694666666666	1.88277172366
1.4503686084072875	0.04096246333333334	1.8835748928266665
1.452113937659282	0.04223148	1.8967760939266665
1.4538592669112762	0.03950294333333333	1.9095375000400001
1.4556045961632709	0.03711788666666666	1.9200071423466665
1.457349925415265	0.036622096666666666	1.9232922570833328
1.4590952546672595	0.03300683	1.9108128576833332
1.460840583919254	0.03119122	1.89226190727
1.4625859131712482	0.03440614333333333	1.8791978248633332
1.4643312424232424	0.033701339999999996	1.8681868413066667
1.4660765716752366	0.028358723333333336	1.863276606663333
1.4678219009272309	0.02791072333333333	1.8761578368766667
1.4695672301792255	0.03051116333333333	1.8984808986066666
1.4713125594312197	0.030447293333333333	1.9143449291133332
1.4730578886832142	0.03071683	1.92075969842
1.4748032179352084	0.030985003333333334	1.91468292846
1.4765485471872026	0.027296656666666662	1.8938373084499998
1.478293876439197	0.024628079999999997	1.8722923430433334
1.480039205691191	0.025678979999999997	1.8615402611433334
1.481784534943186	0.024540003333333327	1.8574959939566664
1.4835298641951802	0.021966114000000002	1.86066448092
1.4852751934471744	0.023732796	1.8751686376533332
1.4870205226991688	0.026846017	1.8903293119366666
1.488765851951163	0.028143842000000002	1.895117850753333
1.4905111812031575	0.029740088	1.890350533683333
1.4922565104551517	0.029556554	1.8755413032933332
1.494001839707146	0.025827492666666663	1.8525566656033334
1.4957471689591406	0.02445473633333333	1.8353254859333332
1.4974924982111348	0.026827389333333333	1.8307041657433332
1.4992378274631293	0.028358013333333328	1.83256874952
1.5009831567151235	0.030153589999999997	1.8399930970233334
1.5027284859671177	0.03390557999999999	1.8530770707233333
1.504473815219112	0.03557291	1.8620705885933333
1.5062191444711062	0.03590453	1.8626226869366667
1.5079644737231006	0.03785172	1.8578621869799998
1.5097098029750948	0.03701091333333333	1.8448866691866668
1.511455132227089	0.03276409333333333	1.82571660007
1.5132004614790837	0.03330179999999999	1.8145404585766667
1.514945790731078	0.038548229999999996	1.8149499150266666
1.5166911199830724	0.04184673	1.8187584312433334
1.5184364492350666	0.044639223333333325	1.8257815965433333
1.520181778487061	0.04852939333333334	1.8358143207933333
1.5219271077390553	0.04908864333333333	1.83958733052
1.5236724369910495	0.04889901666666666	1.836264250273333
1.5254177662430441	0.05207828666666667	1.8307440767699998
1.5271630954950384	0.05197827	1.8182878311166668
1.5289084247470326	0.046925956666666664	1.8006748175966667
1.530653753999027	0.04700654666666666	1.7934093707533334
1.5323990832510213	0.05169378	1.7981347521433335
1.5341444125030157	0.051647639999999995	1.8032291082766663
1.53588974175501	0.04948615666666667	1.8085667426333334
1.537635071007004	0.05025063666666666	1.8159373968666666
1.5393804002589988	0.04989935666666667	1.8172795489400002
1.541125729510993	0.05019348	1.81340412704
1.5428710587629875	0.055679860000000005	1.8109832750500001
1.5446163880149817	0.05868308666666666	1.8044849295466667
1.546361717266976	0.05564672666666666	1.7933216995166668
1.5481070465189704	0.05684107333333333	1.7910706145533333
1.5498523757709646	0.06190897333333334	1.7970439009899999
1.5515977050229588	0.060071443333333335	1.79742904856
1.553343034274953	0.05456651333333332	1.793492392993333
1.5550883635269477	0.05312596333333333	1.7915214749966666
1.556833692778942	0.051938546666666655	1.7867542526533333
1.5585790220309363	0.05084257333333332	1.7808295700799999
1.5603243512829306	0.05440712	1.7807627170266667
1.5620696805349248	0.05618731	1.7803510743399997
1.563815009786919	0.05240723333333333	1.7760061697599998
1.5655603390389135	0.053020726666666664	1.7781980313333332
1.5673056682909077	0.05859587	1.7854909646633335
1.5690509975429023	0.05811107	1.78430816631
1.5707963267948966	0.05357953333333333	1.7768744381266668
1.5725416560468908	0.053288213333333334	1.7724887438866666
1.5742869852988854	0.05336379	1.7681919340666665
1.5760323145508797	0.05025561666666667	1.7629850047233333
1.5777776438028739	0.04783004333333333	1.7620104735666668
1.579522973054868	0.04423563333333333	1.7609268715166666
1.5812683023068623	0.037222777666666665	1.7554938392966666
1.583013631558857	0.03366209566666666	1.7525840746033332
1.5847589608108512	0.03516852533333333	1.7522609542433332
1.5865042900628454	0.034168115666666665	1.7458290930733331
1.5882496193148399	0.030976453333333327	1.7364249337533333
1.589994948566834	0.031486394	1.73303929328
1.5917402778188283	0.033004924666666664	1.7341946876333332
1.5934856070708228	0.030994726	1.737089108713333
1.5952309363228174	0.027708892	1.74342187375
1.5969762655748112	0.02463175533333333	1.7494312364133333
1.5987215948268054	0.020674239666666663	1.7504425809833333
1.6004669240788003	0.017558944	1.7487287875600002
1.6022122533307945	0.016249503666666665	1.74466760835
1.603957582582789	0.014284238	1.7354252660833334
1.6057029118347832	0.011603160333333334	1.7250312635
1.6074482410867772	0.010196236666666667	1.7192408389533331
1.6091935703387716	0.00943551	1.7174396484166667
1.6109388995907659	0.008325183	1.7185660807466665
1.6126842288427607	0.007907723666666665	1.7222556866799998
1.614429558094755	0.008349651666666666	1.7236221222499997
1.6161748873467492	0.009025338666666667	1.7199059263866663
1.6179202165987434	0.009895141	1.7143772255266665
1.6196655458507376	0.010373271	1.7083724251899999
1.621410875102732	0.009954228999999998	1.7017316481666667
1.6231562043547263	0.009445398	1.69868795385
1.624901533606721	0.008589231666666666	1.70128356734
1.6266468628587152	0.007196698733333333	1.70653472994
1.6283921921107094	0.007571049929999999	1.7133944121066667
1.630137521362704	0.010312355966666666	1.71992790658
1.6318828506146983	0.012210968999999999	1.7191435443366665
1.6336281798666925	0.012898910999999999	1.71003474627
1.6353735091186867	0.014607777666666669	1.6995675200533333
1.637118838370681	0.016131378666666668	1.6903096900833332
1.6388641676226756	0.016045598999999997	1.6818369213366666
1.6406094968746698	0.016535936	1.6788099138733332
1.642354826126664	0.017383242333333333	1.6825970334899998
1.6441001553786583	0.017200306	1.6882079847866667
1.6458454846306525	0.019239946666666667	1.6938649966266666
1.647590813882647	0.024348394666666665	1.6978672761899998
1.6493361431346412	0.026669426333333336	1.69283284794
1.6510814723866354	0.025937064333333332	1.6788926187766666
1.6528268016386303	0.027898146666666665	1.666044366383333
1.654572130890624	0.03146932333333333	1.6576847273333333
1.6563174601426187	0.03253013	1.65143369609
1.6580627893946132	0.03377644	1.6512809741699999
1.6598081186466074	0.03647909	1.6589490597033332
1.6615534478986018	0.03764276666666667	1.6678175036033331
1.663298777150596	0.03909052333333333	1.6743036361533332
1.6650441064025903	0.042631426666666666	1.67765582686
1.6667894356545845	0.042706046666666664	1.6720688589566666
1.6685347649065787	0.03921219666666667	1.6581520031033332
1.6702800941585736	0.040165146666666665	1.6467739285633334
1.6720254234105678	0.04537160999999999	1.6417243147633331
1.673770752662562	0.04800193	1.6385733436533334
1.6755160819145563	0.04982951	1.6400143477266664
1.6772614111665505	0.054406819999999995	1.6493384359066665
1.679006740418545	0.057869816666666664	1.66006947289
1.6807520696705391	0.058262549999999996	1.6663917427866668
1.6824973989225334	0.058182080000000004	1.6683943749633334
1.684242728174528	0.05572297	1.6632415518666666
1.6859880574265222	0.05042083333333333	1.6507775818300001
1.6877333866785167	0.048705	1.6395420717999998
1.6894787159305111	0.05175108666666667	1.6340447312233333
1.6912240451825054	0.05276969666666666	1.63055695961
1.6929693744344996	0.05202905666666666	1.6312043433799999
1.6947147036864938	0.054766590000000004	1.64093440064
1.6964600329384885	0.0581989	1.6545591763833336
1.6982053621904827	0.057218783333333335	1.6637267346566667
1.6999506914424771	0.05451411666666667	1.6676993477833335
1.7016960206944713	0.05255064333333333	1.6662035701466664
1.7034413499464653	0.04995853333333333	1.65805044792
1.7051866791984598	0.04844858	1.64805687984
1.706932008450454	0.04981753666666666	1.6416245821833333
1.708677337702449	0.04975644333333333	1.637639957183333
1.7104226669544431	0.047070216666666664	1.6372703637200001
1.7121679962064373	0.04640488333333334	1.6447113738033332
1.7139133254584316	0.04702013666666666	1.6562493309133333
1.7156586547104258	0.043621796666666664	1.6634441483833333
1.7174039839624204	0.03848023666666667	1.6654778963033332
1.7191493132144147	0.03634975666666666	1.6644245033399998
1.7208946424664089	0.03570432	1.6592061253833332
1.722639971718403	0.03470556333333333	1.65120875314
1.7243853009703973	0.03510929	1.6447443232366665
1.726130630222392	0.035403416666666666	1.6398366759599998
1.7278759594743864	0.03370147666666666	1.6363895315333334
1.7296212887263807	0.03253081333333333	1.6374083490566669
1.7313666179783749	0.032373806666666664	1.6419078769433333
1.733111947230369	0.029350175999999995	1.6445590377333332
1.7348572764823635	0.02469313733333333	1.64538365371
1.7366026057343578	0.02282206533333333	1.6469820524566665
1.738347934986352	0.022762427000000002	1.6475927461833333
1.7400932642383462	0.021486552333333332	1.6450496837466666
1.7418385934903404	0.020457791333333336	1.6412356932966665
1.7435839227423353	0.020499966666666664	1.6369327395166666
1.7453292519943295	0.020069893999999998	1.6321616704633333
1.7470745812463238	0.019405023666666667	1.6292628213700002
1.7488199104983182	0.01942749	1.6296240155233335
1.7505652397503124	0.018233281666666663	1.6309647310933333
1.7523105690023066	0.015794267333333334	1.6329432288699999
1.7540558982543013	0.014741477333333333	1.6367903955799998
1.7558012275062955	0.014962232999999998	1.6404756865899999
1.75754655675829	0.013645189333333335	1.6403925369999999
1.7592918860102842	0.011680775000000001	1.63704587812
1.7610372152622784	0.011449522533333334	1.6323197045966666
1.7627825445142726	0.012147641306666667	1.6267082312266665
1.7645278737662669	0.01186871879	1.6210427718133333
1.7662732030182617	0.011526324433333332	1.617721826773333
1.768018532270256	0.011662479899999998	1.6176219896633333
1.7697638615222502	0.0115009487	1.6206634072166666
1.7715091907742444	0.0110665924	1.6265908350366667
1.7732545200262386	0.011066786866666666	1.6339797967266665
1.7749998492782333	0.010600690366666665	1.6396227647733332
1.7767451785302275	0.009783077	1.6419274842
1.7784905077822217	0.009938567333333332	1.64083552991
1.780235837034216	0.010930581333333331	1.6364449914066665
1.7819811662862102	0.011120016333333333	1.6292984721533332
1.7837264955382048	0.010993871666666665	1.62219600734
1.785471824790199	0.011516750666666666	1.6176925630599999
1.7872171540421935	0.012359086333333333	1.6167179071366666
1.7889624832941877	0.012903661	1.618653741083333
1.790707812546182	0.013813282333333333	1.6221951260099998
1.7924531417981764	0.015212863	1.6247828224766665
1.7941984710501706	0.016883691	1.6245449873766664
1.7959438003021653	0.01836914133333333	1.6208723134833332
1.7976891295541597	0.019493294666666668	1.6146385792433335
1.7994344588061533	0.020090201000000002	1.607512584083333
1.8011797880581482	0.020483241333333332	1.6021392128633334
1.8029251173101424	0.020544952	1.60011271503
1.8046704465621368	0.020835282666666666	1.6018160011866664
1.806415775814131	0.022322333	1.60633573857
1.8081611050661253	0.025365717333333333	1.6118267233533334
1.8099064343181195	0.028849614	1.6150801970599997
1.8116517635701137	0.03247750766666667	1.6142348042033332
1.8133970928221086	0.036392388666666664	1.6094244947566665
1.8151424220741028	0.039936714666666664	1.601522935466667
1.816887751326097	0.04152271466666667	1.590924138063333
1.8186330805780913	0.041608615333333335	1.5804233515633332
1.8203784098300855	0.041777903333333324	1.5738721511999998
1.82212373908208	0.04251340666666667	1.5723414043366666
1.8238690683340746	0.043106356666666665	1.5736686441166665
1.8256143975860688	0.0444984	1.5769699695566666
1.827359726838063	0.04715774666666667	1.5810169424133333
1.8291050560900572	0.05004622	1.58262374192
1.830850385342052	0.05267808999999999	1.5797368030899999
1.8325957145940461	0.05565368	1.5738695878166666
1.8343410438460404	0.057266316666666664	1.5659504680166665
1.8360863730980346	0.05734139666666667	1.5580134749266668
1.8378317023500288	0.05915877666666667	1.5547669132133333
1.8395770316020235	0.06311286666666666	1.5576423956533336
1.8413223608540177	0.06472429999999998	1.5615780016266667
1.843067690106012	0.06454530333333333	1.5648046096
1.8448130193580063	0.06660058333333332	1.56918210537
1.8465583486100006	0.06899601333333333	1.5713923862533332
1.8483036778619948	0.06727187666666667	1.5658407070433331
1.850049007113989	0.06392466999999999	1.5557785057066664
1.8517943363659835	0.0621089	1.5471122545733333
1.8535396656179781	0.06070679333333334	1.54043744924
1.8552849948699723	0.0596698	1.5358377914633332
1.8570303241219668	0.060912930000000004	1.53613307457
1.858775653373961	0.06219642333333332	1.5396628977733333
1.8605209826259552	0.062160056666666665	1.5433461203966667
1.8622663118779497	0.06347352666666667	1.5477592483233331
1.8640116411299439	0.06556439333333333	1.5514879730366666
1.865756970381938	0.06326377999999999	1.5484484588033331
1.8675022996339323	0.05814897	1.5397487450666665
1.8692476288859265	0.056185170000000006	1.5325752011533331
1.8709929581379214	0.056516330000000004	1.52765379231
1.8727382873899157	0.05424273999999999	1.5212395445166664
1.8744836166419099	0.05160480666666667	1.5173885370733333
1.876228945893904	0.051995889999999996	1.5207471174466667
1.8779742751458983	0.05251420666666666	1.5273437585266667
1.8797196043978928	0.050083953333333334	1.53178648933
1.881464933649887	0.04684595	1.53406862857
1.8832102629018816	0.04303849666666666	1.532380071473333
1.8849555921538759	0.038040159999999996	1.5251737551933333
1.88670092140587	0.03497379666666666	1.51669658265
1.8884462506578648	0.03524682	1.510600958103333
1.890191579909859	0.03437018	1.5047296484966666
1.8919369091618532	0.03258846	1.5015398762766665
1.8936822384138474	0.03429532666666667	1.5063917080666667
1.8954275676658416	0.03691643333333333	1.5157051962766666
1.8971728969178363	0.034335889999999994	1.52126710856
1.8989182261698305	0.029199149999999997	1.5235509206133333
1.900663555421825	0.02577731333333333	1.5247732413133335
1.9024088846738192	0.022564416666666663	1.5223783339399999
1.9041542139258134	0.018735993333333333	1.5161193369599997
1.9058995431778076	0.017120233333333332	1.5100813151233334
1.9076448724298019	0.016793032	1.5044405869099997
1.9093902016817967	0.016379663333333332	1.4997609180233333
1.911135530933791	0.017466841333333333	1.5000215599833333
1.9128808601857852	0.019286759	1.5049000153133332
1.9146261894377794	0.017806543333333334	1.5088052782333332
1.9163715186897738	0.014420822333333335	1.5120450047766667
1.9181168479417683	0.012768036333333333	1.5171153991933333
1.9198621771937625	0.012051229333333333	1.5205591081266665
1.9216075064457567	0.010151615	1.5183529459966665
1.923352835697751	0.009033834	1.5132373544466664
1.9250981649497452	0.009562204	1.507543572483333
1.92684349420174	0.010222494333333332	1.5016704676266663
1.9285888234537343	0.010290344333333333	1.4981178038666667
1.9303341527057285	0.010327456666666665	1.4989490635699998
1.9320794819577227	0.009247463666666667	1.5012080872399998
1.933824811209717	0.007380502866666667	1.50403496862
1.9355701404617114	0.0064814083	1.50919162934
1.9373154697137056	0.006748045333333334	1.51433172584
1.9390607989656998	0.006398041333333333	1.5146983191833334
1.9408061282176947	0.006222124833333333	1.5123687518933333
1.9425514574696887	0.007309747366666668	1.5110030990833332
1.9442967867216832	0.008578869999999999	1.5095929662466665
1.9460421159736774	0.00861789	1.506731631793333
1.9477874452256718	0.008483975933333332	1.5046214937499998
1.949532774477666	0.0082265329	1.5029761508666664
1.9512781037296603	0.007656987333333334	1.500844207813333
1.953023432981655	0.007734673333333334	1.5000374001933334
1.9547687622336491	0.008913321799999999	1.501120224393333
1.9565140914856434	0.009340729999999998	1.5006707055799997
1.9582594207376378	0.009463564666666665	1.4994359552466663
1.960004749989632	0.010572753666666665	1.5003624393066666
1.9617500792416263	0.011754452333333333	1.5014411124333331
1.9634954084936205	0.011699864666666665	1.4990510930133332
1.9652407377456147	0.011869803333333333	1.49563634799
1.9669860669976096	0.012234547	1.4933245082366666
1.9687313962496038	0.012354081666666664	1.4912850074800001
1.970476725501598	0.013582883666666665	1.49018349344
1.9722220547535922	0.016214349333333333	1.4916227700466664
1.9739673840055865	0.017235029333333332	1.4930898107066666
1.9757127132575811	0.017258569666666668	1.49413584424
1.9774580425095754	0.019056453333333334	1.4972676403233334
1.9792033717615696	0.021450676666666668	1.5010997369199999
1.9809487010135638	0.02155303	1.5011340436399998
1.982694030265558	0.021501256666666666	1.4991407349866663
1.9844393595175527	0.023032236666666667	1.4981413466933333
1.9861846887695471	0.024720556666666664	1.4963307463133333
1.9879300180215413	0.026054929999999997	1.4919720404666665
1.9896753472735356	0.02822766	1.4878367231
1.9914206765255298	0.029273233333333332	1.48431059763
1.9931660057775242	0.02883116333333333	1.4808716252333332
1.9949113350295185	0.02991066333333333	1.4797414020799997
1.9966566642815133	0.03241756333333333	1.4813351355133335
1.9984019935335076	0.03200545666666667	1.481088048143333
2.0001473227855016	0.030594596666666668	1.4795638375366666
2.0018926520374962	0.03318561	1.4810956350033333
2.0036379812894904	0.03763834333333333	1.48369597396
2.0053833105414847	0.03857069333333333	1.4820798893499998
2.0071286397934793	0.03857976666666666	1.4794340798899999
2.0088739690454736	0.04087204	1.4798500027233334
2.0106192982974678	0.042631243333333325	1.4806499022566666
2.012364627549462	0.041945369999999996	1.4794395125833333
2.014109956801456	0.041670906666666674	1.4789437101999998
2.0158552860534504	0.041216279999999994	1.4784889446733331
2.0176006153054447	0.03976398	1.47686307466
2.019345944557439	0.04052755333333333	1.4770614317399997
2.021091273809433	0.043525296666666664	1.4794503323633332
2.022836603061428	0.04298112666666666	1.4785411326566664
2.0245819323134224	0.04044245666666667	1.4758907295633332
2.0263272615654166	0.04184727666666666	1.4773538098099999
2.028072590817411	0.044515673333333325	1.48013348544
2.029817920069405	0.04220893333333332	1.4777555490300003
2.0315632493213998	0.0389921	1.4741795950433334
2.033308578573394	0.03986282666666666	1.4742977139933333
2.035053907825388	0.04157110666666666	1.4749768451799998
2.036799237077383	0.04087852	1.4735896479866666
2.0385445663293766	0.040701793333333326	1.4735170741333334
2.0402898955813713	0.04106837333333333	1.4745221610533332
2.0420352248333655	0.04006485	1.4749491866033333
2.0437805540853597	0.039134166666666664	1.4769489183233333
2.045525883337354	0.039140306666666666	1.4805528996266668
2.047271212589348	0.036425589999999994	1.4802129887766666
2.0490165418413424	0.03239323333333333	1.4770902234733332
2.0507618710933366	0.03220581333333333	1.4768491227333334
2.052507200345331	0.034197656666666666	1.4771007016966664
2.054252529597326	0.03245091666666666	1.47163608372
2.05599785884932	0.029859446666666668	1.4649425645899998
2.0577431881013144	0.031155746666666668	1.4630501637399997
2.0594885173533086	0.032954889999999994	1.4630245198966665
2.0612338466053033	0.03089587333333333	1.46139079124
2.0629791758572975	0.028489230333333337	1.4618520584699999
2.0647245051092917	0.027826860999999998	1.4649379525233333
2.0664698343612864	0.026836165	1.4677538225033333
2.0682151636132806	0.025503230333333335	1.4705478024599998
2.069960492865275	0.025421555666666665	1.4734647755733334
2.071705822117269	0.024159883333333333	1.4719102209966666
2.0734511513692633	0.021705898333333334	1.46693909013
2.0751964806212575	0.021086103	1.46421495358
2.0769418098732517	0.021229109333333333	1.462963160703333
2.078687139125246	0.018010296999999998	1.4587145084133333
2.080432468377241	0.014061860333333332	1.4559104354933332
2.0821777976292353	0.013318751666666667	1.4594206410133332
2.08392312688123	0.013819847666666666	1.4652603630833334
2.0856684561332237	0.012422419333333332	1.46832096299
2.087413785385218	0.011567692999999999	1.470380750153333
2.0891591146372126	0.012616067999999998	1.47155528158
2.090904443889207	0.013554825333333333	1.46963562741
2.0926497731412015	0.013087484333333333	1.4655392409133334
2.0943951023931957	0.012460626033333333	1.4617409611766665
2.0961404316451895	0.0111288398	1.4571004560333334
2.097885760897184	0.009070854266666666	1.4531707777966665
2.0996310901491784	0.0075870506	1.4535154424099999
2.1013764194011726	0.007013954166666667	1.4567726611666665
2.103121748653167	0.005579745433333333	1.4582468625666665
2.104867077905161	0.0044116089	1.4596486150666668
2.1066124071571553	0.0050916744	1.463438733553333
2.1083577364091495	0.0064954333	1.4666197799599998
2.1101030656611446	0.006751860833333333	1.4660597027633333
2.111848394913139	0.0072524018	1.4641824571066666
2.113593724165133	0.0081979803	1.4616477768833331
2.1153390534171272	0.008730372099999998	1.4577327765566666
2.1170843826691215	0.009210163333333334	1.4543781691500002
2.118829711921116	0.010294217666666668	1.4533803522233333
2.1205750411731104	0.010118296	1.4522222053666667
2.1223203704251046	0.009415792033333332	1.45183360183
2.124065699677099	0.010240795333333332	1.45501328803
2.1258110289290935	0.011658849666666665	1.45870208652
2.1275563581810877	0.011322620666666667	1.45723181453
2.129301687433082	0.011126214999999998	1.4529284333666665
2.131047016685076	0.012205377999999998	1.4491938353433333
2.1327923459370703	0.013284011666666666	1.4445205038433333
2.1345376751890646	0.013965575666666667	1.4382549842533332
2.1362830044410597	0.015434850666666666	1.4344334274933335
2.138028333693054	0.016287440333333333	1.43360871139
2.139773662945048	0.01663561733333333	1.4346486793033333
2.141518992197043	0.018443059999999997	1.4384685136299997
2.143264321449037	0.021191007333333334	1.4442090653266668
2.1450096507010312	0.021680367666666665	1.4467122138433333
2.1467549799530254	0.021609068999999998	1.44650938319
2.1485003092050197	0.023981719000000002	1.4476236050633333
2.1502456384570143	0.026956870666666664	1.4478755446199998
2.1519909677090086	0.02678692	1.4422035298399998
2.1537362969610028	0.025824090999999997	1.4351944769133334
2.155481626212997	0.026723661666666666	1.43283232532
2.157226955464991	0.027386734666666666	1.4325177054966667
2.1589722847169854	0.025541051	1.4303003413266666
2.1607176139689797	0.024030297	1.42986737857
2.162462943220974	0.024006428333333333	1.432366162913333
2.164208272472968	0.024450863666666663	1.4338454564066665
2.1659536017249623	0.02613263333333333	1.4329219529433335
2.1676989309769574	0.029942025	1.4310698246133333
2.1694442602289516	0.032538489999999996	1.4258984879466667
2.171189589480946	0.03405356233333333	1.4186645058466667
2.17293491873294	0.037654205999999996	1.415022716183333
2.1746802479849343	0.04111238066666666	1.4148348560033333
2.176425577236929	0.03921832233333333	1.41287732096
2.178170906488923	0.03567231333333333	1.4129299498133332
2.179916235740918	0.035454016000000005	1.4202908615666667
2.1816615649929116	0.03594575999999999	1.4296974897399999
2.183406894244906	0.03407106	1.4338781662966666
2.1851522234969005	0.03364176	1.4361326993399999
2.1868975527488947	0.03582518333333333	1.43897378994
2.188642882000889	0.03785171999999999	1.4382750342166664
2.190388211252883	0.03894673	1.43240580359
2.1921335405048774	0.04000110333333333	1.42584611813
2.1938788697568716	0.038801496666666664	1.41978415858
2.1956241990088667	0.03600573	1.4148572783566664
2.197369528260861	0.03498546333333333	1.4142948748366666
2.199114857512855	0.035452786666666666	1.4181039042066665
2.20086018676485	0.03386151	1.4206600643033334
2.202605516016844	0.03303630333333333	1.4222708988533332
2.2043508452688383	0.03717362	1.4263446056866667
2.206096174520833	0.04302668666666666	1.4286610211866666
2.207841503772827	0.04470327666666666	1.4224797482966665
2.2095868330248214	0.04510094666666667	1.41316651974
2.2113321622768156	0.04777244333333333	1.4079992755266666
2.21307749152881	0.04904119999999999	1.4042059877866664
2.214822820780804	0.0457193	1.3981500051566667
2.2165681500327983	0.04246499633333334	1.3957578181333332
2.2183134792847925	0.04144839833333333	1.3997664163799999
2.2200588085367867	0.04114637	1.4059063181433333
2.221804137788781	0.04275593	1.41216256254
2.223549467040776	0.04742118166666666	1.4192527915333333
2.2252947962927703	0.05055236533333333	1.4226668169033332
2.2270401255447645	0.05226077666666666	1.42113836578
2.2287854547967587	0.056845349999999996	1.4187312448733334
2.230530784048753	0.06099704666666665	1.4144530636766666
2.2322761133007476	0.05767024666666666	1.4032746459766667
2.234021442552742	0.05222190333333333	1.3916636923199999
2.235766771804736	0.052247413333333326	1.3887317327199997
2.2375121010567303	0.05359534333333333	1.3907683672599997
2.239257430308725	0.050446039000000005	1.3903112201233334
2.241002759560719	0.048800697000000004	1.3924541051566666
2.2427480888127134	0.053111577666666666	1.4015570684466667
2.2444934180647076	0.057931125	1.41040856174
2.246238747316702	0.058673867	1.4126698987533333
2.247984076568696	0.05897672799999999	1.4131757038466664
2.2497294058206903	0.059912533999999996	1.4144189222933332
2.2514747350726845	0.05907773666666666	1.41302896407
2.2532200643246787	0.057155283333333334	1.4086702676266667
2.254965393576674	0.05656514666666666	1.4045646190466665
2.256710722828668	0.05518428	1.3992659684566666
2.2584560520806622	0.05398873666666666	1.3936508423766665
2.260201381332657	0.057284909999999994	1.3925824706333334
2.261946710584651	0.06264009	1.39501289705
2.2636920398366454	0.06266244333333333	1.3941223186066667
2.26543736908864	0.06087689333333333	1.3928653772133333
2.2671826983406342	0.06381090666666667	1.3968597128933333
2.2689280275926285	0.06620692333333333	1.3999729444133333
2.2706733568446227	0.06090487333333333	1.39414147631
2.272418686096617	0.055187389	1.3867004174566664
2.274164015348611	0.056003081999999996	1.3856578873533334
2.2759093446006062	0.05801931666666667	1.38636399424
2.2776546738525996	0.05630897966666666	1.3838611042900002
2.279400003104594	0.05626878133333333	1.3839782572466666
2.281145332356588	0.05992125033333333	1.3888766102199999
2.2828906616085836	0.06265498	1.392904619583333
2.284635990860578	0.062469115666666665	1.3933594375533334
2.286381320112572	0.061793891	1.3935357945533333
2.288126649364566	0.059682806000000005	1.393307955833333
2.28987197861656	0.05608535633333332	1.3925580081333333
2.291617307868555	0.053971585333333336	1.3938034127366665
2.2933626371205493	0.053643211999999996	1.3964485382366665
2.2951079663725436	0.05131492733333333	1.39515114619
2.2968532956245378	0.049585878	1.39139682321
2.2985986248765315	0.053040232666666666	1.3897269735599997
2.300343954128526	0.057653154	1.387210564
2.3020892833805204	0.05646364699999999	1.3788456951333334
2.3038346126325147	0.05394747133333334	1.3712033779033332
2.305579941884509	0.055539479333333336	1.3708546231099998
2.307325271136503	0.05623002766666666	1.3727903485366666
2.309070600388498	0.051004552999999994	1.3708810243966667
2.3108159296404924	0.04624924666666667	1.3697628070999999
2.3125612588924866	0.04614884866666666	1.3721351411533331
2.314306588144481	0.046647916	1.3734923606966665
2.316051917396475	0.045404138999999996	1.3718668197500001
2.3177972466484698	0.04581626009999999	1.37154506105
2.319542575900464	0.04737753733333333	1.3728005861833332
2.321287905152458	0.048005037333333334	1.373836744813333
2.3230332344044524	0.04830321243333333	1.3749258017733335
2.324778563656447	0.048576729933333326	1.3756636681233332
2.3265238929084413	0.0460811872	1.37259196737
2.3282692221604355	0.04275557933333333	1.3677373495799998
2.3300145514124297	0.04238132963666666	1.3655849093366665
2.331759880664424	0.04319233573333332	1.3650687556199999
2.333505209916418	0.04087276073333333	1.36239710087
2.3352505391684133	0.03910378416666666	1.3615428138866668
2.3369958684204075	0.041915630266666656	1.3659686173499996
2.3387411976724017	0.04503346623333333	1.3705269565366667
2.340486526924396	0.043222793833333335	1.3695259531499997
2.34223185617639	0.04096972943333333	1.3672223953766665
2.343977185428385	0.041864088699999996	1.3672053803833333
2.345722514680379	0.04199999659999999	1.3666075181733333
2.3474678439323733	0.038595488666666664	1.3637717315733333
2.3492131731843675	0.03609266366666666	1.3630104136233332
2.3509585024363617	0.03593186733333333	1.3649529006966665
2.3527038316883564	0.0357936853	1.367025217803333
2.3544491609403506	0.03527699533333333	1.3684843766066666
2.356194490192345	0.035739013	1.3698592330866666
2.357939819444339	0.03530562233333333	1.3689237371166665
2.3596851486963333	0.03414105633333333	1.3666871886233332
2.3614304779483275	0.03418441033333333	1.3659003532933334
2.3631758072003217	0.034465601666666665	1.3654660334333333
2.364921136452316	0.03185571399999999	1.361856633633333
2.36666646570431	0.02923245966666666	1.35809079082
2.3684117949563044	0.030097803666666666	1.3576080824533332
2.3701571242083	0.031795255	1.3575044875533333
2.371902453460294	0.030118175666666667	1.3539535184166667
2.373647782712288	0.028829170666666667	1.3513624647899998
2.375393111964282	0.03131596033333333	1.3530555977566667
2.3771384412162764	0.03348935866666666	1.3549875517066665
2.3788837704682715	0.03108417133333333	1.3530253234533332
2.3806290997202657	0.028467205333333332	1.35061217083
2.38237442897226	0.028472507666666664	1.3494841556833335
2.384119758224254	0.027832602999999997	1.3471126862966667
2.3858650874762484	0.024718822333333335	1.3429005637766667
2.3876104167282426	0.022822814666666667	1.3405706259866665
2.389355745980237	0.022644018333333328	1.3406046283266664
2.391101075232231	0.022557171	1.3423018727066665
2.3928464044842253	0.022627887666666666	1.3458385858566668
2.3945917337362195	0.023385874333333334	1.3504196628033331
2.3963370629882146	0.022771957333333332	1.3527478673733333
2.398082392240209	0.021562401999999998	1.3535003848866665
2.3998277214922035	0.02141410633333333	1.3543926450933332
2.4015730507441977	0.021170070666666665	1.3539255843766667
2.403318379996192	0.018474579666666664	1.3497363827266666
2.4050637092481866	0.015944305333333332	1.34533879158
2.406809038500181	0.015918394333333332	1.34374881779
2.408554367752175	0.01644693733333333	1.343174277253333
2.4102996970041692	0.014683924333333334	1.3411883091666668
2.4120450262561635	0.013552679666666666	1.3411293326166664
2.4137903555081577	0.015407451333333332	1.3448298414699997
2.415535684760152	0.017384540333333334	1.3489697905833333
2.417281014012146	0.016137510666666667	1.3499468496499998
2.4190263432641403	0.014956691666666664	1.3497235649033332
2.4207716725161346	0.015977528666666668	1.3489790549966667
2.4225170017681297	0.016378349666666667	1.3456310079033333
2.424262331020124	0.014157988	1.3391217225833334
2.426007660272118	0.012610341999999998	1.3329385732499999
2.4277529895241123	0.012590879333333332	1.3283774448233334
2.4294983187761066	0.012471379	1.3256635443766664
2.4312436480281012	0.011814896666666666	1.3253016212866666
2.4329889772800954	0.011825822333333333	1.3276389335799998
2.4347343065320897	0.011497354333333331	1.3307944944033334
2.436479635784084	0.010939343333333332	1.3348728427766665
2.438224965036078	0.010735133333333334	1.3400140845633333
2.4399702942880728	0.010614636333333333	1.34475254904
2.441715623540067	0.009281994666666665	1.3467855796766668
2.443460952792061	0.008137126	1.34718322213
2.4452062820440554	0.008151028	1.34651441237
2.4469516112960497	0.008519932666666665	1.343780425633333
2.448696940548044	0.007664399333333333	1.3381722493466666
2.450442269800038	0.007283955666666665	1.3326736173033331
2.4521875990520323	0.008593213666666667	1.32940957572
2.4539329283040274	0.010160917666666667	1.3281569290033333
2.4556782575560216	0.009824225666666667	1.3276684403466668
2.457423586808016	0.009655875000000001	1.3290269019133334
2.4591689160600105	0.010883821666666665	1.3316020942433333
2.4609142453120048	0.011675360666666666	1.3333190923433333
2.462659574563999	0.010420402333333332	1.3327335499233333
2.464404903815993	0.009516358999999999	1.33129883229
2.466150233067988	0.009667615999999999	1.3294819233266666
2.467895562319982	0.009748982333333333	1.3278427493666665
2.4696408915719763	0.009143654666666667	1.3268012406
2.4713862208239705	0.009148806999999998	1.32686923455
2.4731315500759647	0.009467617333333333	1.3269907353600001
2.47487687932796	0.009848388999999999	1.3273062327533331
2.476622208579954	0.009929114666666666	1.3276402707533332
2.4783675378319483	0.010119744666666666	1.3279829618066665
2.4801128670839416	0.010075204999999999	1.3280243067066666
2.481858196335936	0.010059211666666667	1.3287903029466666
2.4836035255879314	0.009867045	1.3301203638799999
2.4853488548399256	0.009948656	1.3317085362699999
2.48709418409192	0.009885801999999999	1.33260534953
2.488839513343914	0.010172967	1.3329595580066667
2.490584842595908	0.011118753333333332	1.3324889452033333
2.492330171847903	0.012667451	1.33157756862
2.494075501099897	0.013559283666666666	1.3301290063366666
2.4958208303518914	0.014691014999999998	1.3290113936399999
2.4975661596038856	0.016511883666666664	1.3280349889899998
2.49931148885588	0.017992625999999998	1.3270312438033331
2.501056818107874	0.017769811	1.32533441121
2.5028021473598683	0.01734973633333333	1.323304600163333
2.5045474766118625	0.017137454333333333	1.3207495548266666
2.5062928058638567	0.016528128666666662	1.3188864627433332
2.508038135115851	0.015074628666666668	1.3187466214866665
2.509783464367846	0.014145502666666665	1.3211113474166667
2.5115287936198403	0.013911239333333334	1.3253279897333332
2.5132741228718345	0.014308404	1.3314159665266665
2.5150194521238287	0.014764282666666666	1.3378454631866668
2.516764781375823	0.015907833099999998	1.3427219539766668
2.5185101106278176	0.017590566699999997	1.34412750915
2.520255439879812	0.019378984666666668	1.3421227723933333
2.522000769131806	0.020342895033333332	1.3367684352233333
2.5237460983838007	0.021193317933333334	1.3293777437333332
2.525491427635795	0.02174050176666667	1.3211085905866666
2.527236756887789	0.021909288933333333	1.3138381293066668
2.5289820861397834	0.021771200033333334	1.3083903718599998
2.5307274153917776	0.021971439166666665	1.3054668633366666
2.532472744643772	0.021723213199999997	1.3045548002033334
2.534218073895766	0.021792359066666663	1.3061129500666664
2.535963403147761	0.022744099266666668	1.3098200793266666
2.5377087323997554	0.023935782566666664	1.3151851833733332
2.5394540616517496	0.024015354366666665	1.3209071326433333
2.541199390903744	0.024366161323333333	1.3265206550533333
2.542944720155738	0.025335108599999996	1.3302549770366667
2.5446900494077327	0.02598643603333333	1.3310720439133332
2.546435378659727	0.0254986302	1.3284539567766667
2.548180707911721	0.02527076469333333	1.3232430416166665
2.5499260371637154	0.025450096933333333	1.3162478768066666
2.5516713664157096	0.025781163033333332	1.3104007614866666
2.5534166956677042	0.025862758853333334	1.30789090654
2.5551620249196985	0.026653411749999998	1.30937381982
2.5569073541716927	0.028050191786666668	1.31353989273
2.558652683423687	0.02986352536333333	1.3200884957399999
2.560398012675681	0.0315078952	1.3273611210366667
2.5621433419276762	0.03344815003333333	1.3329986177266664
2.5638886711796696	0.035113722699999995	1.3348682758533332
2.565634000431664	0.03653015513333333	1.3341382807866666
2.567379329683658	0.037625767533333326	1.3317323055466668
2.5691246589356522	0.03855425593333334	1.3275934387766666
2.570869988187648	0.038461990499999994	1.32125413135
2.572615317439642	0.03820327063333333	1.3149298148399997
2.5743606466916362	0.038157137933333335	1.3097212798566664
2.57610597594363	0.03789936533333333	1.30551631461
2.5778513051956247	0.03653931676666666	1.3022254363366668
2.5795966344476193	0.03540270683333333	1.3020052077633333
2.5813419636996136	0.034813767366666665	1.3049987931466664
2.5830872929516078	0.034333493	1.3099444107533333
2.584832622203602	0.033340022	1.3149668508366665
2.586577951455596	0.033140321333333334	1.3194750474433334
2.5883232807075904	0.03403124466666666	1.3219117435966665
2.5900686099595847	0.03561848133333333	1.3217580910333333
2.591813939211579	0.036980227	1.3190837030999998
2.593559268463574	0.039072254	1.3153763718133331
2.595304597715568	0.04184072366666667	1.3113764943966668
2.5970499269675624	0.04435637033333334	1.3085332083166665
2.598795256219557	0.045484896	1.30742506018
2.6005405854715513	0.046243781	1.3084209622766665
2.6022859147235455	0.04660424766666667	1.3106646278333332
2.6040312439755398	0.04627053266666667	1.3145206908199998
2.6057765732275344	0.045016186666666666	1.3194958118766664
2.6075219024795286	0.04402770266666667	1.32449894811
2.609267231731523	0.043441536	1.32776195505
2.611012560983517	0.04347321033333333	1.3295464217666666
2.6127578902355113	0.04365018266666666	1.3294412249466667
2.6145032194875055	0.044558873	1.3271237159266667
2.6162485487394997	0.04604391033333333	1.3225744786033333
2.617993877991494	0.047591023999999996	1.3177426842166666
2.619739207243488	0.048087065333333325	1.31349828348
2.6214845364954824	0.048287294999999994	1.3103469678933333
2.6232298657474775	0.048013018	1.3078307523900001
2.6249751949994717	0.04706907466666666	1.3067402422166665
2.626720524251466	0.04570559933333333	1.3071578327333333
2.62846585350346	0.044974736999999994	1.3085884241399999
2.6302111827554544	0.04423031266666666	1.30970971671
2.631956512007449	0.044577533	1.3118726689966667
2.6337018412594433	0.046940151666666666	1.3155282937833332
2.6354471705114375	0.05014750766666666	1.3188863878200001
2.6371924997634317	0.05212244566666666	1.3197482679666666
2.638937829015426	0.054491434333333325	1.3198521941966668
2.6406831582674206	0.057527483666666664	1.31983406199
2.642428487519415	0.059098423	1.3185009157766667
2.644173816771409	0.05776420066666667	1.3153271059699998
2.6459191460234033	0.055785814999999996	1.3131757126333332
2.6476644752753975	0.05398123866666667	1.3128876789166666
2.6494098045273917	0.05158621	1.313213155613333
2.651155133779386	0.047951866666666655	1.3126627387166665
2.652900463031381	0.045693696333333325	1.3126568156566667
2.6546457922833753	0.046279324999999996	1.3133966963333332
2.6563911215353695	0.048154182999999996	1.31341124981
2.658136450787364	0.04909464966666667	1.3112922828499998
2.6598817800393584	0.05142746133333333	1.3092806455666666
2.6616271092913526	0.055739687999999996	1.3081166415966667
2.663372438543347	0.058707987999999996	1.30652936712
2.665117767795341	0.05826299166666666	1.3039020502999998
2.6668630970473353	0.057444273	1.3026587795
2.66860842629933	0.05676648033333333	1.3029837646933333
2.6703537555513237	0.05488447233333333	1.3043373873466666
2.6720990848033184	0.05211490666666666	1.3065725578366667
2.673844414055312	0.050630256666666665	1.3100814124666664
2.6755897433073077	0.05024968999999999	1.3135261788900001
2.677335072559302	0.05114455033333333	1.31717460616
2.679080401811296	0.05311692666666666	1.3210011124799999
2.6808257310632904	0.05599756	1.3244912043033334
2.6825710603152837	0.05886138666666667	1.3266041992
2.6843163895672792	0.06146686366666666	1.3282330542633334
2.6860617188192735	0.06276483	1.3290944243933334
2.6878070480712677	0.06286413666666665	1.3283969669566666
2.689552377323262	0.06137007	1.3252411630066665
2.691297706575256	0.05880207	1.3215617488066667
2.6930430358272504	0.05600870333333333	1.3189602173466666
2.694788365079245	0.05375443333333333	1.3173983884333333
2.696533694331239	0.05117474666666666	1.3156956799033332
2.6982790235832335	0.050270739999999994	1.3162390849999999
2.7000243528352272	0.05254366666666667	1.31990367566
2.701769682087222	0.05583281	1.3235291304066665
2.703515011339216	0.05742795666666667	1.3242970390700002
2.7052603405912103	0.060107483333333336	1.32582392728
2.7070056698432046	0.06466084999999999	1.3298543910366665
2.708750999095199	0.06746253999999999	1.3332912840833333
2.710496328347194	0.06633357000000001	1.3339391142433332
2.712241657599188	0.06502154666666667	1.3354162386233333
2.7139869868511823	0.06496002666666667	1.3383146228266667
2.7157323161031766	0.06365563666666665	1.3386313402633334
2.7174776453551712	0.0596825	1.3340982357866666
2.7192229746071654	0.05726358666666666	1.3292374374633333
2.7209683038591597	0.05828982	1.32628885458
2.722713633111154	0.059353256666666666	1.32248011582
2.7244589623631486	0.05777449	1.3160765346733332
2.7262042916151423	0.05767935999999999	1.31157066087
2.727949620867137	0.06027242	1.3101925160533332
2.729694950119131	0.06114466999999999	1.3083393778566665
2.7314402793711254	0.05826355666666666	1.3046600304033333
2.7331856086231197	0.056214963333333326	1.3037309802800001
2.734930937875114	0.055979666666666664	1.3065928937666664
2.736676267127109	0.05477912666666666	1.3106947831366667
2.738421596379103	0.052029886666666664	1.3147584972466666
2.7401669256310974	0.05109576	1.3206442381166665
2.7419122548830916	0.05238529333333333	1.3272906843733332
2.743657584135086	0.054233423333333336	1.3324742232566664
2.7454029133870805	0.055567633333333324	1.3350194375633333
2.7471482426390748	0.058100473333333326	1.3361782612266666
2.748893571891069	0.061576773333333334	1.3356104529766668
2.750638901143063	0.06412957	1.3330320225499999
2.7523842303950574	0.06461079666666666	1.3286886949299999
2.754129559647052	0.06463774666666666	1.324041235363333
2.755874888899046	0.06386260666666665	1.3191077633066666
2.7576202181510405	0.062048316666666666	1.3155278237199999
2.7593655474030343	0.06003001333333333	1.3147580618299999
2.761110876655029	0.05848627666666667	1.3163041476466666
2.762856205907024	0.056163393333333325	1.31810456972
2.7646015351590183	0.05481456	1.3220167083233334
2.7663468644110116	0.055542459999999995	1.32871038391
2.768092193663006	0.05627994333333333	1.3351738315733332
2.769837522915	0.055078296666666665	1.3390849941433332
2.7715828521669956	0.054894160000000004	1.3440811932533334
2.77332818141899	0.05649287333333333	1.3509990223566668
2.775073510670984	0.057144640000000003	1.3554920424666665
2.7768188399229783	0.055289636666666656	1.3545201061133334
2.7785641691749725	0.05442096	1.3520603812066665
2.780309498426967	0.05586175333333333	1.3499992604133333
2.782054827678961	0.056897283333333326	1.3454574699233333
2.7838001569309556	0.05550986	1.3375638010133333
2.7855454861829494	0.05587507333333334	1.3329496581666667
2.787290815434944	0.059624123333333334	1.33403372116
2.7890361446869383	0.06220521999999999	1.3351744771833334
2.7907814739389325	0.06066682999999999	1.3324296894133332
2.7925268031909276	0.0601622	1.33081874249
2.794272132442922	0.06220467666666666	1.3318425287499998
2.796017461694916	0.06176851999999999	1.3306569527466667
2.7977627909469107	0.05695346999999999	1.3262201389666668
2.799508120198905	0.05371431	1.3258280407633332
2.801253449450899	0.05381805666666667	1.3312920824333332
2.8029987787028934	0.05305248666666666	1.3367213899833335
2.8047441079548876	0.049646093333333335	1.3385771760599998
2.8064894372068823	0.04899836666666666	1.3413990383366665
2.808234766458876	0.05263949333333333	1.3461707257766666
2.8099800957108707	0.055374646666666666	1.3481588644766664
2.8117254249628645	0.05425475333333333	1.3459550232299997
2.813470754214859	0.05462238	1.3460115319999997
2.8152160834668534	0.05757293333333333	1.3495540993433333
2.8169614127188476	0.05755660666666666	1.3509888119933333
2.818706741970842	0.05293743333333334	1.3478678992133333
2.820452071222836	0.049589706666666664	1.3447716977633333
2.8221974004748303	0.048427439999999995	1.34235431261
2.8239427297268254	0.04620749	1.3383677602433333
2.8256880589788196	0.0428572	1.3336792218266666
2.827433388230814	0.04216905333333333	1.3325322175533332
2.829178717482808	0.044285356666666664	1.3348756191133333
2.8309240467348022	0.04732532666666667	1.3384312627866666
2.832669375986797	0.050110213333333334	1.3414020909466666
2.834414705238791	0.05432922666666666	1.3442185259933332
2.8361600344907854	0.05955795999999999	1.3458228632
2.8379053637427796	0.06311206333333333	1.3454081922299999
2.839650692994774	0.06333581666666666	1.3431483931966666
2.841396022246768	0.06242013	1.3407272610366665
2.8431413514987627	0.06013472666666665	1.3376869323266665
2.8448866807507565	0.055915483333333335	1.3347379449499999
2.846632010002751	0.05132849666666667	1.3328145838233332
2.8483773392547453	0.04769547333333333	1.3309931263766668
2.8501226685067405	0.04359255666666666	1.32734557662
2.8518679977587347	0.04150847333333333	1.3254699957466667
2.853613327010729	0.04298161666666667	1.3274925315866666
2.855358656262723	0.04465887666666666	1.3302519386833334
2.8571039855147173	0.04440982333333333	1.3318812101633333
2.858849314766712	0.046252539999999995	1.33705566219
2.8605946440187062	0.05010339666666667	1.3457700821333332
2.8623399732707004	0.052349886666666665	1.3526416492433333
2.8640853025226947	0.05215077	1.3552386965266667
2.865830631774689	0.05194978	1.3572934842733333
2.8675759610266836	0.051429459999999996	1.3593976587866665
2.8693212902786778	0.04953800666666666	1.3589122534133333
2.871066619530672	0.04571744666666666	1.3552061681399998
2.872811948782666	0.04300239333333333	1.3535823782933332
2.87455727803466	0.043529616666666666	1.3559478618633334
2.8763026072866555	0.04466542	1.35733548373
2.8780479365386498	0.04334711	1.3540902729
2.879793265790644	0.04446044666666666	1.3519454417733334
2.881538595042638	0.04953047	1.3528829662999997
2.8832839242946324	0.05174007666666666	1.3508077528733333
2.885029253546627	0.048413963333333324	1.3442519054266668
2.8867745827986213	0.04688366	1.3419523663466664
2.8885199120506155	0.04829529333333333	1.34545321952
2.8902652413026098	0.04687276666666666	1.34730416869
2.892010570554604	0.04170726333333333	1.3447590190699998
2.893755899806598	0.03895062333333334	1.3442612187266667
2.895501229058593	0.039680433333333334	1.3469868527066666
2.8972465583105866	0.03958362666666666	1.3476359588333333
2.8989918875625813	0.036904809999999996	1.34497343534
2.900737216814575	0.03752679666666666	1.3462471160633331
2.9024825460665697	0.043169473333333326	1.3523996295799998
2.904227875318564	0.04706579	1.3552238866199997
2.905973204570558	0.04572997666666667	1.3507697131566667
2.9077185338225524	0.046393489999999996	1.3461292971433334
2.9094638630745466	0.05016408	1.3431620583266666
2.9112091923265417	0.049549753333333335	1.3366311893233331
2.912954521578536	0.04350404	1.3272211945866665
2.91469985083053	0.03986676	1.32338155894
2.916445180082525	0.03922630666666666	1.3255236554866667
2.918190509334519	0.03700503333333333	1.3277124263466666
2.9199358385865133	0.03310616333333333	1.3279601352133332
2.921681167838508	0.03226163333333333	1.3299406291099998
2.9234264970905017	0.034711553333333325	1.3332297586133333
2.9251718263424964	0.03702687666666667	1.3344736525666667
2.92691715559449	0.03740701666666667	1.3325970360600001
2.928662484846485	0.03954526666666666	1.3310270763133334
2.930407814098479	0.043762633333333335	1.3293635470933334
2.9321531433504733	0.045322623333333326	1.3238433762766668
2.9338984726024675	0.04255086	1.31365631987
2.9356438018544617	0.04056716	1.3036862298066665
2.937389131106457	0.039816603333333325	1.2956645036633332
2.939134460358451	0.03709389666666667	1.28910461855
2.9408797896104453	0.03275074	1.2851249644966665
2.9426251188624395	0.03058544666666667	1.2866163879899999
2.9443704481144337	0.03042044333333333	1.2927642018199998
2.9461157773664284	0.030788990000000002	1.3019707196699999
2.9478611066184226	0.031070713333333333	1.3130578923399998
2.949606435870417	0.033227919999999994	1.3263289601633332
2.951351765122411	0.03739251	1.34001370784
2.9530970943744053	0.04085701333333333	1.3511066057166663
2.9548424236264	0.04145130666666667	1.3563665286233333
2.956587752878394	0.0421551	1.3552449005166667
2.9583330821303884	0.04292003	1.34676342509
2.960078411382382	0.040798346666666666	1.33217428781
2.961823740634377	0.036354156666666665	1.31522428432
2.963569069886372	0.033035636666666666	1.2997542923433334
2.965314399138366	0.029926156666666665	1.28678186969
2.9670597283903604	0.02760497333333333	1.2794286678966664
2.9688050576423537	0.027538666666666663	1.2781874564566666
2.970550386894349	0.028224733333333335	1.2790283226199999
2.9722957161463435	0.028109539999999995	1.2799809094199999
2.9740410453983377	0.030216479999999997	1.2860772569766665
2.975786374650332	0.033984516666666666	1.2984262373233333
2.977531703902326	0.03704014333333333	1.3135140871533333
2.9792770331543204	0.03935809	1.3289848053433333
2.981022362406315	0.04142986	1.3444608919833332
2.982767691658309	0.041362076666666664	1.3552221783133334
2.9845130209103035	0.039950066666666666	1.3565399455566667
2.9862583501622977	0.03736120333333333	1.3479223097066666
2.988003679414292	0.03363343866666667	1.3353351717933333
2.989749008666286	0.030117029999999996	1.3241930402266666
2.9914943379182812	0.027722796666666664	1.3157231687633333
2.9932396671702755	0.024919397333333333	1.3096099156033332
2.9949849964222697	0.02417689733333333	1.3094844130399999
2.996730325674264	0.026379026333333333	1.3139272221133331
2.9984756549262586	0.027888880000000005	1.3159747925133332
3.000220984178253	0.027441478666666665	1.3140248498366667
3.001966313430247	0.02911753066666667	1.3152702811433332
3.0037116426822412	0.032117566666666666	1.3211152222433333
3.0054569719342354	0.033558286666666666	1.3267385029766667
3.00720230118623	0.033278762	1.3295067817699997
3.008947630438224	0.032982984333333326	1.33131652954
3.0106929596902186	0.03232880333333333	1.3301262973533332
3.0124382889422123	0.030722736666666667	1.3217459645
3.014183618194207	0.027286289999999998	1.3071295115933332
3.015928947446201	0.025307860333333335	1.2960982510533334
3.0176742766981954	0.026689220000000003	1.2934741420133333
3.0194196059501897	0.02735616333333333	1.2940772214866667
3.021164935202184	0.02491989366666667	1.294670978413333
3.022910264454178	0.025556713666666665	1.30103380916
3.024655593706173	0.029482140000000004	1.3118025813799998
3.0264009229581674	0.030646258666666665	1.3190521928066667
3.0281462522101616	0.02914921133333333	1.3234303727333332
3.029891581462156	0.029931968999999996	1.333587031073333
3.03163691071415	0.03122765833333333	1.3486755286766665
3.0333822399661448	0.030553308	1.3612690759400001
3.035127569218139	0.028099709	1.367607789453333
3.036872898470133	0.025823601399999997	1.3698784888733333
3.0386182277221274	0.024814094999999998	1.3677672435733332
3.040363556974122	0.023995975333333336	1.3585920451
3.042108886226116	0.021254566266666667	1.3440546515533331
3.0438542154781105	0.0212976676	1.3343296496866668
3.0455995447301047	0.02551086833333333	1.33262687798
3.047344873982099	0.026578193333333333	1.3315027578299998
3.049090203234093	0.022803166166666666	1.3282525114633332
3.0508355324860883	0.022591772	1.3301251529666667
3.0525808617380825	0.025460797	1.3361571763033333
3.0543261909900767	0.026218973	1.3394014146966664
3.056071520242071	0.02634254733333333	1.3399586838166666
3.057816849494065	0.02833088933333333	1.34302512662
3.05956217874606	0.02974131666666667	1.3466386370466665
3.061307507998054	0.029945803333333333	1.3454003910733334
3.0630528372500487	0.027964653666666662	1.33783627489
3.0647981665020425	0.026640278666666663	1.3313282905266666
3.0665434957540367	0.03036014	1.3304158049333332
3.0682888250060314	0.03385296333333333	1.3285027811466668
3.0700341542580256	0.03118747	1.3218086582366664
3.07177948351002	0.03343289199999999	1.3219755859366666
3.073524812762014	0.042538503333333325	1.3302835414233334
3.075270142014008	0.041507873333333334	1.3321003212966664
3.0770154712660034	0.029718515666666667	1.3281087579066666
3.0787608005179976	0.025236308333333332	1.3363757978633333
3.080506129769992	0.026737686666666663	1.3565508860633333
3.082251459021986	0.02441866333333333	1.3753737485266666
3.0839967882739803	0.02215639633333333	1.3907396204133333
3.085742117525975	0.023509164666666665	1.40615799937
3.087487446777969	0.02403527333333333	1.4167987632833334
3.0892327760299634	0.02377807933333333	1.4185730682833333
3.0909781052819576	0.022213653333333333	1.4139843677966664
3.092723434533952	0.022160159999999998	1.4127097895633334
3.094468763785946	0.02931278733333333	1.4188702286466666
3.0962140930379407	0.03627014	1.421804315663333
3.0979594222899345	0.034691795666666664	1.4138122403
3.099704751541929	0.038409672666666665	1.4079357598366666
3.101450080793923	0.049390823333333334	1.4093706058933333
3.1031954100459176	0.046530513333333336	1.4067582132966667
3.104940739297912	0.031222606666666666	1.4046790014566666
3.106686068549906	0.025804010000000002	1.4210941072933334
3.1084313978019003	0.02769997666666666	1.4468396172733335
3.1101767270538954	0.02534956333333333	1.4570061081733332
3.1119220563058896	0.022649919999999997	1.4453059372566666
3.113667385557884	0.023628526666666667	1.4244482972666666
3.1154127148098785	0.026211156666666666	1.40822930651
3.1171580440618727	0.027628346666666664	1.4068875755433332
3.118903373313867	0.02311525333333333	1.4300614706066668
3.120648702565861	0.025331013333333333	1.4901296960566666
3.122394031817856	0.04533879666666667	1.5718446827499997
3.1241393610698496	0.05525583666666667	1.6188977161633336
3.1258846903218442	0.04061350666666666	1.6011675772433334
3.127630019573838	0.04130243333333333	1.5604093421433334
3.1293753488258327	0.06158566333333333	1.5421782076999997
3.131120678077827	0.05405032	1.5681209763566664
3.132866007329821	0.028053046666666668	1.6965864855366668
3.1346113365818153	0.02815753333333333	1.9882935931633332
3.1363566658338096	0.03998611666666666	2.4013165640966663
3.1381019950858047	0.042511083333333324	2.810376536093333
3.139847324337799	0.062101037666666664	3.111549956953333
3.141592653589793	0.12201063266666667	3.2701389933