# O(3P)+CO2(000; j=0) -> O(3P)+CO2(000; j') scattering, statistically averaged (3A2+3B2+3B1) potential energy surfaces
# Differential cross sections; packaged by M. Gacesa (marko.gacesa@nasa.gov), Apr 30 2019
# E = 2.26147 eV
# theta(rad)                 elastic DCS                total DCS (both in units of 1E-16 cm^2/Sr)
0.	3.394847e6	3.4698123976245336e6
0.0017453292519943296	2.3668346666666665e6	2.4119416913733333e6
0.003490658503988659	789591.3666666665	798805.6017379999
0.005235987755982989	173652.86666666667	180054.27282633333
0.006981317007977318	87349.24666666666	95308.98858366665
0.008726646259971648	56086.572	61261.37681950333
0.010471975511965978	31223.56333333333	35077.7340538
0.012217304763960305	13617.213333333333	17508.39361383333
0.013962634015954637	12660.537666666665	16135.751182486667
0.015707963267948967	12291.081	14317.915733113334
0.017453292519943295	5506.905666666667	7197.09903503
0.019198621771937624	3567.640666666666	5991.0354823
0.020943951023931956	4339.696	6537.140190533333
0.02268928027592628	3385.5724333333333	4767.77597898
0.02443460952792061	1710.7540666666666	2867.36923863
0.02617993877991494	644.0138766666666	2031.6477989199998
0.027925268031909273	1005.5465	2333.3195927566667
0.029670597283903602	1160.8509999999999	2035.5073857266666
0.031415926535897934	512.5618999999999	1224.6822888563333
0.03316125578789226	237.29344666666663	1143.9527418936666
0.03490658503988659	371.19326666666666	1248.889835236
0.03665191429188092	380.18376666666666	972.9949274999999
0.03839724354387525	208.29306333333332	649.2915162333334
0.040142572795869566	69.56174666666666	585.212152048
0.04188790204786391	114.59608666666668	685.6027101803334
0.043633231299858244	165.29293333333334	612.426038115
0.04537856055185256	113.32377333333332	422.01652523666667
0.047123889803846894	58.12638333333334	365.03589170966666
0.04886921905584122	65.41466033333333	408.09873941566667
0.05061454830783555	88.81093333333334	400.5879368803333
0.05235987755982988	73.37110333333334	324.5347190946667
0.054105206811824215	59.925946666666675	283.84199816766665
0.05585053606381855	66.27299333333333	290.61935622933333
0.05759586531581287	54.69493666666666	266.2200134926667
0.059341194567807204	47.91924999999999	235.09756790066672
0.061086523819801536	48.618943333333334	225.32515228833336
0.06283185307179587	46.909526666666665	222.714502467
0.0645771823237902	55.33154	221.56048810433333
0.06632251157578452	47.14538666666667	195.70534315999998
0.06806784082777885	34.31695	173.9301969363333
0.06981317007977318	39.98798	180.11558061333335
0.0715584993317675	34.40273	170.56793098999998
0.07330382858376185	28.06135333333333	155.915150759
0.07504915783575618	32.07948333333333	152.064106046
0.0767944870877505	29.520340666666662	144.54968293466666
0.07853981633974483	32.020986666666666	146.462234936
0.08028514559173913	29.57222	140.43512204066667
0.08203047484373349	19.135179	124.04093288833333
0.08377580409572782	20.755316666666666	122.46022533733334
0.08552113334772216	20.843813	118.5173236466
0.08726646259971649	18.38494933333333	113.81331582763335
0.08901179185171079	20.758466666666667	115.9696762956
0.09075712110370512	16.910981666666665	108.47325610433332
0.09250245035569944	17.383673333333334	105.62696546136667
0.09424777960769379	18.442626666666662	104.3509937354
0.09599310885968812	11.929523333333332	95.5694112043
0.09773843811168244	11.713206999999999	95.40863176066667
0.09948376736367677	11.505491	92.65873003256667
0.1012290966156711	9.993713333333332	86.51478441933332
0.10297442586766543	14.326516666666665	89.26126428473333
0.10471975511965977	11.94259	86.19649834359998
0.10646508437165408	9.576674666666666	83.75125326679999
0.10821041362364843	10.995541	83.7938604983
0.10995574287564276	6.949039333333333	74.97130691779999
0.1117010721276371	6.906757	71.94456831789999
0.11344640137963143	8.639907333333333	73.03642090689999
0.11519173063162574	6.518260333333332	70.57820573683333
0.11693705988362009	9.262128666666666	73.6595856862
0.11868238913561441	8.986439999999998	71.4600634524
0.12042771838760875	5.508937666666666	65.0053752165
0.12217304763960307	5.937144000000001	63.9349283057
0.12391837689159738	4.156239666666666	60.40887523796667
0.12566370614359174	4.114358666666666	59.640133095033335
0.12740903539558604	6.886562666666666	62.32822995019999
0.1291543646475804	5.44979	59.27276324826667
0.13089969389957473	5.714934666666666	58.15247020626666
0.13264502315156904	5.833563333333332	56.602242009966666
0.1343903524035634	3.728209333333333	52.39199435163333
0.1361356816555577	4.756105666666667	52.75005885623333
0.13788101090755206	4.4883343333333325	51.578365749
0.13962634015954636	3.782935666666667	49.43478102383333
0.1413716694115407	6.143412333333332	50.7527304865
0.143116998663535	5.668143333333333	48.77843295653333
0.14486232791552936	5.251108333333333	47.569272641299996
0.1466076571675237	5.559888666666667	47.60808477566667
0.148352986419518	3.472802333333333	44.31742593943333
0.15009831567151236	3.931065333333333	43.59299762926666
0.15184364492350666	5.246677666666666	43.85733049493332
0.153588974175501	4.511816	42.44949349343333
0.15533430342749535	5.410563	43.67551366693333
0.15707963267948966	4.8241819999999995	42.82213121323333
0.158824961931484	3.3812686666666663	40.38881953686666
0.16057029118347826	3.9877973333333334	40.105752957499995
0.16231562043547265	3.3655996666666668	38.599646434933334
0.16406094968746698	2.9166323333333333	38.0602638291
0.16580627893946132	3.803115333333333	39.15209157923333
0.16755160819145565	3.0687186666666664	37.86548760423333
0.16929693744344992	2.9674099999999997	37.19067806383333
0.1710422666954443	2.9630556666666665	36.5977776473
0.17278759594743864	1.788429	34.8923769892
0.17453292519943298	1.812004	34.86806067843333
0.17627825445142725	1.9644806666666663	34.59565274806667
0.17802358370342158	1.6577793333333333	33.5473208068
0.17976891295541597	2.2431266666666665	33.6252241722
0.18151424220741025	1.9516146666666665	32.679353310833335
0.18325957145940458	1.6381045333333333	31.887117576333328
0.18500490071139888	1.8997296666666665	31.795274211233334
0.18675022996339324	1.5180619999999998	30.688750201833333
0.18849555921538758	1.6448286666666665	30.133399163666667
0.1902408884673819	2.129062	30.004533379866665
0.19198621771937624	1.9448756666666664	29.137784204333332
0.19373154697137057	2.394130333333333	29.137575918766665
0.19547687622336488	2.471350666666667	28.733250029199997
0.19722220547535924	1.9887076666666665	27.662395346433332
0.19896753472735354	2.184368666666667	27.351088021899997
0.2007128639793479	2.1988356666666666	26.849337661233335
0.2024581932313422	2.0321656666666668	26.3190751682
0.20420352248333656	2.458803333333333	26.506599242866663
0.20594885173533087	2.2870336666666664	25.9454658304
0.20769418098732523	2.012277	25.261591340666662
0.20943951023931953	2.084686666666667	24.97044769713333
0.2111848394913139	1.7666916666666665	24.44412477133333
0.21293016874330817	1.5265626666666665	24.263332993366667
0.21467549799530256	1.6850158999999998	24.410721660966665
0.21642082724729686	1.5158006666666666	23.985155087966664
0.2181661564992912	1.4735756666666666	23.619667717999995
0.21991148575128552	1.4348036666666666	23.29184266463333
0.22165681500327983	1.0807418666666666	22.8427684732
0.2234021442552742	0.9245279	22.7089071059
0.22514747350726852	1.0680341333333332	22.703981469733336
0.22689280275926285	1.0327609333333334	22.379538164899998
0.22863813201125716	1.0629627999999998	22.162978585666668
0.2303834612632515	0.9746561333333332	21.885789701833335
0.23212879051524585	0.7761506333333333	21.519797921766667
0.23387411976724018	0.842168	21.333783739766666
0.23561944901923448	1.0467548666666666	21.16054023363333
0.23736477827122882	1.019147933333333	20.803756781566666
0.23911010752322315	1.018270933333333	20.651658028366665
0.2408554367752175	0.9525231666666667	20.439892512099995
0.24260076602721184	0.9828995333333332	20.201451020566665
0.24434609527920614	1.1793673666666664	20.054672617599998
0.24609142453120048	1.2090393666666668	19.721807050699997
0.24783675378319475	1.074235133333333	19.3204937599
0.24958208303518917	1.085654	19.160168860966664
0.25132741228718347	1.0918929333333334	18.8757583843
0.2530727415391778	1.314361	18.76667866663333
0.2548180707911721	1.421949	18.668749676233332
0.25656340004316636	1.1395220333333334	18.244466231733334
0.2583087292951608	0.9882119666666667	17.97211107593333
0.26005405854715513	1.058771333333333	17.819397266533333
0.26179938779914946	1.1015897999999997	17.481112910833332
0.2635447170511437	1.3625986666666665	17.499420947233332
0.26529004630313807	1.2464876666666664	17.33366850303333
0.26703537555513246	0.8468801666666665	16.899773148766663
0.2687807048071268	0.8360195333333333	16.801753565466665
0.270526034059121	0.8905119	16.634739460566664
0.2722713633111154	0.8889223999999999	16.433952819366667
0.2740166925631097	1.0322826333333333	16.605478867633334
0.2757620218151041	0.7655896333333333	16.3616469679
0.27750735106709834	0.5795396666666666	16.039834513733332
0.2792526803190927	0.7203907333333334	15.923330779899999
0.280998009571087	0.6497488666666666	15.5710911486
0.2827433388230814	0.5949415333333332	15.487828115900001
0.2844886680750758	0.6097346666666665	15.649854969466666
0.28623399732707	0.42698866666666657	15.427966791066668
0.28797932657906433	0.6134455	15.3934633827
0.2897246558310587	0.7554664	15.218982139033333
0.291469985083053	0.5444088333333333	14.7624359534
0.2932153143350474	0.46747246666666664	14.679690580399999
0.29496064358704166	0.3998101333333333	14.569643538333333
0.296705972839036	0.4340585666666666	14.373751141899998
0.2984513020910303	0.8326663666666667	14.562778999499999
0.3001966313430247	0.8216212666666666	14.413170371266666
0.301941960595019	0.5977751666666666	14.182723812733332
0.3036872898470133	0.5296918333333333	14.1297970231
0.30543261909900765	0.40093309999999993	13.752919026166666
0.307177948351002	0.5719880666666667	13.577084627766666
0.3089232776029963	0.8799942666666666	13.711142426066667
0.3106686068549907	0.7207699666666667	13.560156940833332
0.312413936106985	0.6719360666666666	13.658432138733334
0.3141592653589793	0.6501449666666665	13.642538516466667
0.31590459461097364	0.4919117	13.233348778833331
0.317649923862968	0.6299381333333333	13.148175065666667
0.3193952531149623	0.6677375666666667	13.090576924699997
0.32114058236695653	0.49893866666666664	12.925377271466667
0.32288591161895097	0.6915765	13.153722193466665
0.3246312408709453	0.7237552666666667	13.041841812066666
0.32637657012293964	0.5955922666666666	12.715253841900001
0.32812189937493397	0.5993858	12.6572487892
0.32986722862692824	0.4092200666666666	12.431566701499998
0.33161255787892263	0.3579855666666667	12.347837932866668
0.3333578871309169	0.6632252333333333	12.563863385466664
0.3351032163829113	0.6902650666666666	12.3783698059
0.3368485456349056	0.6212759333333333	12.193011847433334
0.33859387488689985	0.4952071	12.036818089899999
0.34033920413889424	0.24675706666666666	11.695596666433332
0.3420845333908886	0.3341974666666666	11.7068926824
0.3438298626428829	0.5618774	11.847667913066665
0.3455751918948773	0.5361563	11.738304769366666
0.34732052114687156	0.5266114666666666	11.746028977333333
0.34906585039886595	0.3567172666666667	11.496783893733332
0.3508111796508603	0.20995866666666665	11.137713247296666
0.3525565089028545	0.35597146666666657	11.136066063623332
0.3543018381548489	0.40327006666666665	11.118463371966666
0.35604716740684317	0.3556881666666667	11.112022798683334
0.35779249665883756	0.41306279999999995	11.234586683283334
0.35953782591083194	0.31228069999999997	10.98366993635
0.3612831551628262	0.3376401	10.751488277876668
0.3630284844148205	0.4322752666666666	10.696247043443332
0.3647738136668149	0.3060525666666667	10.548736525873332
0.36651914291880916	0.28531223333333333	10.607662377719999
0.36826447217080355	0.3902418666666666	10.70744680384
0.37000980142279777	0.3977272333333333	10.499496535596666
0.3717551306747922	0.5461757666666666	10.422262137146667
0.3735004599267865	0.5262157333333333	10.310955758976666
0.3752457891787809	0.3081753333333333	10.13347088315
0.37699111843077515	0.3245772333333333	10.229809906066667
0.3787364476827695	0.4225979999999999	10.253831210896667
0.3804817769347638	0.4836570666666667	10.101058772243334
0.38222710618675815	0.6378802333333333	10.087116692283335
0.3839724354387525	0.5223610999999999	9.907763085346666
0.38571776469074687	0.3264421	9.759171804363334
0.38746309394274114	0.36200483333333333	9.855351954336665
0.3892084231947355	0.4044868	9.847243618186667
0.39095375244672975	0.44123323333333336	9.790730099326666
0.39269908169872414	0.5054651333333333	9.775490197726665
0.39444441095071847	0.36102653333333334	9.541527817216664
0.3961897402027128	0.27340786666666667	9.39557811357
0.3979350694547071	0.3145844666666666	9.385037524413331
0.39968039870670136	0.3059569666666666	9.333413318033333
0.4014257279586958	0.30995707666666666	9.368965700813334
0.4031710572106902	0.2940756666666666	9.3761294191
0.4049163864626844	0.19408076666666665	9.202552617599999
0.4066617157146788	0.22569946666666665	9.10359363589
0.4084070449666731	0.25319063333333336	8.980647215453333
0.41015237421866746	0.2092354333333333	8.860354020743333
0.41189770347066174	0.19708633	8.886319982503332
0.413643032722656	0.1585546333333333	8.871608966976666
0.41538836197465046	0.13280781999999997	8.777009438783333
0.4171336912266447	0.2336010333333333	8.745309219089998
0.41887902047863906	0.2431891	8.615123298706665
0.42062434973063334	0.19201786666666668	8.51666475045
0.4223696789826278	0.1773533	8.531643052953331
0.4241150082346221	0.15245469666666667	8.49216507641
0.42586033748661634	0.17932396666666667	8.41953588266
0.4276056667386108	0.28536306666666666	8.366119239153333
0.4293509959906051	0.2887871333333333	8.217220426899999
0.43109632524259933	0.26836899999999997	8.141556217296666
0.4328416544945937	0.27058129999999997	8.152606910843332
0.434586983746588	0.2668450333333333	8.134538098099998
0.4363323129985824	0.3029261	8.098328099069999
0.43807764225057666	0.3644122333333333	8.018647223573332
0.43982297150257105	0.34908653333333334	7.8381804015766665
0.44156830075456543	0.3527275666666666	7.7346160204866665
0.44331363000655966	0.37212796666666664	7.714703586006667
0.445058959258554	0.37803359999999997	7.726574283953333
0.4468042885105484	0.3885721	7.7509022280833335
0.44854961776254265	0.3865938	7.708659839513333
0.45029494701453704	0.3273908333333333	7.54423846047
0.4520402762665313	0.3095598	7.413071867179999
0.4537856055185257	0.32088076666666665	7.35758868113
0.45553093477052	0.32522156666666663	7.378095807283334
0.4572762640225143	0.3116131666666666	7.437836416206666
0.45902159327450864	0.2789608333333333	7.44539240755
0.460766922526503	0.20858273333333333	7.327008715503333
0.46251225177849725	0.17636933666666668	7.197969344813334
0.4642575810304917	0.17335321333333334	7.123387391186666
0.46600291028248597	0.1763324	7.138963451963333
0.46774823953448036	0.1576658	7.201805887719999
0.4694935687864746	0.12838354666666665	7.217346508776666
0.47123889803846897	0.09611675666666666	7.115229382903333
0.4729842272904633	0.09720423	6.979287095486667
0.47472955654245763	0.09602288666666665	6.866115146816666
0.4764748857944519	0.10948936666666667	6.864673922626666
0.4782202150464463	0.11416521000000002	6.950213407053333
0.4799655442984406	0.10244006000000001	6.995904346466666
0.481710873550435	0.11249922333333331	6.931872937706666
0.48345620280242924	0.15026354666666666	6.7987275554133335
0.4852015320544237	0.13349867333333332	6.607830030753334
0.48694686130641796	0.13880030999999998	6.5291161271
0.4886921905584123	0.1685654033333333	6.601882099956666
0.49043751981040656	0.17515796666666664	6.6842205932733325
0.49218284906240095	0.21366846666666667	6.712954235780001
0.4939281783143953	0.27084316666666663	6.661138714956666
0.4956735075663895	0.22720533333333331	6.459690115006667
0.4974188368183839	0.20635806666666667	6.32350003598
0.49916416607037833	0.23085889999999998	6.340152198066666
0.5009094953223726	0.23179156666666667	6.401415521683333
0.5026548245743669	0.2756496333333333	6.489378400783332
0.5044001538263612	0.3353964333333333	6.5225982732266665
0.5061454830783556	0.2859826666666666	6.3765705179099985
0.5078908123303499	0.25992703333333333	6.259176978759999
0.5096361415823442	0.25831163333333335	6.235596747
0.5113814708343385	0.22500353333333334	6.250013355526666
0.5131268000863327	0.2462212666666667	6.3404626284233325
0.5148721293383272	0.28493009999999996	6.38876918118
0.5166174585903216	0.24493496666666664	6.27423852789
0.5183627878423158	0.23996106666666664	6.182830131203334
0.5201081170943103	0.21868189999999998	6.124375656896667
0.5218534463463045	0.15501089666666668	6.099946193136667
0.5235987755982989	0.14671271333333333	6.174102790543333
0.5253441048502931	0.15163664	6.196851235233333
0.5270894341022874	0.12221403333333333	6.084321249310001
0.5288347633542818	0.14213676666666666	5.98978551531
0.5305800926062761	0.12282072666666666	5.888950603733332
0.5323254218582705	0.07278863333333332	5.850582964633333
0.5340707511102649	0.06471157	5.927010228496667
0.5358160803622593	0.058133707333333326	5.953569585976666
0.5375614096142536	0.05805236999999999	5.8861099719466665
0.5393067388662478	0.09931034	5.801717324816666
0.541052068118242	0.08739001666666665	5.65744463465
0.5427973973702365	0.07205343333333333	5.590494018213333
0.5445427266222308	0.06905516	5.623496593733333
0.5462880558742251	0.05278063333333333	5.63212686504
0.5480333851262194	0.08448992666666667	5.637358219883334
0.5497787143782138	0.13766509999999998	5.618465046453332
0.5515240436302082	0.12998493333333333	5.508517545379999
0.5532693728822025	0.15221707333333334	5.47054965472
0.5550147021341967	0.15281002666666665	5.464422951583332
0.5567600313861911	0.12015464333333332	5.422142879176666
0.5585053606381855	0.158833	5.437495418423333
0.5602506898901798	0.19345233333333334	5.4300852897
0.561996019142174	0.16823006666666665	5.3462623774799996
0.5637413483941685	0.20773469999999997	5.358053787453334
0.5654866776461628	0.21401459999999997	5.365720442889999
0.5672320068981571	0.18158829999999998	5.33521600986
0.5689773361501516	0.2197788333333333	5.372720466910001
0.5707226654021459	0.2264041333333333	5.358536989986666
0.57246799465414	0.17827379999999998	5.274315233183333
0.5742133239061344	0.2077212333333333	5.284445251166666
0.5759586531581287	0.20394006666666667	5.273468743536666
0.5777039824101231	0.17506656666666665	5.251035863066666
0.5794493116621174	0.20491906666666665	5.296243902446666
0.5811946409141118	0.19244186666666666	5.279673533413332
0.582939970166106	0.1474916666666667	5.2245728757466665
0.5846852994181004	0.1708707333333333	5.248791338789999
0.5864306286700948	0.15390490333333334	5.232240468023333
0.5881759579220891	0.12677908	5.220471390096667
0.5899212871740833	0.13868724999999998	5.244622478796666
0.5916666164260775	0.11334311	5.19615938075
0.593411945678072	0.08909757666666665	5.148868207323333
0.5951572749300664	0.11442245333333334	5.17214966044
0.5969026041820606	0.09138045666666667	5.15806471995
0.5986479334340549	0.06959976999999999	5.168069501456666
0.6003932626860494	0.06560529333333333	5.172636668863333
0.6021385919380438	0.0391896	5.090320838816667
0.603883921190038	0.041736746666666664	5.026967838196666
0.6056292504420324	0.07085783	5.021309943816666
0.6073745796940266	0.05470978333333333	5.008344657663333
0.609119908946021	0.050450833333333334	5.046926474466666
0.6108652381980153	0.041039613333333336	5.04228314444
0.6126105674500095	0.02623868	4.937837353646666
0.614355896702004	0.05770651	4.8436692493599995
0.6161012259539983	0.09050480000000001	4.783327668783333
0.6178465552059926	0.08800495	4.76303672053
0.6195918844579871	0.10549192666666665	4.83884711652
0.6213372137099814	0.09143447333333334	4.859827452983333
0.6230825429619757	0.08071184333333332	4.784487388003333
0.62482787221397	0.12596416666666665	4.698387496276667
0.6265732014659642	0.15401296666666667	4.60266099562
0.6283185307179586	0.1558626333333333	4.566001059283334
0.630063859969953	0.18348976666666666	4.6540378491066665
0.6318091892219473	0.16151312666666665	4.695967262396666
0.6335545184739415	0.13914026666666665	4.660491297796666
0.635299847725936	0.1682549	4.5985672006666665
0.6370451769779303	0.17335006666666666	4.4924517999399995
0.6387905062299246	0.16247663333333331	4.445284844129999
0.6405358354819191	0.1850152	4.535925623959999
0.6422811647339131	0.1647223333333333	4.609452576806666
0.6440264939859075	0.1410642	4.624424176333333
0.6457718232379019	0.14814343333333335	4.576005160763333
0.6475171524898962	0.13130909999999998	4.44002316856
0.6492624817418906	0.11010645999999999	4.342477504913333
0.6510078109938849	0.12201303333333335	4.38488444498
0.6527531402458793	0.10813023333333334	4.47139562721
0.6544984694978735	0.09527853333333333	4.55255160075
0.6562437987498679	0.08972455333333335	4.54793238311
0.6579891280018623	0.06831093999999999	4.415841834923333
0.6597344572538565	0.060798649999999996	4.280541159239999
0.6614797865058508	0.07724954666666667	4.2511907785866665
0.6632251157578453	0.07225123666666666	4.307109815916666
0.6649704450098396	0.070525	4.42291502498
0.6667157742618338	0.059326856666666664	4.467224440903333
0.668461103513828	0.04158039	4.37125539465
0.6702064327658226	0.05279751666666667	4.229988208223333
0.6719517620178169	0.07562433333333332	4.139863648706666
0.6736970912698113	0.07068712333333332	4.141894952513333
0.6754424205218055	0.06903525666666666	4.258044897669999
0.6771877497737997	0.055891350000000006	4.351882222693333
0.6789330790257941	0.04659244666666666	4.327981620419999
0.6806784082777885	0.06884228333333332	4.22607251365
0.6824237375297828	0.08915960333333331	4.113988167883333
0.6841690667817772	0.07618989333333333	4.070098493746666
0.6859143960337715	0.06680624666666667	4.1605221558666665
0.6876597252857658	0.052446756666666663	4.277376437339999
0.6894050545377601	0.053694069999999997	4.316952904013333
0.6911503837897546	0.08349145666666666	4.261492211906667
0.6928957130417489	0.10086382666666667	4.143404289553333
0.6946410422937431	0.08471990666666665	4.058648764103332
0.6963863715457373	0.07452650999999999	4.108959852203333
0.6981317007977319	0.06429718999999999	4.230304508013333
0.6998770300497262	0.07395758999999999	4.327440565193332
0.7016223593017206	0.10702288666666666	4.332448967303333
0.7033676885537148	0.12175709333333332	4.224811980449999
0.705113017805709	0.10385477666666666	4.08443771536
0.7068583470577035	0.09740784	4.0435808159399995
0.7086036763096978	0.09675079	4.105592403619999
0.710349005561692	0.10845866666666666	4.21482186555
0.7120943348136863	0.1307215	4.286044563216667
0.7138396640656808	0.13273702999999998	4.24438604655
0.7155849933176751	0.10487482333333334	4.1073793143133335
0.7173303225696694	0.09837956666666665	3.997344652963333
0.7190756518216639	0.11259579	3.9731387176899995
0.7208209810736581	0.12861855666666666	4.030398895359999
0.7225663103256524	0.13188336666666664	4.10791703968
0.7243116395776467	0.11351815999999999	4.1217830089
0.726056968829641	0.07306336	4.032817288936666
0.7278022980816354	0.06258855666666666	3.9192755986766663
0.7295476273336298	0.08924251666666666	3.855127062453333
0.7312929565856241	0.11381995666666667	3.8655248416833334
0.7330382858376183	0.10346098999999999	3.9174791406233327
0.7347836150896128	0.07251515333333333	3.9496185853366663
0.7365289443416071	0.03639166333333333	3.9012665565533333
0.7382742735936013	0.03346004666666667	3.8035693015066663
0.7400196028455955	0.06665722333333332	3.717450737463333
0.7417649320975901	0.09518288366666666	3.6888758604866667
0.7435102613495844	0.07842255000000001	3.715018243256666
0.7452555906015788	0.043731783333333336	3.7607128682066664
0.747000919853573	0.023356363999999998	3.7640249175499996
0.7487462491055674	0.037434999999999996	3.712842969266667
0.7504915783575618	0.06957667666666667	3.62564025465
0.752236907609556	0.09199836333333333	3.5542478029733333
0.7539822368615503	0.07608799	3.53232559699
0.7557275661135445	0.04714251333333333	3.55731628741
0.757472895365539	0.042307033333333334	3.5918618504733333
0.7592182246175333	0.07089087999999999	3.6121281278766664
0.7609635538695276	0.09441450333333334	3.5848114852133333
0.7627088831215221	0.09904136999999999	3.5289754117833327
0.7644542123735163	0.08164213333333332	3.4808556844266665
0.7661995416255106	0.060691323333333325	3.45128434311
0.767944870877505	0.06526895666666666	3.4406359075933333
0.7696902001294994	0.10158795333333333	3.4631400859066663
0.7714355293814937	0.11703593000000001	3.479485977643333
0.773180858633488	0.10385827666666667	3.4814042606899998
0.7749261878854823	0.08159599333333334	3.47936893901
0.7766715171374765	0.06548565666666667	3.4576619880166666
0.778416846389471	0.07304786666666666	3.4192356919366667
0.7801621756414653	0.10930913666666665	3.4073122942166667
0.7819075048934595	0.11800606	3.40304038634
0.7836528341454538	0.09493167333333333	3.40769890498
0.7853981633974483	0.07185843	3.4287310051066666
0.7871434926494427	0.06178943666666667	3.43098104658
0.7888888219014369	0.07232958	3.406915895573333
0.7906341511534312	0.10441820666666668	3.400675354656667
0.7923794804054256	0.10410156999999999	3.3966411554233336
0.7941248096574199	0.07553961	3.404883116963333
0.7958701389094142	0.05612351	3.433695562976667
0.7976154681614087	0.05366317333333333	3.4365463963866665
0.7993607974134027	0.06772650999999999	3.40272470654
0.8011061266653973	0.09352841333333334	3.3788835630066663
0.8028514559173916	0.08192405666666666	3.3576325111333327
0.8045967851693858	0.050091956666666666	3.3657285773366667
0.8063421144213804	0.03812022833333333	3.4142275045266666
0.8080874436733746	0.045237929999999996	3.44049469112
0.8098327729253688	0.06364645333333332	3.4169497680733336
0.8115781021773631	0.08302255333333333	3.374763047546667
0.8133234314293576	0.06036672999999999	3.3088411447266664
0.815068760681352	0.027335246666666663	3.2732528422366665
0.8168140899333463	0.024936801666666664	3.3033917718433328
0.8185594191853405	0.04316384333333334	3.344643640213333
0.8203047484373349	0.06825718333333333	3.3601045276166666
0.8220500776893291	0.08411075333333334	3.347086353576666
0.8237954069413235	0.05271432333333333	3.2727868523699994
0.8255407361933177	0.01905874333333333	3.195273537446666
0.827286065445312	0.024185496666666667	3.1717597106333333
0.8290313946973066	0.050436626666666665	3.178927053583333
0.8307767239493009	0.08133554	3.2045696080233332
0.8325220532012951	0.09618400666666667	3.23402916546
0.8342673824532894	0.059292189999999995	3.2029672909699998
0.8360127117052839	0.025068696666666668	3.145960158863333
0.8377580409572781	0.033526056666666665	3.108806603353333
0.8395033702092725	0.06113884666666667	3.0803559461566667
0.8412486994612667	0.09214450666666665	3.078426506163333
0.8429940287132611	0.10540231333333334	3.104100364653333
0.8447393579652556	0.06693416999999999	3.091588596156667
0.8464846872172498	0.03485233333333333	3.06356755872
0.8482300164692442	0.045472893333333333	3.046923656436667
0.8499753457212386	0.07075072333333332	3.0240541911233327
0.8517206749732327	0.09763144333333335	3.0227931327833333
0.853466004225227	0.10818864333333333	3.0527033417633334
0.8552113334772216	0.07119303999999999	3.0522556886533327
0.8569566627292158	0.04390969333333333	3.038765542823333
0.8587019919812102	0.05630703666666667	3.0245475621566666
0.8604473212332044	0.07717177666666666	2.98866349601
0.8621926504851987	0.09719932333333332	2.970503940206666
0.8639379797371932	0.10316804333333335	2.9930552378166664
0.8656833089891874	0.06722499999999998	3.0076170385466665
0.8674286382411818	0.043868226999999996	3.0301037036066667
0.869173967493176	0.05661363333333333	3.05145314983
0.8709192967451702	0.07272841333333332	3.029426091396666
0.8726646259971648	0.08687105333333334	2.9950801773399993
0.8744099552491591	0.09060248	2.9776752333500003
0.8761552845011533	0.058109546666666664	2.9524601096233334
0.8779006137531478	0.0383303416	2.9598593264299997
0.8796459430051421	0.04899580333333334	2.997620061073333
0.8813912722571363	0.05818288	3.011866190613333
0.8831366015091309	0.06524918333333332	3.010510638483333
0.8848819307611251	0.06880016333333333	3.0027739426233326
0.8866272600131193	0.045874882000000006	2.960992194416667
0.8883725892651138	0.03532609133333333	2.935529829903333
0.890117918517108	0.04611491666666667	2.94149142943
0.8918632477691024	0.04802349	2.939453301566666
0.8936085770210968	0.04480903	2.937315401873333
0.895353906273091	0.04377135333333333	2.9383956997633334
0.8970992355250853	0.02989676433333333	2.9111219224133333
0.8988445647770799	0.03238102166666666	2.8973449838766663
0.9005898940290741	0.048000656666666655	2.90931460281
0.9023352232810684	0.048481866666666665	2.9122867101566663
0.9040805525330626	0.04081616966666666	2.910154118863333
0.9058258817850569	0.034812013333333336	2.900403539633333
0.9075712110370514	0.023299050333333328	2.8552381541133336
0.9093165402890456	0.03335399333333333	2.8191469923166665
0.91106186954104	0.05281994333333333	2.8121203111299993
0.9128071987930344	0.05546354333333332	2.816279445416667
0.9145525280450286	0.052235706666666666	2.838923139663333
0.9162978572970231	0.048039883333333325	2.8626155869266663
0.9180431865490173	0.03477991333333333	2.8429884762033333
0.9197885158010117	0.043697419999999994	2.8096144646999996
0.921533845053006	0.062452423333333326	2.778360347883333
0.9232791743050003	0.06441205333333333	2.747535768496667
0.9250245035569945	0.06448334	2.7472950234099995
0.9267698328089891	0.06520864	2.771648185946667
0.9285151620609834	0.050852760000000004	2.7733801834033334
0.9302604913129776	0.05450174	2.768054539563333
0.9320058205649719	0.07038555666666665	2.7546041115799995
0.9337511498169662	0.06875541666666665	2.721025894323333
0.9354964790689607	0.06440611333333332	2.7033813403800004
0.9372418083209549	0.06663401666666666	2.7136365560066666
0.9389871375729492	0.055015919999999996	2.71535088628
0.9407324668249435	0.05599862333333333	2.7215698071266665
0.9424777960769379	0.07015306666666665	2.7230975649866664
0.9442231253289324	0.06603513333333333	2.692722230953333
0.9459684545809266	0.05252714666666666	2.6596224662433334
0.9477137838329208	0.04984738666666667	2.65372734811
0.9494591130849153	0.04199172333333333	2.65700545977
0.9512044423369096	0.043472853333333325	2.681512564103333
0.9529497715889038	0.056647079999999995	2.710226893593333
0.9546951008408984	0.054926029999999994	2.6974664404466666
0.9564404300928926	0.039154046666666664	2.6514054409166663
0.9581857593448869	0.03273316999999999	2.6111121603266665
0.9599310885968813	0.027310806666666666	2.5864074267133335
0.9616764178488755	0.02730107	2.60405900925
0.96342174710087	0.03357686666666666	2.6539377899466663
0.9651670763528643	0.03226798333333333	2.6828176562866664
0.9669124056048585	0.02274479066666666	2.6680033812733335
0.9686577348568528	0.021640522666666665	2.6274888964966667
0.9704030641088474	0.022149386666666666	2.577374655093333
0.9721483933608416	0.023170856999999996	2.559771587243333
0.9738937226128359	0.02215700333333333	2.5870413392066665
0.9756390518648301	0.01658592333333333	2.6248148886699996
0.9773843811168246	0.011975718666666666	2.6413014424666668
0.9791297103688189	0.018219886666666664	2.62875066139
0.9808750396208131	0.024775456666666668	2.5870686233799995
0.9826203688728073	0.02984123433333333	2.55624448034
0.9843656981248019	0.028948723333333332	2.561892959693333
0.9861110273767961	0.021515026666666666	2.589089369173333
0.9878563566287906	0.018215216666666666	2.612571484083333
0.9896016858807848	0.029121806666666666	2.615062979076667
0.991347015132779	0.039943839999999994	2.581743755746667
0.9930923443847736	0.04845476	2.5447448704266664
0.9948376736367678	0.05128471666666666	2.5371204669666665
0.9965830028887621	0.04355110333333333	2.5560929100599994
0.9983283321407567	0.03501094333333333	2.58210616678
1.0000736613927508	0.04287482999999999	2.5968582356599996
1.0018189906447452	0.05488257	2.573655013186667
1.0035643198967397	0.06570766333333333	2.529691019276666
1.0053096491487339	0.07372156666666665	2.5017156408133334
1.007054978400728	0.07026710666666666	2.50197331659
1.0088003076527223	0.057531446666666666	2.5213296270266667
1.0105456369047165	0.057791043333333326	2.5485110675666665
1.0122909661567112	0.06500296	2.5498278076966665
1.0140362954087054	0.06990183999999999	2.5181641610366663
1.0157816246606999	0.07341407	2.479794540473333
1.017526953912694	0.07136449333333333	2.4578604873199996
1.0192722831646883	0.05983806666666667	2.45644214402
1.0210176124166828	0.05968324	2.4781279049466667
1.022762941668677	0.06868774333333333	2.4946275614299998
1.0245082709206712	0.07111678	2.4808270879466665
1.0262536001726654	0.06574387666666666	2.4458403342199997
1.02799892942466	0.05646922	2.41533631568
1.0297442586766543	0.03963471666666667	2.4016986596533334
1.0314895879286488	0.03457709666666667	2.418511213773333
1.0332349171806432	0.044905139999999996	2.447484231893333
1.0349802464326374	0.05239821333333333	2.4531763069499997
1.0367255756846316	0.04982408666666666	2.42641237611
1.0384709049366259	0.04368955	2.3893641406399997
1.0402162341886205	0.02856305666666667	2.35960463649
1.041961563440615	0.018035666	2.361446742
1.043706892692609	0.020998108	2.3923282401099994
1.0454522219446034	0.024643638666666665	2.41577506365
1.0471975511965979	0.021401470333333332	2.405500190303333
1.048942880448592	0.021592909666666667	2.373305258183333
1.0506882097005863	0.019055565333333333	2.334687977313333
1.0524335389525805	0.017127133	2.31939043562
1.0541788682045747	0.02220051333333333	2.3430559768599997
1.0559241974565694	0.025230856666666666	2.379272766073333
1.0576695267085636	0.019082276999999998	2.3906566553866666
1.059414855960558	0.018287879333333333	2.373890676426667
1.0611601852125523	0.02101491933333333	2.333497528783333
1.0629055144645467	0.024872161333333337	2.295152304643333
1.064650843716541	0.032657049333333334	2.29094808098
1.0663961729685352	0.03860627	2.318454768303333
1.0681415022205298	0.035398015199999994	2.345826191943333
1.069886831472524	0.037102424999999994	2.358643439223333
1.0716321607245185	0.04459690433333333	2.34341046996
1.0733774899765127	0.05261599	2.306862511023333
1.0751228192285072	0.06017438666666666	2.2808690059733334
1.0768681484805014	0.06378944999999998	2.2842597564566667
1.0786134777324956	0.05774396	2.30395946184
1.0803588069844898	0.05550901333333333	2.32858199315
1.082104136236484	0.06047089666666666	2.334433538193333
1.0838494654884787	0.06914651	2.309440347263333
1.085594794740473	0.07942338666666665	2.27402221208
1.0873401239924672	0.08604329	2.2543993410766663
1.0890854532444616	0.08125677333333332	2.2555374090966667
1.0908307824964558	0.07683287999999999	2.2804261576033333
1.0925761117484503	0.07599705	2.305883643313333
1.0943214410004445	0.07648428333333332	2.304618335873333
1.0960667702524387	0.07951559666666666	2.2791539054666665
1.0978120995044334	0.08113721666666665	2.2471625366566665
1.0995574287564276	0.07251370333333332	2.219889024076666
1.101302758008422	0.06772455999999999	2.2207004507666666
1.1030480872604165	0.07104383333333333	2.24308179496
1.1047934165124107	0.07417972666666667	2.2561044362100002
1.106538745764405	0.07591081	2.2492721271966665
1.1082840750163991	0.07416394	2.22829164829
1.1100294042683934	0.05794060666666667	2.1958034540466667
1.111774733520388	0.04313297666666667	2.1818245384666666
1.1135200627723822	0.04124769666666667	2.1967532917366666
1.1152653920243765	0.04263225	2.2130318716499997
1.117010721276371	0.04382766333333333	2.2146483083999997
1.1187560505283651	0.047831099999999994	2.204388997743333
1.1205013797803596	0.040965886666666666	2.17647752205
1.1222467090323538	0.030037713333333334	2.1554101885266665
1.123992038284348	0.026695568333333336	2.161833128463333
1.1257373675363422	0.02311103473333333	2.176414148516667
1.127482696788337	0.016149493766666665	2.1824862488166663
1.1292280260403311	0.016680711299999998	2.1837370467766664
1.1309733552923256	0.015998210666666665	2.1691521157033335
1.13271868454432	0.014116807999999998	2.1522438342233334
1.1344640137963142	0.017777439666666665	2.155089121983333
1.1362093430483085	0.018921709999999998	2.1659057096266663
1.1379546723003031	0.012589278333333332	2.170048527233333
1.139700001552297	0.010509504666666666	2.1727771396633333
1.1414453308042918	0.008733601	2.1616224968166664
1.143190660056286	0.009997695333333334	2.14433013963
1.14493598930828	0.020833494999999997	2.1441051607433335
1.1466813185602747	0.030214726333333334	2.1534878402733337
1.1484266478122689	0.029823504666666667	2.159044059596667
1.150171977064263	0.02917023033333333	2.16726646276
1.1519173063162573	0.023253761999999997	2.1622132100599996
1.1536626355682515	0.02017771633333333	2.1455802761999996
1.1554079648202462	0.034383636999999995	2.1430812418766667
1.1571532940722404	0.051057616666666666	2.149445764896667
1.1588986233242349	0.05621286	2.1508650844599995
1.160643952576229	0.06277444	2.16058743168
1.1623892818282235	0.062292349999999996	2.161741701183333
1.1641346110802178	0.055996023333333325	2.143579781543333
1.165879940332212	0.06552592666666665	2.1330491856033333
1.1676252695842066	0.07828474999999999	2.1322522665233334
1.1693705988362009	0.07441574333333334	2.127775482713333
1.171115928088195	0.07813511333333333	2.1434456777133333
1.1728612573401895	0.08787662999999998	2.16719174591
1.1746065865921838	0.08739682333333333	2.1650643267699996
1.1763519158441782	0.09483831666666667	2.1508665449933333
1.1780972450961724	0.10791271666666666	2.136446910986667
1.1798425743481666	0.09915364333333333	2.1111440413666664
1.1815879036001609	0.09262607666666667	2.1085839309466667
1.183333232852155	0.10048473999999999	2.1364072151599998
1.18507856210415	0.09585151999999998	2.149956076023333
1.186823891356144	0.08875339	2.143356401283333
1.1885692206081382	0.09825170666666666	2.13451859695
1.1903145498601329	0.09862141666666666	2.1112200393166667
1.192059879112127	0.09468064	2.0977428211266664
1.1938052083641213	0.10212986666666668	2.11775023842
1.1955505376161155	0.09472557666666666	2.1346927361366665
1.1972958668681097	0.07069147999999999	2.1284215385166663
1.1990411961201044	0.06546965866666665	2.1193071562299997
1.2007865253720988	0.06918942833333333	2.09781741222
1.2025318546240933	0.06784504	2.0719660542266665
1.2042771838760875	0.07170177	2.073503666523333
1.2060225131280817	0.06779167333333333	2.090213439953333
1.207767842380076	0.045329949999999994	2.0985447903866667
1.2095131716320702	0.033809537333333334	2.108701384323333
1.2112585008840648	0.03680901333333333	2.1067075353766667
1.213003830136059	0.03555682033333333	2.0804161503933334
1.2147491593880533	0.0324091837	2.0556575931466665
1.2164944886400477	0.02959795933333333	2.04677340801
1.218239817892042	0.017942898333333332	2.0460912453933333
1.2199851471440364	0.009510273666666666	2.060537851323333
1.2217304763960306	0.009879032666666666	2.0754785580033333
1.2234758056480248	0.009743531333333333	2.0679023853766667
1.225221134900019	0.008037816	2.046998026383333
1.2269664641520137	0.008948578666666665	2.03021488184
1.228711793404008	0.007805833999999999	2.0207905135399997
1.2304571226560024	0.007132298333333333	2.0285377129133333
1.2322024519079966	0.0068711783	2.042861450443333
1.233947781159991	0.006142367333333333	2.04146782653
1.2356931104119853	0.007155766233333334	2.02454678483
1.23743843966398	0.008880849133333334	2.0030379243433334
1.2391837689159741	0.007974524066666665	1.98353588686
1.240929098167968	0.012386156333333332	1.9848902983966665
1.2426744274199628	0.020069717	2.0035562547166665
1.244419756671957	0.025244263666666662	2.0140417767133334
1.2461650859239515	0.030645389999999998	2.0075999363166668
1.2479104151759457	0.03370675333333333	1.9875156361133333
1.24965574442794	0.027248468999999997	1.9562222319133333
1.2514010736799341	0.02554683	1.9406563767366667
1.2531464029319284	0.03361156	1.9528400015466665
1.254891732183923	0.03898603666666667	1.9689426343466665
1.2566370614359172	0.04233799666666666	1.9736342893
1.2583823906879115	0.04960022	1.9675068537233331
1.260127719939906	0.050316603333333335	1.9428760743766667
1.2618730491919004	0.05051409999999999	1.9177831971433332
1.2636183784438946	0.058365596666666665	1.9152364562966666
1.2653637076958888	0.05928431000000001	1.9221035959266666
1.267109036947883	0.04923462666666667	1.9233920984033333
1.2688543661998777	0.04629723	1.9252743137999997
1.270599695451872	0.0477174	1.9169926540466666
1.2723450247038663	0.049639863333333326	1.8984454199266667
1.2740903539558606	0.05950226333333333	1.8916514725866667
1.2758356832078548	0.06712948999999999	1.8964185043566666
1.2775810124598492	0.059903433333333325	1.8985430766566664
1.2793263417118435	0.053207953333333335	1.90412280497
1.2810716709638381	0.05065833	1.9031921115466663
1.282817000215832	0.04437572333333334	1.881824700643333
1.2845623294678261	0.042074083333333324	1.8575361426666668
1.286307658719821	0.04601464366666667	1.8480604262933333
1.288052987971815	0.043788697	1.8499222856166666
1.2897983172238097	0.04228229533333334	1.8684528750633334
1.2915436464758039	0.045588722666666665	1.8929941714233334
1.293288975727798	0.043692159999999994	1.8953986438466668
1.2950343049797923	0.039398868499999996	1.87484945923
1.296779634231787	0.04001260328	1.8515128511566665
1.2985249634837812	0.036261001466666665	1.8332276081666665
1.3002702927357757	0.031078758892	1.83392901611
1.3020156219877699	0.03137943133333333	1.85585329078
1.3037609512397643	0.030705243333333333	1.8730071363466667
1.3055062804917585	0.029326558333333336	1.8692185054933335
1.3072516097437528	0.035445542	1.8540683624866667
1.308996938995747	0.03962319633333333	1.8338651904866663
1.3107422682477412	0.03777030766666667	1.8238060066233335
1.3124875974997359	0.03547724666666666	1.8383854065766665
1.31423292675173	0.029697536666666666	1.8630327728999998
1.3159782560037245	0.02118908	1.8746043384433335
1.3177235852557188	0.023284449999999998	1.8702954211866665
1.319468914507713	0.031914976666666664	1.84867165407
1.3212142437597074	0.03701854333333333	1.8195503704066667
1.3229595730117016	0.03904171333333333	1.8075819280266665
1.3247049022636959	0.03608661333333334	1.8203714322166666
1.3264502315156905	0.025618776666666666	1.8424920321833334
1.3281955607676847	0.020358846666666666	1.8629301797633335
1.3299408900196792	0.023690009999999997	1.8673865794666666
1.3316862192716734	0.02658214333333333	1.8474915613666667
1.3334315485236676	0.02741229	1.8201522865933333
1.3351768777756619	0.028436359999999997	1.80839275405
1.336922207027656	0.02490327333333333	1.8143110797166666
1.338667536279651	0.021339099333333333	1.83264593136
1.3404128655316452	0.022666128999999997	1.8492927639399999
1.3421581947836396	0.023161703333333332	1.8449776669066664
1.3439035240356338	0.019645999666666664	1.82003795428
1.345648853287628	0.018658641666666666	1.7971442141866665
1.3473941825396225	0.018715027666666665	1.7899607765833334
1.3491395117916167	0.017712639333333332	1.801144285823333
1.350884841043611	0.019138106	1.8239396210433334
1.3526301702956052	0.021908567999999996	1.8390761278933332
1.3543754995475994	0.020295290666666667	1.8307461494233332
1.356120828799594	0.018991866333333333	1.8080822733566664
1.3578661580515883	0.020216116333333332	1.7864449743533335
1.3596114873035827	0.019214301266666664	1.7752914180066668
1.361356816555577	0.017291529	1.7802428863833333
1.3631021458075712	0.020161267666666666	1.7966988831533333
1.3648474750595656	0.023068163666666662	1.8058271250433333
1.3665928043115598	0.024124054999999995	1.7994196849266664
1.3683381335635545	0.026274815666666666	1.7834103214066666
1.3700834628155487	0.026725984999999997	1.7662100081366667
1.371828792067543	0.023590038666666664	1.7577440102766666
1.3735741213195374	0.025130973166666667	1.7672043080066668
1.3753194505715316	0.03057521133333333	1.783905326676667
1.377064779823526	0.032601628	1.7892618354033334
1.3788101090755203	0.032153059666666664	1.777720558373333
1.3805554383275145	0.032726917	1.7556918245666666
1.3823007675795091	0.03186414433333333	1.73334179867
1.384046096831503	0.03329402433333333	1.7269516354999999
1.3857914260834978	0.03897078866666666	1.7404340805366667
1.387536755335492	0.04201570233333333	1.7584432684466667
1.3892820845874863	0.03958133	1.7656109979
1.3910274138394805	0.03849481633333333	1.759713533516667
1.3927727430914747	0.039179374999999995	1.7423698410466666
1.3945180723434691	0.039624185333333325	1.7233784689633334
1.3962634015954638	0.04162336	1.7168915400666667
1.398008730847458	0.04457056666666666	1.72555595499
1.3997540600994525	0.04376482066666666	1.73868435744
1.4014993893514467	0.04176190033333333	1.7479413905399999
1.4032447186034411	0.041307443	1.74556818383
1.4049900478554354	0.040085826	1.7283496447366666
1.4067353771074296	0.038060156666666664	1.707263933603333
1.4084807063594238	0.03959452	1.6996473471766667
1.410226035611418	0.04178556333333333	1.7092143101433335
1.4119713648634127	0.04052420999999999	1.7296355822633331
1.413716694115407	0.03717276666666666	1.74885703046
1.4154620233674011	0.033840166666666664	1.7525665970966666
1.4172073526193956	0.030078536666666662	1.7362321348966667
1.4189526818713898	0.028981809999999997	1.7126049646233332
1.420698011123384	0.030625913333333338	1.6958983674266666
1.4224433403753782	0.031049793333333332	1.6944218603366665
1.4241886696273727	0.02896731	1.7081631545966665
1.4259339988793673	0.027255496666666663	1.7265290599
1.4276793281313616	0.025870149999999998	1.7349827145966668
1.429424657383356	0.02406786333333333	1.7292940163700001
1.4311699866353502	0.021610709999999995	1.7136291479166665
1.4329153158873444	0.020002739999999998	1.6987096958066665
1.4346606451393389	0.019497137666666664	1.6946215887266667
1.436405974391333	0.018963694	1.7001252313766666
1.4381513036433278	0.018371678666666665	1.705886468633333
1.439896632895322	0.019632007666666666	1.7076137832066665
1.4416419621473162	0.020263620666666666	1.7016460759699998
1.4433872913993107	0.019869832	1.6891641703066667
1.4451326206513049	0.02097159733333333	1.6800918652533332
1.446877949903299	0.020423373666666664	1.67837921458
1.4486232791552933	0.015842247766666664	1.6785287014133332
1.4503686084072875	0.015758622899999998	1.6821737281466664
1.452113937659282	0.020673936666666667	1.68667260358
1.4538592669112762	0.022252182333333332	1.6813574655133332
1.4556045961632709	0.022293580933333335	1.6694735986233333
1.457349925415265	0.024195271933333335	1.6621269843233333
1.4590952546672595	0.022437428666666665	1.6567332420599998
1.460840583919254	0.021867502	1.6544036903333332
1.4625859131712482	0.027679283333333332	1.6597642536566666
1.4643312424232424	0.028947856666666664	1.6620827809966665
1.4660765716752366	0.023355053333333334	1.65618743896
1.4678219009272309	0.024079293666666668	1.6562495330166667
1.4695672301792255	0.028882476666666664	1.66162824843
1.4713125594312197	0.030832203333333336	1.6614516050733332
1.4730578886832142	0.035392723333333334	1.6602732435766667
1.4748032179352084	0.039279579999999994	1.6588937375633332
1.4765485471872026	0.034124299999999996	1.6493775568366664
1.478293876439197	0.031234799999999997	1.64362817564
1.480039205691191	0.03615711666666667	1.6510447071099998
1.481784534943186	0.03671818666666666	1.6582550961666667
1.4835298641951802	0.03525191666666666	1.6629742182766665
1.4852751934471744	0.04218719666666666	1.673905566233333
1.4870205226991688	0.04811611333333333	1.6783782955066666
1.488765851951163	0.04826330333333333	1.66910267792
1.4905111812031575	0.05025201666666666	1.6597954995533333
1.4922565104551517	0.047747529999999996	1.6523527951533332
1.494001839707146	0.03793972999999999	1.6460803327266664
1.4957471689591406	0.03941350666666667	1.65747006457
1.4974924982111348	0.05194914666666667	1.6795895242866667
1.4992378274631293	0.056704729999999995	1.68439680786
1.5009831567151235	0.05606644	1.6729904281799999
1.5027284859671177	0.05651979333333333	1.6600833292466668
1.504473815219112	0.05025612666666666	1.646660858283333
1.5062191444711062	0.04626805666666667	1.6462610781066664
1.5079644737231006	0.05453113	1.6665569775566667
1.5097098029750948	0.057620076666666666	1.6800023581066665
1.511455132227089	0.05053178666666667	1.671637113623333
1.5132004614790837	0.051077776666666665	1.6582856686799998
1.514945790731078	0.05447460999999999	1.6426740739966665
1.5166911199830724	0.05078750333333333	1.6263999128999997
1.5184364492350666	0.05148182	1.6299574151399998
1.520181778487061	0.054734349999999994	1.6501970623766664
1.5219271077390553	0.04932148333333333	1.6645896051866667
1.5236724369910495	0.04805010333333333	1.6732862848966665
1.5254177662430441	0.05399984	1.6719855074233332
1.5271630954950384	0.04881816333333333	1.6446296710766666
1.5289084247470326	0.03824746	1.6097118697266666
1.530653753999027	0.03885830999999999	1.5980673418899998
1.5323990832510213	0.042190283333333335	1.6072868349533334
1.5341444125030157	0.04374338333333333	1.6295734123666668
1.53588974175501	0.04944021333333333	1.65901651946
1.537635071007004	0.048217789999999996	1.66921086872
1.5393804002589988	0.036120849999999996	1.6502123033166667
1.541125729510993	0.03176198	1.627794606153333
1.5428710587629875	0.036192459999999996	1.6143618938033333
1.5446163880149817	0.03545433333333333	1.6063494054499998
1.546361717266976	0.03357381966666667	1.6125346070733333
1.5481070465189704	0.03495543066666666	1.6297131340699997
1.5498523757709646	0.03189777333333333	1.6376189419266667
1.5515977050229588	0.02899794333333333	1.6355974556666664
1.553343034274953	0.032676779999999996	1.6306951937899998
1.5550883635269477	0.033013056666666665	1.6181871424466667
1.556833692778942	0.028248403333333328	1.60756589883
1.5585790220309363	0.028732553999999997	1.6154680357566664
1.5603243512829306	0.03042442666666666	1.6317598176433332
1.5620696805349248	0.026290568666666667	1.6397657606433331
1.563815009786919	0.022948161999999998	1.6379672959966665
1.5655603390389135	0.022266757333333335	1.62350252277
1.5673056682909077	0.020419577999999997	1.5998921773166668
1.5690509975429023	0.022346702666666666	1.5878739665933335
1.5707963267948966	0.027717571666666663	1.59548197177
1.5725416560468908	0.02751381	1.6115077597799998
1.5742869852988854	0.02370331333333333	1.6293567704133332
1.5760323145508797	0.02239804666666667	1.6411334356266665
1.5777776438028739	0.021215039999999998	1.6346831118566665
1.579522973054868	0.02067611	1.61494039356
1.5812683023068623	0.022893620000000003	1.5957290348866666
1.583013631558857	0.02296026333333333	1.5819455954733332
1.5847589608108512	0.020541706666666663	1.5794527569033332
1.5865042900628454	0.020217986666666667	1.590517291823333
1.5882496193148399	0.020622659999999998	1.6023449006266666
1.589994948566834	0.021855421	1.6063622436066665
1.5917402778188283	0.026495155	1.6056197167266666
1.5934856070708228	0.029534542333333334	1.5998362530866665
1.5952309363228174	0.028493154	1.5928149771733333
1.5969762655748112	0.028132054999999996	1.59350215051
1.5987215948268054	0.027394824999999998	1.5962407226900002
1.6004669240788003	0.024319204333333334	1.5905313225633333
1.6022122533307945	0.0237939361	1.5795705690066666
1.603957582582789	0.025086435966666668	1.5669850896700002
1.6057029118347832	0.025058686	1.5557380659666666
1.6074482410867772	0.028745218999999995	1.5575223024033333
1.6091935703387716	0.035916321	1.5728102987633332
1.6109388995907659	0.037769630666666665	1.5851715655433332
1.6126842288427607	0.03540239766666667	1.5892092049133333
1.614429558094755	0.034395413	1.5887387065633334
1.6161748873467492	0.03218685566666667	1.5806592434266666
1.6179202165987434	0.02886857973333333	1.5680530305933333
1.6196655458507376	0.029223751166666666	1.5608162905033334
1.621410875102732	0.029987639	1.5561381485899999
1.6231562043547263	0.029010015	1.5511122522899998
1.624901533606721	0.032331014	1.5537683923566665
1.6266468628587152	0.038499323	1.5620115556733334
1.6283921921107094	0.038863280666666666	1.565310880143333
1.630137521362704	0.03544240133333333	1.5678140243399998
1.6318828506146983	0.033485250333333334	1.57521658467
1.6336281798666925	0.030906855666666667	1.58157259609
1.6353735091186867	0.02840007333333333	1.5848210393733333
1.637118838370681	0.02941207066666667	1.5849756116933333
1.6388641676226756	0.029563071333333333	1.5732747634566664
1.6406094968746698	0.027302234999999998	1.5523330299566667
1.642354826126664	0.028179154666666668	1.5392683337033333
1.6441001553786583	0.031073701666666665	1.5404648673233332
1.6458454846306525	0.030788937000000002	1.5521666993233334
1.647590813882647	0.029705842	1.5729294785699999
1.6493361431346412	0.028960751333333333	1.5919234654199999
1.6510814723866354	0.02618465366666667	1.5947181330466667
1.6528268016386303	0.02342240733333333	1.5823816704700002
1.654572130890624	0.022561851	1.5633403168633333
1.6563174601426187	0.021286251	1.5433042492733335
1.6580627893946132	0.020999142666666665	1.53357934298
1.6598081186466074	0.022678119	1.5400050739033333
1.6615534478986018	0.023369041666666663	1.5528542173800002
1.663298777150596	0.022831914766666662	1.5622731528733333
1.6650441064025903	0.0224108732	1.565485854763333
1.6667894356545845	0.020042161166666662	1.559377713
1.6685347649065787	0.017532065399999998	1.5489435973466668
1.6702800941585736	0.017941430333333334	1.5450012795233334
1.6720254234105678	0.019157865666666666	1.5482928976266666
1.673770752662562	0.01988793233333333	1.55326866323
1.6755160819145563	0.021607150999999998	1.5583271775933334
1.6772614111665505	0.020633313999999996	1.55779790256
1.679006740418545	0.016724977333333335	1.5481697212833334
1.6807520696705391	0.016846206666666662	1.53789237807
1.6824973989225334	0.021186149666666668	1.5338207035166667
1.684242728174528	0.02288692266666667	1.5337656971
1.6859880574265222	0.023262106666666664	1.5408676793266665
1.6877333866785167	0.024535328	1.5559109419
1.6894787159305111	0.023531455999999996	1.5671200573866664
1.6912240451825054	0.022783806666666663	1.5665902358
1.6929693744344996	0.027106559999999995	1.55737478058
1.6947147036864938	0.029826513333333336	1.5397175508533334
1.6964600329384885	0.028556176666666662	1.5210207757166665
1.6982053621904827	0.03154415666666666	1.5181609377399998
1.6999506914424771	0.0366579	1.5308845394133332
1.7016960206944713	0.034640946666666665	1.54193853252
1.7034413499464653	0.03182458666666666	1.5466396000933333
1.7051866791984598	0.03483359333333333	1.5460105673333333
1.706932008450454	0.038728813333333334	1.5363403393933333
1.708677337702449	0.044034603333333325	1.5247020952166666
1.7104226669544431	0.05267169333333333	1.5222237827433331
1.7121679962064373	0.05320301	1.52210945835
1.7139133254584316	0.04498417	1.5195549180866668
1.7156586547104258	0.04296936666666666	1.52157991166
1.7174039839624204	0.04778718999999999	1.5235163419366666
1.7191493132144147	0.04961365666666666	1.5150287636366664
1.7208946424664089	0.05301235	1.5060334789666667
1.722639971718403	0.06040935	1.5070134307033332
1.7243853009703973	0.06349871666666666	1.513185185073333
1.726130630222392	0.06275648666666667	1.52172193113
1.7278759594743864	0.06366199666666666	1.5315615421833333
1.7296212887263807	0.060561216666666653	1.53051582031
1.7313666179783749	0.054909490000000005	1.5174225836799997
1.733111947230369	0.05851513666666667	1.5080031445866666
1.7348572764823635	0.06839353	1.5067870527366667
1.7366026057343578	0.07042374666666668	1.5056543026933333
1.738347934986352	0.06717258666666666	1.5085897319800001
1.7400932642383462	0.06676698666666667	1.5193909565433332
1.7418385934903404	0.06628945333333333	1.5281464599799999
1.7435839227423353	0.06499817333333333	1.5294346511133334
1.7453292519943295	0.06847012666666666	1.52855991896
1.7470745812463238	0.07105231	1.52361341696
1.7488199104983182	0.06794585333333333	1.51541631509
1.7505652397503124	0.06709269333333333	1.5149248530066668
1.7523105690023066	0.06923708666666666	1.5216499427799999
1.7540558982543013	0.06403920666666665	1.5217137243266667
1.7558012275062955	0.057022323333333326	1.5167807922766667
1.75754655675829	0.05948797333333333	1.5164701736133335
1.7592918860102842	0.06590943333333332	1.5181157852633334
1.7610372152622784	0.06784986	1.5182909907633333
1.7627825445142726	0.06813531	1.5228458011166666
1.7645278737662669	0.06523233333333334	1.5294814787199997
1.7662732030182617	0.05719297666666667	1.5318010518866665
1.768018532270256	0.05143821333333333	1.5312386618166667
1.7697638615222502	0.05145364	1.52822375965
1.7715091907742444	0.04978874666666666	1.5176334853699998
1.7732545200262386	0.04709496666666666	1.5066391158566665
1.7749998492782333	0.04952784333333333	1.5081010790399998
1.7767451785302275	0.053304036666666665	1.5206209090533331
1.7784905077822217	0.05066327333333333	1.5325919907066665
1.780235837034216	0.04537793	1.540196972273333
1.7819811662862102	0.042654366666666665	1.5420234370666663
1.7837264955382048	0.04077083333333333	1.5352931340766667
1.785471824790199	0.03796645333333333	1.5232950134899998
1.7872171540421935	0.03647213333333333	1.5152354837666666
1.7889624832941877	0.03400043666666666	1.5128976386033335
1.790707812546182	0.029479066666666668	1.5146956910166667
1.7924531417981764	0.02725699	1.5206248145533332
1.7941984710501706	0.02845002	1.52663885404
1.7959438003021653	0.027313320000000002	1.52462078698
1.7976891295541597	0.02488449	1.5174831819366665
1.7994344588061533	0.02551355	1.5136396768766667
1.8011797880581482	0.026765526666666668	1.5139438738766666
1.8029251173101424	0.023909609999999998	1.51444824931
1.8046704465621368	0.019868641	1.5162325392633331
1.806415775814131	0.017191021333333334	1.5180712582233333
1.8081611050661253	0.015100202333333333	1.51621450558
1.8099064343181195	0.013244767	1.5104915363466667
1.8116517635701137	0.013030265	1.5049253885999998
1.8133970928221086	0.012873197666666666	1.50136899133
1.8151424220741028	0.012555499333333333	1.5033578807766665
1.816887751326097	0.013411473	1.513301793573333
1.8186330805780913	0.01539704	1.5270789827600002
1.8203784098300855	0.015633084	1.5355408061666669
1.82212373908208	0.014826097666666666	1.535569103893333
1.8238690683340746	0.014709337666666666	1.5288104944533334
1.8256143975860688	0.014959486666666664	1.5190797599699999
1.827359726838063	0.013529910666666667	1.5109009068966668
1.8291050560900572	0.011730018333333331	1.5092966510133332
1.830850385342052	0.011005762666666669	1.5138346869866668
1.8325957145940461	0.011602605999999998	1.5207275019066666
1.8343410438460404	0.011924149999999998	1.52508063161
1.8360863730980346	0.012751798666666665	1.5256289022766665
1.8378317023500288	0.015211949666666669	1.5240977755899998
1.8395770316020235	0.018667732333333333	1.5234494323999999
1.8413223608540177	0.020246670666666664	1.5233697141366664
1.843067690106012	0.020580274666666665	1.5239106224066667
1.8448130193580063	0.019967513	1.52381781419
1.8465583486100006	0.01789591833333333	1.5209537486999998
1.8483036778619948	0.015621378666666666	1.5146318576566666
1.850049007113989	0.015656615999999998	1.5080618921099997
1.8517943363659835	0.015465175	1.50215083762
1.8535396656179781	0.015295188666666668	1.4994645418699997
1.8552849948699723	0.018586341	1.50425979979
1.8570303241219668	0.023838035666666663	1.5158841446166664
1.858775653373961	0.024959806333333334	1.5263408967533332
1.8605209826259552	0.02380781733333333	1.5324947189
1.8622663118779497	0.023980727333333333	1.5340355997200001
1.8640116411299439	0.024273872000000002	1.5289193808833332
1.865756970381938	0.023031723666666663	1.5175357051933336
1.8675022996339323	0.022977447666666664	1.50802967919
1.8692476288859265	0.022968619333333332	1.5046076712166665
1.8709929581379214	0.021697027666666664	1.5065261829966667
1.8727382873899157	0.021836713666666667	1.5125473320133331
1.8744836166419099	0.024677900000000003	1.5193462159533333
1.876228945893904	0.0249374	1.51879028514
1.8779742751458983	0.023891769666666663	1.5127321480533333
1.8797196043978928	0.026927610666666664	1.5102684191666667
1.881464933649887	0.031146029999999998	1.5126291202833333
1.8832102629018816	0.029569146666666664	1.5139500885133332
1.8849555921538759	0.025878235666666666	1.5152300864300001
1.88670092140587	0.023186009999999996	1.5150645006833332
1.8884462506578648	0.020004576666666666	1.5087472194466667
1.890191579909859	0.018924816666666667	1.4989073451233335
1.8919369091618532	0.022935539999999997	1.4922706921566666
1.8936822384138474	0.025125493333333332	1.4870835764966666
1.8954275676658416	0.024601701000000004	1.4858824614233335
1.8971728969178363	0.02709684	1.4942621789166666
1.8989182261698305	0.029762073333333333	1.5058397271933333
1.900663555421825	0.025739293333333333	1.5084136879366667
1.9024088846738192	0.020858140333333334	1.5038498005899998
1.9041542139258134	0.01985952333333333	1.4960851725133333
1.9058995431778076	0.019917453333333335	1.4849806347233332
1.9076448724298019	0.020532006666666665	1.47520826913
1.9093902016817967	0.023620210000000003	1.4730224458966665
1.911135530933791	0.023618441666666663	1.4732928074833334
1.9128808601857852	0.020430363	1.47397594102
1.9146261894377794	0.02085080166666667	1.4787454356133332
1.9163715186897738	0.02425022666666667	1.4827875732
1.9181168479417683	0.023011695	1.4764955408800002
1.9198621771937625	0.020570982333333335	1.4659663347
1.9216075064457567	0.02154059	1.4596167503766666
1.923352835697751	0.021942155666666664	1.4562138293966664
1.9250981649497452	0.019434359	1.4549259666666665
1.92684349420174	0.018928543666666665	1.4585133103899999
1.9285888234537343	0.018429253	1.459610811743333
1.9303341527057285	0.016961657666666664	1.4549407075233334
1.9320794819577227	0.019899495666666666	1.4520320134366669
1.933824811209717	0.025735018666666665	1.4521268012566664
1.9355701404617114	0.024710298666666665	1.4481620364266665
1.9373154697137056	0.020255898999999997	1.4466079383866666
1.9390607989656998	0.01953076033333333	1.4536692112566665
1.9408061282176947	0.019704513	1.4607486369533333
1.9425514574696887	0.017985737	1.4600334240033332
1.9442967867216832	0.019368494333333333	1.4551182977633332
1.9460421159736774	0.021694514666666664	1.44479259275
1.9477874452256718	0.021989666999999997	1.4310997088733333
1.949532774477666	0.023463045333333328	1.4245896231966668
1.9512781037296603	0.025978221333333332	1.427064532473333
1.953023432981655	0.022804718	1.42765655379
1.9547687622336491	0.018118351666666664	1.4275143456133332
1.9565140914856434	0.019175483999999996	1.4315493669266666
1.9582594207376378	0.02292514433333333	1.4325434384833333
1.960004749989632	0.02338795233333333	1.4237497929
1.9617500792416263	0.023732586	1.4127776216066668
1.9634954084936205	0.023916653	1.4031524463233334
1.9652407377456147	0.021674626000000002	1.3950918853033332
1.9669860669976096	0.01999179833333333	1.3943211129299997
1.9687313962496038	0.021477439666666667	1.4015440263999999
1.970476725501598	0.020498104666666666	1.4050726608633335
1.9722220547535922	0.01852450533333333	1.4046915170666665
1.9739673840055865	0.02082005666666667	1.4078032744533335
1.9757127132575811	0.023797492666666663	1.41079791703
1.9774580425095754	0.021498060000000003	1.4077288679933333
1.9792033717615696	0.018982836666666662	1.4064766256033334
1.9809487010135638	0.01825015333333333	1.4092150342133334
1.982694030265558	0.017312856666666668	1.4107120708666667
1.9844393595175527	0.018283893333333332	1.4119091956433332
1.9861846887695471	0.02231101666666667	1.4143821681033333
1.9879300180215413	0.022474229999999998	1.4103583857333333
1.9896753472735356	0.020016816666666666	1.4029746397133334
1.9914206765255298	0.020652703999999997	1.4019554398933334
1.9931660057775242	0.022140463333333332	1.4042126066433334
1.9949113350295185	0.019949068	1.4016245677333332
1.9966566642815133	0.019173897999999998	1.4001978070033332
1.9984019935335076	0.020910426666666666	1.402398605573333
2.0001473227855016	0.022034196666666665	1.40252711111
2.0018926520374962	0.023608450000000003	1.4001902254433332
2.0036379812894904	0.026934809999999997	1.3981514869033334
2.0053833105414847	0.025546446666666667	1.39023695181
2.0071286397934793	0.021511489999999998	1.3799463769899998
2.0088739690454736	0.022786766666666666	1.3791135095133333
2.0106192982974678	0.02696446333333333	1.3857181188966665
2.012364627549462	0.02591155333333333	1.38809011384
2.014109956801456	0.024746136666666668	1.3907195296900001
2.0158552860534504	0.027312136666666667	1.3982124804433333
2.0176006153054447	0.029086263333333334	1.4033584286433332
2.019345944557439	0.02959230666666667	1.4033685776966665
2.021091273809433	0.032776887	1.404011848953333
2.022836603061428	0.03272575466666666	1.4006463659433335
2.0245819323134224	0.029480333666666667	1.3932278760633334
2.0263272615654166	0.03177953	1.392705342093333
2.028072590817411	0.03730874666666667	1.39880287768
2.029817920069405	0.03467297	1.39869890378
2.0315632493213998	0.030352337333333333	1.3980418342
2.033308578573394	0.03398622166666666	1.40622551172
2.035053907825388	0.03954741333333334	1.4134522677366665
2.036799237077383	0.03999043	1.4093433360033334
2.0385445663293766	0.04142199333333333	1.4028092776733332
2.0402898955813713	0.043456056666666666	1.3976245258533333
2.0420352248333655	0.04222420333333333	1.39134855856
2.0437805540853597	0.04238916333333333	1.3895875558533333
2.045525883337354	0.04620531666666667	1.3946372025566665
2.047271212589348	0.04366066	1.39369085268
2.0490165418413424	0.038260783333333326	1.3886670595933333
2.0507618710933366	0.04241884	1.3932215371999999
2.052507200345331	0.05033141666666666	1.401882542693333
2.054252529597326	0.047888419999999994	1.39971534478
2.05599785884932	0.043613726666666665	1.396461930413333
2.0577431881013144	0.04683237333333333	1.40215602415
2.0594885173533086	0.05006727	1.40686219474
2.0612338466053033	0.048752153333333326	1.4039707086899997
2.0629791758572975	0.049661703333333335	1.4012228384766665
2.0647245051092917	0.04941624666666666	1.3960734610966665
2.0664698343612864	0.045644859999999995	1.38694247971
2.0682151636132806	0.04609401333333333	1.383977758833333
2.069960492865275	0.05046904666666666	1.38793525153
2.071705822117269	0.04675651666666667	1.3852862475933332
2.0734511513692633	0.04091426666666666	1.38223537819
2.0751964806212575	0.04559732333333333	1.3919700155966663
2.0769418098732517	0.05351102	1.4039779875966665
2.078687139125246	0.05120146666666667	1.4014302809066665
2.080432468377241	0.04683855999999999	1.3930571396433333
2.0821777976292353	0.047926906666666665	1.3877529170999998
2.08392312688123	0.047785720000000004	1.3805688312533333
2.0856684561332237	0.04378721333333333	1.3723869795699999
2.087413785385218	0.04303703666666667	1.37209786145
2.0891591146372126	0.04217867	1.3741992192999999
2.090904443889207	0.039430266666666665	1.3752068970466667
2.0926497731412015	0.04184312333333333	1.38169756884
2.0943951023931957	0.04727057333333332	1.38957174383
2.0961404316451895	0.04319943666666666	1.3848428094299998
2.097885760897184	0.03601644666666666	1.3760929319233333
2.0996310901491784	0.037447593333333334	1.3770334988533333
2.1013764194011726	0.041114356666666664	1.38005812966
2.103121748653167	0.03723327	1.3743637260533332
2.104867077905161	0.033818666666666664	1.3691382499666667
2.1066124071571553	0.0351828	1.3689216591233333
2.1083577364091495	0.03547479666666667	1.36782300605
2.1101030656611446	0.03281537333333333	1.3652914183733333
2.111848394913139	0.03167932666666667	1.3654687130166665
2.113593724165133	0.029415986666666664	1.3635576791866666
2.1153390534171272	0.02647497	1.361566830403333
2.1170843826691215	0.02785815333333333	1.3674579780633334
2.118829711921116	0.03193011666666667	1.3776749659666667
2.1205750411731104	0.030001136666666667	1.3796718670233332
2.1223203704251046	0.02570012666666667	1.3767103330533335
2.124065699677099	0.02560349	1.3755342493766665
2.1258110289290935	0.02599087333333333	1.3719720016666666
2.1275563581810877	0.021063346666666666	1.3623588908133333
2.129301687433082	0.017215723333333332	1.3560956548366665
2.131047016685076	0.017694946666666662	1.35612769909
2.1327923459370703	0.018808726666666664	1.3577546252066668
2.1345376751890646	0.018373966666666665	1.3590747744133334
2.1362830044410597	0.018725809999999996	1.3613309127233333
2.138028333693054	0.017594836666666662	1.3604765318399998
2.139773662945048	0.015318623333333333	1.3586258243766667
2.141518992197043	0.014207953333333332	1.3601261032633334
2.143264321449037	0.014337593333333332	1.36243886302
2.1450096507010312	0.012561983333333334	1.359125327173333
2.1467549799530254	0.011372103666666664	1.3539302828999997
2.1485003092050197	0.012287462666666665	1.3504151832033333
2.1502456384570143	0.013605651	1.34711435938
2.1519909677090086	0.012453682	1.3424712164433332
2.1537362969610028	0.011017718333333332	1.3409830404099998
2.155481626212997	0.010192644333333334	1.3437643207
2.157226955464991	0.009928542666666667	1.3507220599833332
2.1589722847169854	0.008974665666666666	1.3608615686933334
2.1607176139689797	0.008741572	1.3725505474666666
2.162462943220974	0.009050295	1.3800636050666668
2.164208272472968	0.009616151	1.3810615250666665
2.1659536017249623	0.008657496333333334	1.3747817209966666
2.1676989309769574	0.007467468999999999	1.3630600280166665
2.1694442602289516	0.006640954999999999	1.3485977829699998
2.171189589480946	0.006416602333333334	1.3374268158133333
2.17293491873294	0.005404862666666667	1.3321253772666666
2.1746802479849343	0.0051026579999999995	1.33330456299
2.176425577236929	0.0052435956666666665	1.3384370858766665
2.178170906488923	0.005745893199999999	1.3454046443333332
2.179916235740918	0.005981938333333333	1.3502037161366665
2.1816615649929116	0.0068452796666666664	1.35151798822
2.183406894244906	0.006867212033333334	1.3485552656666666
2.1851522234969005	0.006782471966666666	1.3435744937599998
2.1868975527488947	0.007082637399999999	1.3387845594033332
2.188642882000889	0.0080077615	1.3376631938333334
2.190388211252883	0.007228359199999999	1.339706413483333
2.1921335405048774	0.006211668966666667	1.3440633812166667
2.1938788697568716	0.006612395166666667	1.3484981729033332
2.1956241990088667	0.00801865238	1.351425261103333
2.197369528260861	0.007006535933333334	1.3502943186499998
2.199114857512855	0.0060593162666666665	1.3484930443999998
2.20086018676485	0.007240602733333334	1.34935549384
2.202605516016844	0.0088024657	1.3530163005233335
2.2043508452688383	0.008024025499999999	1.3564234180299999
2.206096174520833	0.007927928566666666	1.3601013322066664
2.207841503772827	0.008251580166666666	1.3618485264466664
2.2095868330248214	0.008224257566666667	1.3600241685466667
2.2113321622768156	0.008448693333333333	1.3545386459266666
2.21307749152881	0.009644526333333334	1.3471559801233335
2.214822820780804	0.008697143	1.3370156347733335
2.2165681500327983	0.007715718	1.3280056445866668
2.2183134792847925	0.008916371666666666	1.3239233175733331
2.2200588085367867	0.011085658333333333	1.3252430799033332
2.221804137788781	0.010874680333333333	1.3283693310366664
2.223549467040776	0.010674188666666667	1.33347168397
2.2252947962927703	0.011744276333333333	1.3391327151999999
2.2270401255447645	0.012921068666666667	1.3429071639699999
2.2287854547967587	0.011530059333333332	1.3426421980133334
2.230530784048753	0.010297024333333332	1.3421697363166667
2.2322761133007476	0.010591060666666666	1.3432172872533332
2.234021442552742	0.011449015666666666	1.3451802096299998
2.235766771804736	0.011344794	1.3460412580366665
2.2375121010567303	0.012533278666666665	1.3463217562866667
2.239257430308725	0.013436321666666667	1.3438338261033334
2.241002759560719	0.013758991333333331	1.34039068345
2.2427480888127134	0.014721431	1.3395846458399998
2.2444934180647076	0.016153393666666665	1.34237306247
2.246238747316702	0.014421993999999997	1.3447605337733333
2.247984076568696	0.012746012000000001	1.3481796672400002
2.2497294058206903	0.013801796	1.3525594770233333
2.2514747350726845	0.015896075666666665	1.3543021129266664
2.2532200643246787	0.016095199999999997	1.3503290081133335
2.254965393576674	0.016956706666666665	1.3446491153199998
2.256710722828668	0.01832946333333333	1.33883277158
2.2584560520806622	0.01909114333333333	1.3337232975133333
2.260201381332657	0.018144693333333333	1.3297978703766666
2.261946710584651	0.017428183333333333	1.32862867387
2.2636920398366454	0.016772246666666664	1.3283290030566666
2.26543736908864	0.016969012666666665	1.32960805688
2.2671826983406342	0.01791632333333333	1.33253319424
2.2689280275926285	0.020073563333333336	1.3358084514566664
2.2706733568446227	0.020904223333333333	1.3354209248899997
2.272418686096617	0.020958609999999996	1.3332374112666667
2.274164015348611	0.021106009999999998	1.33206644875
2.2759093446006062	0.021226769999999996	1.3331014745166665
2.2776546738525996	0.018961609999999997	1.3349267725633331
2.279400003104594	0.017284883333333334	1.3400174294733334
2.281145332356588	0.01784496	1.3466288111233333
2.2828906616085836	0.01930558933333333	1.3496489714633333
2.284635990860578	0.018913779999999998	1.34502789884
2.286381320112572	0.018895435	1.33645261142
2.288126649364566	0.019308279999999997	1.32733717611
2.28987197861656	0.019464369999999998	1.32200890567
2.291617307868555	0.018710006666666664	1.3226770803199999
2.2933626371205493	0.018849669333333333	1.3284458677666664
2.2951079663725436	0.018423367	1.33246255197
2.2968532956245378	0.01829214	1.3326244214399998
2.2985986248765315	0.019561602333333334	1.3291548637566666
2.300343954128526	0.021745819666666666	1.3220102676133332
2.3020892833805204	0.021299191	1.3102748853766664
2.3038346126325147	0.020520416	1.3000955808633332
2.305579941884509	0.020993870666666668	1.2954351173699998
2.307325271136503	0.021446437	1.2961176766333333
2.309070600388498	0.01964436	1.30030654757
2.3108159296404924	0.01855871633333333	1.3102000510533334
2.3125612588924866	0.018541978666666667	1.3233786725
2.314306588144481	0.018703771666666667	1.335349335343333
2.316051917396475	0.017543502666666662	1.3413567542133333
2.3177972466484698	0.016843961999999997	1.3410114067933332
2.319542575900464	0.016272675	1.3342003777066669
2.321287905152458	0.015952629666666666	1.32543771031
2.3230332344044524	0.015382559333333332	1.31962442731
2.324778563656447	0.015616551666666667	1.3200105648066667
2.3265238929084413	0.014599058	1.3237047617866669
2.3282692221604355	0.013388656333333332	1.3296092241966666
2.3300145514124297	0.013515115666666664	1.3353525451033335
2.331759880664424	0.014390014199999999	1.3371485662966667
2.333505209916418	0.012607823666666665	1.3315175905566667
2.3352505391684133	0.011433980666666666	1.3237765676433333
2.3369958684204075	0.012604472333333333	1.318069448093333
2.3387411976724017	0.014316212599999998	1.3149925433166667
2.340486526924396	0.014280843666666668	1.3131238722033332
2.34223185617639	0.014866360333333332	1.3143763215233333
2.343977185428385	0.015353732666666665	1.3173756399099998
2.345722514680379	0.015307407033333333	1.32119343372
2.3474678439323733	0.014035098333333332	1.32434810547
2.3492131731843675	0.013150523333333332	1.3273598915033331
2.3509585024363617	0.012493598999999998	1.32847478736
2.3527038316883564	0.012580445666666665	1.32763400207
2.3544491609403506	0.012358640999999998	1.3246900592166666
2.356194490192345	0.012749538999999999	1.3222619860266667
2.357939819444339	0.012165724333333332	1.3205938370733332
2.3596851486963333	0.011387191999999999	1.3215193095500002
2.3614304779483275	0.011657740333333333	1.3248157351799998
2.3631758072003217	0.012981419000000001	1.3279341231166666
2.364921136452316	0.012045669999999998	1.3257297645166668
2.36666646570431	0.011634087000000001	1.3204994016733331
2.3684117949563044	0.013282091	1.3150515148
2.3701571242083	0.014884428666666666	1.3100136182966664
2.371902453460294	0.013826497333333333	1.3044236599033332
2.373647782712288	0.01310329	1.3016546700333333
2.375393111964282	0.012722705333333334	1.3015636242766666
2.3771384412162764	0.012384666333333332	1.3032243458733332
2.3788837704682715	0.011638078999999999	1.3054505500966664
2.3806290997202657	0.012244411	1.3100624687333333
2.38237442897226	0.013480788333333334	1.3157810079033334
2.384119758224254	0.015491166	1.3212107313766666
2.3858650874762484	0.016967973333333334	1.3236213750333334
2.3876104167282426	0.01832706	1.3232854163933334
2.389355745980237	0.018056146666666665	1.3195452241633332
2.391101075232231	0.017180169999999998	1.3149285775066666
2.3928464044842253	0.0165558	1.3117051851333335
2.3945917337362195	0.016906983333333334	1.3117762044233332
2.3963370629882146	0.016191846666666666	1.3130347752199998
2.398082392240209	0.01658937	1.3163007466733334
2.3998277214922035	0.01880581	1.3206549677733332
2.4015730507441977	0.021259689999999998	1.3236887571399998
2.403318379996192	0.020940716666666664	1.3221133192066665
2.4050637092481866	0.020377516666666665	1.3192358049266666
2.406809038500181	0.02057405	1.3173817871666667
2.408554367752175	0.020991276666666663	1.3168809682333333
2.4102996970041692	0.01991615	1.3158961318566667
2.4120450262561635	0.02006202	1.31678528512
2.4137903555081577	0.021534953333333332	1.3190471178333332
2.415535684760152	0.023180116666666667	1.3207277002966666
2.417281014012146	0.023450306666666663	1.3194494809933333
2.4190263432641403	0.02412539	1.3170099657799998
2.4207716725161346	0.02396959333333333	1.3123128792866665
2.4225170017681297	0.023661206666666663	1.30584392612
2.424262331020124	0.0241096	1.2992704643199997
2.426007660272118	0.02578741	1.2959680879733333
2.4277529895241123	0.026047683333333335	1.2958976524666665
2.4294983187761066	0.027209813333333333	1.3018443451800001
2.4312436480281012	0.030648790000000002	1.3134603235
2.4329889772800954	0.034353669999999996	1.32563085252
2.4347343065320897	0.03422715666666666	1.3306019352233331
2.436479635784084	0.03379909666666667	1.32961019672
2.438224965036078	0.03529736333333333	1.3249786022166665
2.4399702942880728	0.03636854666666667	1.3170600179666665
2.441715623540067	0.03397563	1.3061287489433333
2.443460952792061	0.032510116666666665	1.2989680828166668
2.4452062820440554	0.03248426333333333	1.2974987609833333
2.4469516112960497	0.032056916666666664	1.3000738928566666
2.448696940548044	0.030911846666666663	1.3044613113033332
2.450442269800038	0.031256603333333334	1.3107971661066666
2.4521875990520323	0.03085375	1.3150787808866666
2.4539329283040274	0.031239602999999998	1.31664643098
2.4556782575560216	0.03376130333333333	1.31614620091
2.457423586808016	0.03714369666666666	1.3148439724799998
2.4591689160600105	0.03801449666666666	1.31191872437
2.4609142453120048	0.03898473066666667	1.3109848290333332
2.462659574563999	0.041093656666666666	1.3132861893266665
2.464404903815993	0.04277923333333333	1.3168572823033333
2.466150233067988	0.04078358	1.3171818806
2.467895562319982	0.039317989	1.3169944342566666
2.4696408915719763	0.041626181	1.3179933101166665
2.4713862208239705	0.04446251333333333	1.3167862392
2.4731315500759647	0.04245077866666666	1.3089813219966664
2.47487687932796	0.04065885166666666	1.3010368313966665
2.476622208579954	0.04101588933333333	1.2973785594033334
2.4783675378319483	0.039934876999999994	1.297067128783333
2.4801128670839416	0.03632819133333333	1.29836805865
2.481858196335936	0.03499794666666667	1.3032302733766667
2.4836035255879314	0.03484566	1.3072961371
2.4853488548399256	0.036084033333333335	1.3077537795999998
2.48709418409192	0.039670910000000004	1.3053822153999999
2.488839513343914	0.044891516666666666	1.3032253677566665
2.490584842595908	0.04775537	1.3004970334533335
2.492330171847903	0.04968717	1.2996955434366666
2.494075501099897	0.05140500666666667	1.3013595816166668
2.4958208303518914	0.05127383	1.30260068703
2.4975661596038856	0.045858703333333334	1.2989176641566664
2.49931148885588	0.04121942666666666	1.296744931863333
2.501056818107874	0.04325043666666667	1.30162183175
2.5028021473598683	0.047771963333333334	1.3083581155466666
2.5045474766118625	0.047064499999999995	1.30846157666
2.5062928058638567	0.04757681666666667	1.3079738755699999
2.508038135115851	0.0522488	1.3108721371499998
2.509783464367846	0.053721733333333334	1.3122293772633333
2.5115287936198403	0.04843935333333333	1.3087806704033333
2.5132741228718345	0.04428183	1.3064799497133333
2.5150194521238287	0.042502776666666665	1.3039498594999999
2.516764781375823	0.04132622	1.2973170054766667
2.5185101106278176	0.04071852666666666	1.2874783722366665
2.520255439879812	0.043260016666666665	1.2813783670999999
2.522000769131806	0.04725722333333333	1.28088069044
2.5237460983838007	0.051421663333333326	1.2864260949133333
2.525491427635795	0.05379825	1.2956098596533334
2.527236756887789	0.05441910999999999	1.3046995043066665
2.5289820861397834	0.05053637333333333	1.30686838672
2.5307274153917776	0.04535900333333333	1.3044713406999997
2.532472744643772	0.04457162333333334	1.30263474504
2.534218073895766	0.04680277	1.2989874979399998
2.535963403147761	0.044595046666666666	1.2870300318799999
2.5377087323997554	0.044785519999999995	1.2765965682066667
2.5394540616517496	0.0526103	1.2766231801233332
2.541199390903744	0.05805292333333334	1.2809284014233333
2.542944720155738	0.05270762	1.2824712831733334
2.5446900494077327	0.04752045666666666	1.29027387233
2.546435378659727	0.047678526666666665	1.30484652941
2.548180707911721	0.04632297666666666	1.31346570983
2.5499260371637154	0.04019152666666667	1.3091238976233335
2.5516713664157096	0.03864903	1.3018208257933335
2.5534166956677042	0.044094699999999994	1.296848391223333
2.5551620249196985	0.050375846666666654	1.2923358160266667
2.5569073541716927	0.052853889999999994	1.2878822221466666
2.558652683423687	0.05571831	1.2889843641966667
2.560398012675681	0.05781286	1.2932259515566666
2.5621433419276762	0.056507260000000004	1.2970749039066667
2.5638886711796696	0.053081746666666665	1.2998673764666666
2.565634000431664	0.05051927666666667	1.30105890715
2.567379329683658	0.04573718666666666	1.2951740521899997
2.5691246589356522	0.042531	1.2865492887899999
2.570869988187648	0.04523576333333333	1.2813625924333332
2.572615317439642	0.04934952666666666	1.2773507706866667
2.5743606466916362	0.04740581333333333	1.2700838361066664
2.57610597594363	0.04640643666666667	1.2705853161833334
2.5778513051956247	0.05117225	1.2848498118433334
2.5795966344476193	0.054030053333333335	1.3009332645666665
2.5813419636996136	0.04786908666666666	1.3052815073200001
2.5830872929516078	0.04361280666666667	1.30479814347
2.584832622203602	0.04772604	1.3040211148999998
2.586577951455596	0.050827330000000004	1.2941454194833333
2.5883232807075904	0.04521986333333333	1.27191301472
2.5900686099595847	0.04231256333333333	1.2549443664333333
2.591813939211579	0.04698246666666667	1.2515843041133332
2.593559268463574	0.04949685999999999	1.2528588178866666
2.595304597715568	0.04441769333333333	1.2533942843499999
2.5970499269675624	0.04216677333333333	1.2631345689366666
2.598795256219557	0.045119849999999996	1.2823591342833334
2.6005405854715513	0.04669008333333333	1.30169804981
2.6022859147235455	0.04480542999999999	1.3148733668966668
2.6040312439755398	0.045229069999999996	1.3217137718333334
2.6057765732275344	0.04589112333333334	1.31695561906
2.6075219024795286	0.04529108666666666	1.3034547602033333
2.609267231731523	0.045525616666666664	1.29080638148
2.611012560983517	0.046378153333333325	1.2831160902666667
2.6127578902355113	0.042588909999999994	1.2762255591166667
2.6145032194875055	0.03965188333333333	1.27580065134
2.6162485487394997	0.04228633	1.2840233470266667
2.617993877991494	0.04449784	1.2901618553733332
2.619739207243488	0.03974591666666666	1.2857960048233332
2.6214845364954824	0.03714374	1.2829439418900002
2.6232298657474775	0.04151389	1.2874996652233333
2.6249751949994717	0.04456927	1.2877634054866665
2.626720524251466	0.03923426333333333	1.2752155791999997
2.62846585350346	0.03655367999999999	1.2649666407366666
2.6302111827554544	0.04290340666666666	1.26770046304
2.631956512007449	0.04779247333333332	1.27512054063
2.6337018412594433	0.04249285333333333	1.2789231025666665
2.6354471705114375	0.03969287666666667	1.2888196136699999
2.6371924997634317	0.04476550666666666	1.3041531063199998
2.638937829015426	0.046004343333333336	1.3089799681933334
2.6406831582674206	0.03808243	1.2972592691833331
2.642428487519415	0.03374268666666666	1.2834024073899999
2.644173816771409	0.03564238	1.2727323469233331
2.6459191460234033	0.036381663333333335	1.26129194159
2.6476644752753975	0.03391995333333333	1.2500431520533333
2.6494098045273917	0.03500420333333333	1.2468866711833333
2.651155133779386	0.03868435	1.2509727531466668
2.652900463031381	0.041623426666666664	1.26067831742
2.6546457922833753	0.04306083333333333	1.2749948131766664
2.6563911215353695	0.04454324	1.2898102598399999
2.658136450787364	0.04237975	1.2960126382533332
2.6598817800393584	0.03908048333333333	1.29630651538
2.6616271092913526	0.038894776666666665	1.2956441862799999
2.663372438543347	0.03878341333333333	1.2896128135366665
2.665117767795341	0.032481656666666664	1.27313724039
2.6668630970473353	0.028496769999999998	1.2601447197666666
2.66860842629933	0.03178691	1.2594945569566667
2.6703537555513237	0.03364969333333333	1.26170941127
2.6720990848033184	0.02779673	1.2587126009666667
2.673844414055312	0.025226716666666666	1.2621015049266666
2.6755897433073077	0.03022269333333333	1.2745593094099998
2.677335072559302	0.03356407333333333	1.28193358399
2.679080401811296	0.028750136666666665	1.27638538486
2.6808257310632904	0.027113433333333332	1.272798583173333
2.6825710603152837	0.03393238333333333	1.2778401344666668
2.6843163895672792	0.03809235333333333	1.2797658901699998
2.6860617188192735	0.031803719999999994	1.2717198664133331
2.6878070480712677	0.028144196666666666	1.2681827740266665
2.689552377323262	0.03169356	1.274376988063333
2.691297706575256	0.03172403666666666	1.2805898930966668
2.6930430358272504	0.024471139999999995	1.2821958776633333
2.694788365079245	0.02160177333333333	1.28687279406
2.696533694331239	0.02454502	1.29170237513
2.6982790235832335	0.02652736	1.28945093342
2.7000243528352272	0.02524352666666666	1.28049979263
2.701769682087222	0.026666399999999996	1.2727123831133333
2.703515011339216	0.030074083333333328	1.2665127148933335
2.7052603405912103	0.03181705	1.26180167904
2.7070056698432046	0.03087573666666666	1.25914896606
2.708750999095199	0.030520566666666665	1.2587679376933332
2.710496328347194	0.028531063333333332	1.2577324215066668
2.712241657599188	0.026527436666666668	1.26171638684
2.7139869868511823	0.02735381	1.2733121379566668
2.7157323161031766	0.028527766666666666	1.28342904054
2.7174776453551712	0.024622756666666665	1.2815698873366665
2.7192229746071654	0.02219089333333333	1.2755941523533334
2.7209683038591597	0.024373846666666664	1.2722701369833331
2.722713633111154	0.02491433	1.2673556357733333
2.7244589623631486	0.019408576666666667	1.2587289138833333
2.7262042916151423	0.016652543333333332	1.25921493016
2.727949620867137	0.02015405333333333	1.27167217518
2.729694950119131	0.022854609999999997	1.2829677951433331
2.7314402793711254	0.018762026666666667	1.2843211531566665
2.7331856086231197	0.01829094333333333	1.2882820509733333
2.734930937875114	0.02605093333333333	1.2990363790733332
2.736676267127109	0.030330603333333334	1.30204172783
2.738421596379103	0.023682859333333334	1.2890895023933333
2.7401669256310974	0.019605169999999998	1.2756994700566664
2.7419122548830916	0.02203993	1.2691945596466665
2.743657584135086	0.02073084	1.2633571632099998
2.7454029133870805	0.012887597	1.2582311233199999
2.7471482426390748	0.009892800333333333	1.2650099960266665
2.748893571891069	0.013264784333333335	1.2805656885166665
2.750638901143063	0.016021623333333332	1.29211589115
2.7523842303950574	0.014454535666666666	1.2925798955399999
2.754129559647052	0.01578002766666667	1.2874557306233332
2.755874888899046	0.021128057666666665	1.2784814526433332
2.7576202181510405	0.023648108666666667	1.2649554091466664
2.7593655474030343	0.01981825833333333	1.24932893618
2.761110876655029	0.017652857666666664	1.2401698704933333
2.762856205907024	0.018020473	1.2387766963933333
2.7646015351590183	0.017093807666666665	1.2446874161866666
2.7663468644110116	0.014598369666666666	1.2568812194433332
2.768092193663006	0.014714063333333333	1.27299018408
2.769837522915	0.015638404999999998	1.2855118455866665
2.7715828521669956	0.016736197999999997	1.2930248299966665
2.77332818141899	0.017450242666666664	1.2946481037599997
2.775073510670984	0.018243523333333334	1.28869002211
2.7768188399229783	0.01685218333333333	1.27496092279
2.7785641691749725	0.015204579666666666	1.2641898485933334
2.780309498426967	0.015080286666666666	1.2632637050733333
2.782054827678961	0.015357943333333332	1.26809907623
2.7838001569309556	0.011923670333333332	1.2714204811499998
2.7855454861829494	0.010938269666666667	1.27883995679
2.787290815434944	0.015539339	1.2901448929833332
2.7890361446869383	0.018404454666666667	1.2932789255966666
2.7907814739389325	0.014410334666666667	1.2825201116933331
2.7925268031909276	0.013244465999999998	1.2715928188833332
2.794272132442922	0.016678716333333333	1.2656541467233333
2.796017461694916	0.017030797	1.2577591717666665
2.7977627909469107	0.011438878	1.2468462818033335
2.799508120198905	0.008751506333333332	1.2457049629066665
2.801253449450899	0.011068419999999999	1.2564922996899999
2.8029987787028934	0.012444362	1.26907043221
2.8047441079548876	0.008644200333333333	1.2754342622799997
2.8064894372068823	0.008089915	1.28111758851
2.808234766458876	0.013048137666666668	1.2857606946533333
2.8099800957108707	0.015224482	1.2818701642266666
2.8117254249628645	0.010499601333333332	1.2686688652099998
2.813470754214859	0.009175661666666666	1.2595892743533332
2.8152160834668534	0.013142332999999999	1.2589501547033333
2.8169614127188476	0.014708923999999998	1.261097877
2.818706741970842	0.010566891333333332	1.262924249543333
2.820452071222836	0.009913167666666667	1.27130573352
2.8221974004748303	0.014743690333333332	1.2848434110799998
2.8239427297268254	0.017473044	1.2948982689366666
2.8256880589788196	0.013824305333333332	1.2962500927866665
2.827433388230814	0.012841919666666667	1.2943031629499997
2.829178717482808	0.015446686333333334	1.28885281263
2.8309240467348022	0.014702889333333333	1.2778996890933332
2.832669375986797	0.009697415	1.263955332953333
2.834414705238791	0.007908799666666667	1.2539647463533332
2.8361600344907854	0.008235802666666667	1.2482860430033331
2.8379053637427796	0.008237780666666666	1.2486540774566666
2.839650692994774	0.007300357666666667	1.2548973708699998
2.841396022246768	0.008088247666666666	1.2648216483466668
2.8431413514987627	0.010259174666666666	1.2735283136133333
2.8448866807507565	0.012394642666666665	1.2802692900833332
2.846632010002751	0.011638626666666665	1.2829555135133335
2.8483773392547453	0.011320943333333333	1.2821932782899998
2.8501226685067405	0.011338851666666667	1.2782673658933332
2.8518679977587347	0.010231240666666665	1.2747499609933333
2.853613327010729	0.008469013666666666	1.2722853226833333
2.855358656262723	0.008699399333333333	1.2694931721666667
2.8571039855147173	0.008304996999999998	1.2644193327366664
2.858849314766712	0.008927883	1.2639535903433332
2.8605946440187062	0.010948612	1.2706724720099998
2.8623399732707004	0.012834511	1.279689748
2.8640853025226947	0.012932342	1.2844365574099998
2.865830631774689	0.013998771	1.2863019642866667
2.8675759610266836	0.014932522333333332	1.2842138992466667
2.8693212902786778	0.014709400666666666	1.2770534372566664
2.871066619530672	0.011518971666666666	1.2669040462833332
2.872811948782666	0.009456308333333333	1.2633817442400002
2.87455727803466	0.010898941999999998	1.2673760017133333
2.8763026072866555	0.012159033999999999	1.2701161978933333
2.8780479365386498	0.008750079000000001	1.2659661883
2.879793265790644	0.007961681	1.2645396862766667
2.881538595042638	0.01081132	1.2696299682133332
2.8832839242946324	0.011152168666666665	1.2763207721499998
2.885029253546627	0.007804990333333333	1.2805442454366667
2.8867745827986213	0.0073906139999999985	1.2846237817066666
2.8885199120506155	0.008973134666666667	1.2851081174599996
2.8902652413026098	0.009456060999999998	1.27962750653
2.892010570554604	0.00677474	1.2706547168966664
2.893755899806598	0.006768901333333334	1.2682885517666664
2.895501229058593	0.012276787666666665	1.27454294892
2.8972465583105866	0.016665600333333332	1.2807048949
2.8989918875625813	0.013781105333333335	1.2786407412533332
2.900737216814575	0.013763209333333333	1.2753371424333333
2.9024825460665697	0.018417122333333334	1.2733879206399998
2.904227875318564	0.018070613333333332	1.2689817200266664
2.905973204570558	0.011574723666666665	1.2630678974833334
2.9077185338225524	0.00924646	1.26367937773
2.9094638630745466	0.010128495333333333	1.2686329300733332
2.9112091923265417	0.009391928666666667	1.2730603124799997
2.912954521578536	0.006033608333333333	1.2746055959066667
2.91469985083053	0.006149137666666666	1.27669658472
2.916445180082525	0.011221671666666665	1.2791017939399998
2.918190509334519	0.015372012333333332	1.27884178235
2.9199358385865133	0.013144977333333332	1.2733238205633333
2.921681167838508	0.013469176333333333	1.2694046822499998
2.9234264970905017	0.018296944666666665	1.2682809742666665
2.9251718263424964	0.018562350999999998	1.2650797642399998
2.92691715559449	0.012242113666666665	1.2591221252466667
2.928662484846485	0.010239117666666665	1.25968599097
2.930407814098479	0.012421996	1.2680861396666665
2.9321531433504733	0.012201051999999999	1.2797565673866667
2.9338984726024675	0.008262519333333333	1.2890244226966665
2.9356438018544617	0.008133959	1.2945335764466666
2.937389131106457	0.012099763666666666	1.2923542829733332
2.939134460358451	0.013916282666666668	1.282288551453333
2.9408797896104453	0.010321258	1.2692789643833333
2.9426251188624395	0.009275761	1.2636029331633332
2.9443704481144337	0.011422305	1.2658722719766664
2.9461157773664284	0.011140577666666667	1.27048916647
2.9478611066184226	0.007557782666666666	1.27183727712
2.949606435870417	0.00767585	1.2717453539
2.951351765122411	0.010685976666666666	1.2717930088033333
2.9530970943744053	0.012856347999999998	1.2743258711433332
2.9548424236264	0.012560146333333331	1.2774339331666664
2.956587752878394	0.014693842666666665	1.2795190540333332
2.9583330821303884	0.019165968666666665	1.27645243977
2.960078411382382	0.021360727666666666	1.2674550063533332
2.961823740634377	0.018370603	1.2562983352633332
2.963569069886372	0.016809466666666665	1.2539673238766667
2.965314399138366	0.017243965333333333	1.2631210495566667
2.9670597283903604	0.015348782333333333	1.2782860971266665
2.9688050576423537	0.010315656666666666	1.2917174387866666
2.970550386894349	0.008504860666666666	1.3019870365333333
2.9722957161463435	0.009014151	1.30614637534
2.9740410453983377	0.008794393999999999	1.30419346426
2.975786374650332	0.007443782666666667	1.2976367492066665
2.977531703902326	0.008416315333333334	1.28935646512
2.9792770331543204	0.009559056	1.2778242352999998
2.981022362406315	0.010748708333333332	1.2661351642433332
2.982767691658309	0.012407507333333333	1.2573645211333333
2.9845130209103035	0.014198127	1.2534419296266663
2.9862583501622977	0.013996925666666667	1.2547855491533333
2.988003679414292	0.015211567999999998	1.2656483457133332
2.989749008666286	0.016767666333333334	1.2829441240833332
2.9914943379182812	0.017567597666666664	1.3016159097066666
2.9932396671702755	0.01829228733333333	1.3162684240533333
2.9949849964222697	0.019335251999999997	1.32183387276
2.996730325674264	0.017585419666666664	1.3131188775633333
2.9984756549262586	0.016679315666666666	1.2961661978
3.000220984178253	0.016191554666666667	1.2772614028833333
3.001966313430247	0.014343863666666666	1.2617542664566666
3.0037116426822412	0.012845830666666669	1.2534040396666666
3.0054569719342354	0.013110512999999999	1.2527948499633332
3.00720230118623	0.010634396666666665	1.25428810611
3.008947630438224	0.010193327666666665	1.26140632052
3.0106929596902186	0.013163324999999998	1.2768099553733332
3.0124382889422123	0.013466151333333332	1.2964218328366668
3.014183618194207	0.010263116999999999	1.3139020428666666
3.015928947446201	0.011180801333333332	1.3269560315333333
3.0176742766981954	0.013813963333333333	1.3282515414433331
3.0194196059501897	0.014998756333333335	1.3170748288666667
3.021164935202184	0.014285433333333333	1.3003482550133332
3.022910264454178	0.014521124666666666	1.2881319902766668
3.024655593706173	0.016614478	1.2821136683666667
3.0264009229581674	0.018813909999999996	1.2781971831033332
3.0281462522101616	0.017072660999999996	1.2713849261133332
3.029891581462156	0.017878449999999997	1.26870084424
3.03163691071415	0.021879376333333332	1.2752123121033332
3.0333822399661448	0.021134182666666668	1.2882450358366666
3.035127569218139	0.015051979333333335	1.3016748030466667
3.036872898470133	0.013246421666666668	1.31278913342
3.0386182277221274	0.014006705999999997	1.3155593011133333
3.040363556974122	0.013299905666666667	1.3113098591033332
3.042108886226116	0.010569255333333333	1.3057091021333331
3.0438542154781105	0.009882400999999999	1.3036870077033331
3.0455995447301047	0.012530457666666665	1.3007913338733332
3.047344873982099	0.014720668333333334	1.28909842792
3.049090203234093	0.011554924666666664	1.2677250776766666
3.0508355324860883	0.013296082666666667	1.25681712709
3.0525808617380825	0.022147520333333337	1.2703020240933331
3.0543261909900767	0.024352151999999995	1.2992171082466668
3.056071520242071	0.01719170333333333	1.32678753729
3.057816849494065	0.016423756666666664	1.3468433706766665
3.05956217874606	0.020510777333333334	1.3521886014933333
3.061307507998054	0.01909759133333333	1.3452849851600002
3.0630528372500487	0.013463577666666665	1.34060916857
3.0647981665020425	0.012285332	1.3473882466466665
3.0665434957540367	0.014053174000000002	1.35133243253
3.0682888250060314	0.014081690666666667	1.33437076332
3.0700341542580256	0.010077405	1.2946512942066666
3.07177948351002	0.010177322999999999	1.2567124938199998
3.073524812762014	0.016650162333333333	1.24519319807
3.075270142014008	0.019327571333333335	1.2622667474366667
3.0770154712660034	0.013443866666666667	1.291374740303333
3.0787608005179976	0.014196723333333331	1.3218401646733333
3.080506129769992	0.02288538833333333	1.3433635776333333
3.082251459021986	0.023462288666666664	1.3509755107033332
3.0839967882739803	0.014416313333333333	1.3554335584933332
3.085742117525975	0.013466233666666664	1.3721989445966667
3.087487446777969	0.019201458666666664	1.3885942230700001
3.0892327760299634	0.018585350333333334	1.3821758495899998
3.0909781052819576	0.011988903999999998	1.3516089347033333
3.092723434533952	0.011638805999999998	1.3185050538833332
3.094468763785946	0.017180790333333334	1.2979291208100001
3.0962140930379407	0.018503989999999998	1.2904281977999998
3.0979594222899345	0.011100506	1.2920458622366664
3.099704751541929	0.011746960666666667	1.3158362760966666
3.101450080793923	0.026164110999999997	1.36955908498
3.1031954100459176	0.03016853233333333	1.4323358480566668
3.104940739297912	0.015629566666666664	1.4754713305433333
3.106686068549906	0.014038839999999999	1.488171883173333
3.1084313978019003	0.025489418333333333	1.4548594222866664
3.1101767270538954	0.020968808999999998	1.3826364638966666
3.1119220563058896	0.007693644333333333	1.3325388371366667
3.113667385557884	0.008848147333333334	1.3570378762533333
3.1154127148098785	0.014481609666666668	1.4256285649133336
3.1171580440618727	0.015157227333333332	1.4640576458633334
3.118903373313867	0.011541951333333331	1.4246421236833333
3.120648702565861	0.010726781	1.3473536932066665
3.122394031817856	0.025142821666666666	1.3501455618133333
3.1241393610698496	0.03740405666666667	1.5081829371466666
3.1258846903218442	0.024755086666666665	1.7608174885799999
3.127630019573838	0.028906966666666666	1.9601671972366665
3.1293753488258327	0.060941483666666664	1.9453856832833332
3.131120678077827	0.05251599366666666	1.686812242326667
3.132866007329821	0.014347042666666665	1.45760339362
3.1346113365818153	0.022221103333333332	1.6851002241633335
3.1363566658338096	0.05504343433333332	2.552740947053333
3.1381019950858047	0.07855231933333333	3.832368299623333
3.139847324337799	0.1461052333333333	5.024043498536667
3.141592653589793	0.3091377066666666	5.640464464879999