# O(3P)+CO2(000; j=0) -> O(3P)+CO2(000; j') scattering, statistically averaged (3A2+3B2+3B1) potential energy surfaces
# Differential cross sections; packaged by M. Gacesa (marko.gacesa@nasa.gov), Apr 30 2019
# E = 1.14561 eV
# theta(rad)                 elastic DCS                total DCS (both in units of 1E-16 cm^2/Sr)
0.	2.3845806666666665e6	2.4431936883886177e6
0.0017453292519943296	1.8659676999999997e6	1.9080736780416667e6
0.003490658503988659	933881.1333333333	950573.473432
0.005235987755982989	351577.7	357605.7289633333
0.006981317007977318	119611.66666666666	123663.76676466667
0.008726646259971648	44368.88999999999	48917.26764866667
0.010471975511965978	35330.837666666666	40463.333943076665
0.012217304763960305	34666.17566666666	38752.74727432333
0.013962634015954637	25133.246333333333	27790.247357076663
0.015707963267948967	15635.163333333332	17780.072879636664
0.017453292519943295	9882.749333333333	12225.783042209998
0.019198621771937624	8216.072999999999	10811.944204436666
0.020943951023931956	8641.923999999999	10943.755067236667
0.02268928027592628	7245.805	8819.131188426665
0.02443460952792061	4665.106666666667	5832.664501966666
0.02617993877991494	3025.197	4322.092399513333
0.027925268031909273	2502.4636666666665	4051.0257727099997
0.029670597283903602	2735.6757	4280.826863763334
0.031415926535897934	2751.6335999999997	3951.58945367
0.03316125578789226	1933.3828999999998	2739.5496779566665
0.03490658503988659	1086.2096333333332	1794.6997860133333
0.03665191429188092	789.656	1632.7026103433332
0.03839724354387525	882.0056	1813.4602311683332
0.040142572795869566	1068.309	1907.3499967996668
0.04188790204786391	957.1639666666666	1581.8166804023333
0.043633231299858244	548.1109333333333	1020.5894576443334
0.04537856055185256	270.0968733333333	760.5690894953333
0.047123889803846894	255.78278	829.3943748413333
0.04886921905584122	362.6975666666666	940.5642070476666
0.05061454830783555	439.15057666666667	923.1593355340001
0.05235987755982988	345.66836666666666	711.1340413913333
0.054105206811824215	157.83119333333332	469.9320276336667
0.05585053606381855	72.15721333333332	413.5617079256667
0.05759586531581287	99.81790333333333	476.56326047299996
0.059341194567807204	158.96249333333333	515.3390058256666
0.061086523819801536	188.6037	485.2676504633333
0.06283185307179587	137.85399999999998	383.4404117083333
0.0645771823237902	56.00642333333333	291.03041098266664
0.06632251157578452	29.076923333333333	282.039364005
0.06806784082777885	45.09128	299.5177310813333
0.06981317007977318	66.89134666666666	288.2897179003333
0.0715584993317675	78.59616333333332	258.43681100066664
0.07330382858376185	59.263176666666666	218.710881154
0.07504915783575618	29.732764666666668	197.5014610005333
0.0767944870877505	24.98047333333333	210.456754782
0.07853981633974483	31.515358323333334	214.15007167533332
0.08028514559173913	35.168339	188.90386809466668
0.08203047484373349	37.81988	158.27814037499996
0.08377580409572782	30.251996666666663	133.97661612636665
0.08552113334772216	20.474612333333333	129.5150083396333
0.08726646259971649	22.593373333333332	146.6871170449
0.08901179185171079	25.638026	154.53170685556665
0.09075712110370512	25.174071333333334	142.36991969796668
0.09250245035569944	26.461997	124.65381574376666
0.09424777960769379	23.175109999999997	105.8355721626
0.09599310885968812	18.771970333333332	95.77132523083333
0.09773843811168244	20.30496	99.63013820463334
0.09948376736367677	20.281865333333336	102.01591512096664
0.1012290966156711	18.797812333333333	99.54618983136666
0.10297442586766543	20.614812999999998	98.05771860696666
0.10471975511965977	19.722077	92.45594905126666
0.10646508437165408	17.569747666666665	85.92300379636666
0.10821041362364843	18.22461	82.8512147251
0.10995574287564276	16.456436666666665	76.8222545276
0.1117010721276371	14.458409333333332	71.52473868759999
0.11344640137963143	16.313531333333334	72.42692586339999
0.11519173063162574	16.39641633333333	72.83390683376666
0.11693705988362009	15.392759999999999	72.66544023473332
0.11868238913561441	16.045856666666666	73.09782765413333
0.12042771838760875	14.144983333333332	68.38318362583333
0.12217304763960307	11.99935	62.49793451146667
0.12391837689159738	13.148574666666665	60.71169090946666
0.12566370614359174	13.030062333333333	58.74199371023333
0.12740903539558604	12.162336333333332	57.95773961089999
0.1291543646475804	12.782246666666667	59.84736334536667
0.13089969389957473	11.403186666666665	59.078796397666665
0.13264502315156904	9.381588	57.03107183216666
0.1343903524035634	9.531149333333333	56.26932699033333
0.1361356816555577	8.837892333333333	53.2673834278
0.13788101090755206	7.892956	50.16456072353333
0.13962634015954636	8.387288333333334	49.62274627096666
0.1413716694115407	7.666105999999999	48.77731216356666
0.143116998663535	6.370479	48.69330789789999
0.14486232791552936	6.3196270000000005	50.19110254096667
0.1466076571675237	5.539869333333333	49.44206945513333
0.148352986419518	4.697245	47.3691988452
0.15009831567151236	4.960018333333332	45.83046781903333
0.15184364492350666	4.4892726666666665	43.4566828545
0.153588974175501	3.7466166666666667	42.08592518713333
0.15533430342749535	3.790563333333333	42.80344582666667
0.15707963267948966	3.2692246666666667	42.840585383400004
0.158824961931484	2.8769670000000005	42.53460552756666
0.16057029118347826	3.2565023333333336	42.350878283166665
0.16231562043547265	3.0525596666666663	40.7152274372
0.16406094968746698	2.726749	39.05604951263333
0.16580627893946132	2.8258556666666665	38.427383736466666
0.16755160819145565	2.372234333333333	37.375338045099994
0.16929693744344992	2.2280786666666668	36.8469176317
0.1710422666954443	2.803977666666667	37.1754260576
0.17278759594743864	3.0088100000000004	36.81366221333333
0.17453292519943298	3.302913666666666	36.4806363702
0.17627825445142725	3.7958683333333334	36.42463767456667
0.17802358370342158	3.386607333333333	35.22138786746667
0.17976891295541597	2.98867	33.95727198136667
0.18151424220741025	3.283491	33.450562779600006
0.18325957145940458	3.5170049999999997	32.83710224266666
0.18500490071139888	4.061779	32.754315931399994
0.18675022996339324	4.872967	33.2469236144
0.18849555921538758	4.695421666666666	32.79786107993333
0.1902408884673819	4.101095666666666	31.9290822398
0.19198621771937624	3.935012333333333	31.342224395066665
0.19373154697137057	3.8181556666666667	30.512681453533332
0.19547687622336488	4.035716333333333	29.988806044766665
0.19722220547535924	4.677390333333332	30.060623442866664
0.19896753472735354	4.691026666666667	29.708746342900003
0.2007128639793479	4.178917333333333	29.124072179266665
0.2024581932313422	3.7594943333333335	28.70794688513333
0.20420352248333656	3.298525333333333	28.033467902766663
0.20594885173533087	3.030066333333333	27.372658921733333
0.20769418098732523	3.251916	27.076398209799997
0.20943951023931953	3.390537666666666	26.680964747833332
0.2111848394913139	3.267206333333333	26.30318273713333
0.21293016874330817	3.051056	26.114639793699997
0.21467549799530256	2.6228906666666667	25.7782480949
0.21642082724729686	2.1071966666666664	25.3047929592
0.2181661564992912	1.8624523333333332	24.882741806566663
0.21991148575128552	1.834533	24.40231409043333
0.22165681500327983	1.914923	24.029454570066665
0.2234021442552742	1.9476192	23.8127919824
0.22514747350726852	1.7649543333333333	23.5905944287
0.22689280275926285	1.4238184333333335	23.348019299399997
0.22863813201125716	1.1323137333333333	23.062862735266666
0.2303834612632515	1.0072791666666667	22.651304425533333
0.23212879051524585	1.1378302666666666	22.284803071866666
0.23387411976724018	1.3419243666666667	21.989104159366665
0.23561944901923448	1.4112097666666665	21.7460923875
0.23736477827122882	1.3316524333333333	21.615055262733335
0.23911010752322315	1.1526650666666667	21.504677116066667
0.2408554367752175	0.9422736666666666	21.258789581666665
0.24260076602721184	0.9353172333333333	20.96677300253333
0.24434609527920614	1.1629459	20.66831590583333
0.24609142453120048	1.4599191333333332	20.419348044333333
0.24783675378319475	1.6661673333333333	20.289994988266663
0.24958208303518917	1.6929981666666667	20.2454497476
0.25132741228718347	1.4984191333333332	20.157825276366665
0.2530727415391778	1.2726075333333333	19.969699328666668
0.2548180707911721	1.2532999999999999	19.650300587133334
0.25656340004316636	1.4840156666666664	19.277293439399998
0.2583087292951608	1.7635429999999999	18.883350748733335
0.26005405854715513	1.964471	18.569521945033333
0.26179938779914946	2.0043326666666665	18.4561747988
0.2635447170511437	1.8396956666666666	18.455902382433333
0.26529004630313807	1.6390449999999999	18.410201845899998
0.26703537555513246	1.636509933333333	18.329990339333335
0.2687807048071268	1.705439333333333	18.043097360799997
0.270526034059121	1.7849256666666666	17.551673687066664
0.2722713633111154	1.9447973333333333	17.188590702766664
0.2740166925631097	1.9747786666666667	16.979783034366665
0.2757620218151041	1.7488226666666666	16.760967244133333
0.27750735106709834	1.5604793999999997	16.689460474433332
0.2792526803190927	1.4318205666666668	16.616573477433334
0.280998009571087	1.3359238	16.33679995596667
0.2827433388230814	1.490988	16.110844158666666
0.2844886680750758	1.7056093333333333	15.958809098066663
0.28623399732707	1.5863563333333333	15.640952029133333
0.28797932657906433	1.3384473333333333	15.445037583233333
0.2897246558310587	1.1115379666666667	15.4485693239
0.291469985083053	0.8704577333333333	15.387842595866667
0.2932153143350474	0.8769508333333331	15.369069057499999
0.29496064358704166	1.1128752333333332	15.351596549333332
0.296705972839036	1.1461797333333332	14.979271491666665
0.2984513020910303	1.0325218333333332	14.503834124466666
0.3001966313430247	0.9118287999999999	14.196929996166668
0.301941960595019	0.6880820333333332	13.946192039933333
0.3036872898470133	0.5591203	13.9029410036
0.30543261909900765	0.6729385999999999	14.100023194366667
0.307177948351002	0.7441559666666666	14.12569835
0.3089232776029963	0.7590560333333333	14.013655861566665
0.3106686068549907	0.7902747999999999	13.9067950486
0.312413936106985	0.6768142	13.651875356766666
0.3141592653589793	0.49845433333333333	13.3956384548
0.31590459461097364	0.4573102999999999	13.322569570033332
0.317649923862968	0.46313689999999996	13.222819045499998
0.3193952531149623	0.5428890333333334	13.165228495633333
0.32114058236695653	0.6984248	13.2252828488
0.32288591161895097	0.7332375666666666	13.169708329033334
0.3246312408709453	0.6582321666666666	13.0443275354
0.32637657012293964	0.5952786999999999	12.971722190766666
0.32812189937493397	0.5038573333333333	12.778181524333334
0.32986722862692824	0.5259470333333334	12.626908385633332
0.33161255787892263	0.7065241666666667	12.674636902066666
0.3333578871309169	0.8507267000000001	12.705151500999998
0.3351032163829113	0.9636954666666666	12.737391462900002
0.3368485456349056	1.0550519999999999	12.807057721899998
0.33859387488689985	0.9358232	12.5978904161
0.34033920413889424	0.7938028	12.254636182599999
0.3420845333908886	0.8381987	12.077411125366666
0.3438298626428829	0.9119569333333333	11.926707742966666
0.3455751918948773	1.0141120666666665	11.853779554333332
0.34732052114687156	1.1714933333333333	11.987574119566666
0.34906585039886595	1.094523	11.9770969882
0.3508111796508603	0.8902931333333332	11.8214815493
0.3525565089028545	0.8677845	11.789979987633332
0.3543018381548489	0.9079086	11.697932035866666
0.35604716740684317	0.9615263333333333	11.5158698177
0.35779249665883756	1.126426333333333	11.495530515333332
0.35953782591083194	1.1213416	11.436888379699997
0.3612831551628262	0.9147415999999999	11.304985583133334
0.3630284844148205	0.8118032333333334	11.355865603366667
0.3647738136668149	0.7498667000000001	11.376427919133334
0.36651914291880916	0.6511101999999999	11.179042491606666
0.36826447217080355	0.7168726666666667	11.0075589923
0.37000980142279777	0.7994759	10.805256513526666
0.3717551306747922	0.7501535666666667	10.557036161626666
0.3735004599267865	0.7411593666666666	10.554106213033332
0.3752457891787809	0.7034977333333333	10.677762225399999
0.37699111843077515	0.5050677333333333	10.662022136033332
0.3787364476827695	0.3844518333333333	10.641979219133333
0.3804817769347638	0.38410923333333324	10.564062676199999
0.38222710618675815	0.37916205999999997	10.332039168606666
0.3839724354387525	0.4378439133333333	10.17342724551
0.38571776469074687	0.4897896133333333	10.102302737066665
0.38746309394274114	0.3751791	9.971939744676668
0.3892084231947355	0.2517684333333333	9.936339835063333
0.39095375244672975	0.20322469999999998	9.966425119216666
0.39269908169872414	0.17800020666666666	9.911277110743335
0.39444441095071847	0.25317826666666665	9.881330256313333
0.3961897402027128	0.3760596666666667	9.849715126426666
0.3979350694547071	0.3727579666666666	9.667387007903333
0.39968039870670136	0.3268555333333333	9.513849436126666
0.4014257279586958	0.29177676666666663	9.451798101569999
0.4031710572106902	0.24077583333333333	9.385487440493332
0.4049163864626844	0.29590643333333333	9.426847302756666
0.4066617157146788	0.4469167666666667	9.533399571966665
0.4084070449666731	0.5056871666666667	9.469832630453332
0.41015237421866746	0.5162612333333333	9.341238063963333
0.41189770347066174	0.5164040666666666	9.234443594183332
0.413643032722656	0.44413193333333334	9.061936343863332
0.41538836197465046	0.4193311333333333	8.95575442553
0.4171336912266447	0.5065839666666666	8.981037552516668
0.41887902047863906	0.5542323666666666	8.946127557266665
0.42062434973063334	0.5982255666666666	8.920209062200001
0.4223696789826278	0.6857368333333334	8.986764416573333
0.4241150082346221	0.6925207	8.98331711693
0.42586033748661634	0.6530747333333333	8.924058395089999
0.4276056667386108	0.6672881	8.893935267166665
0.4293509959906051	0.6377562333333333	8.75472414407
0.43109632524259933	0.6086256333333333	8.584735242533334
0.4328416544945937	0.6808427666666665	8.553658650233332
0.434586983746588	0.7264226666666667	8.546930386566666
0.4363323129985824	0.6779308333333334	8.505381934083333
0.43807764225057666	0.6330908	8.510696890653332
0.43982297150257105	0.5593300333333333	8.452666697889999
0.44156830075456543	0.4823354	8.327933233483334
0.44331363000655966	0.5133071333333332	8.276299868343333
0.445058959258554	0.5764106666666666	8.239250980193333
0.4468042885105484	0.5610044	8.154337950239999
0.44854961776254265	0.5176920333333332	8.121748411239999
0.45029494701453704	0.43833906666666667	8.099252142833333
0.4520402762665313	0.32748599999999994	8.047141410366667
0.4537856055185257	0.27727219999999997	8.035609308946665
0.45553093477052	0.28645533333333334	8.01545815562
0.4572762640225143	0.29272259999999994	7.92066346047
0.45902159327450864	0.31185734	7.832219905153334
0.460766922526503	0.3022813933333333	7.742604515533333
0.46251225177849725	0.23931037999999996	7.641624877906666
0.4642575810304917	0.18778351666666665	7.61017080088
0.46600291028248597	0.1647301	7.620523692339999
0.46774823953448036	0.14946074999999998	7.5966461083166665
0.4694935687864746	0.17991173333333332	7.5861996485533325
0.47123889803846897	0.21408802	7.561765919743333
0.4729842272904633	0.20599364	7.484491089936666
0.47472955654245763	0.19725074666666664	7.425117713403333
0.4764748857944519	0.18782483333333336	7.3817814035166665
0.4782202150464463	0.15053184999999997	7.296037219783334
0.4799655442984406	0.15601660333333334	7.243751594979999
0.481710873550435	0.20344383333333332	7.238556947193333
0.48345620280242924	0.23812272	7.225538635673333
0.4852015320544237	0.28216722333333333	7.23876177914
0.48694686130641796	0.32057173333333333	7.263644107126666
0.4886921905584123	0.2856362333333333	7.203687299076667
0.49043751981040656	0.2522992	7.11664799213
0.49218284906240095	0.2848441333333333	7.066287448163334
0.4939281783143953	0.3363563666666667	7.016191955
0.4956735075663895	0.4019885333333333	6.994688519303333
0.4974188368183839	0.4813922	7.0349831705699994
0.49916416607037833	0.4836062666666666	7.050456279673334
0.5009094953223726	0.43256986666666664	7.042865703123333
0.5026548245743669	0.4210248666666666	7.060356519243332
0.5044001538263612	0.4271175333333333	7.042664055689999
0.5061454830783556	0.4215996333333334	6.959018612526666
0.5078908123303499	0.4507648333333334	6.8815587372
0.5096361415823442	0.47823550000000004	6.8151652754833325
0.5113814708343385	0.4654535	6.766513514810001
0.5131268000863327	0.4528505666666667	6.782705413856666
0.5148721293383272	0.4416677	6.8331804804
0.5166174585903216	0.3956873666666666	6.8448263051666665
0.5183627878423158	0.36758233333333334	6.830294853303333
0.5201081170943103	0.3845051	6.794058800373333
0.5218534463463045	0.39810660000000003	6.718594759766667
0.5235987755982989	0.38574629999999993	6.626702438083333
0.5253441048502931	0.3623539	6.55510676131
0.5270894341022874	0.31415183333333335	6.50100066259
0.5288347633542818	0.2652543333333333	6.475935669153333
0.5305800926062761	0.2576193	6.48129834293
0.5323254218582705	0.27888729999999995	6.487613537283332
0.5340707511102649	0.2859375	6.460624778720001
0.5358160803622593	0.28145980000000004	6.40681244303
0.5375614096142536	0.26593066666666665	6.34008530457
0.5393067388662478	0.23081566666666664	6.273931564180001
0.541052068118242	0.19109103333333333	6.220878933496666
0.5427973973702365	0.17665831666666668	6.1999253205
0.5445427266222308	0.1781099333333333	6.1991401671999995
0.5462880558742251	0.18818645666666667	6.201313471316666
0.5480333851262194	0.20591545333333333	6.197090577399999
0.5497787143782138	0.20953774999999997	6.173111272363333
0.5515240436302082	0.175288665	6.109792348106666
0.5532693728822025	0.13548462666666666	6.034945046639999
0.5550147021341967	0.11989069333333333	5.979184846336666
0.5567600313861911	0.12774755666666665	5.947621531696667
0.5585053606381855	0.15177253999999998	5.939548478899999
0.5602506898901798	0.1853680166666667	5.955529093216667
0.561996019142174	0.19849653666666667	5.96473200474
0.5637413483941685	0.18748441333333332	5.952623593386666
0.5654866776461628	0.17028238333333334	5.919597007209999
0.5672320068981571	0.15921158000000002	5.865635510363333
0.5689773361501516	0.1571669633333333	5.798312184069999
0.5707226654021459	0.17745543	5.746350586603333
0.57246799465414	0.21307654999999998	5.719212998183334
0.5742133239061344	0.2438839066666667	5.71693471104
0.5759586531581287	0.24887338333333334	5.723152411376667
0.5777039824101231	0.23386541666666663	5.720055659026667
0.5794493116621174	0.2168020333333333	5.699516616996666
0.5811946409141118	0.20990948666666664	5.660265908723333
0.582939970166106	0.2126732	5.596490183099999
0.5846852994181004	0.23285803333333335	5.537431813743333
0.5864306286700948	0.25415523333333334	5.5040958519866665
0.5881759579220891	0.2604855	5.491846136896666
0.5899212871740833	0.2637353	5.5018245797333325
0.5916666164260775	0.26937112999999996	5.52603963896
0.593411945678072	0.25754505333333333	5.517271623646666
0.5951572749300664	0.25404428	5.480456223816667
0.5969026041820606	0.2785531233333333	5.44745142348
0.5986479334340549	0.2988651333333333	5.408135097316666
0.6003932626860494	0.3007242	5.365957269503333
0.6021385919380438	0.30159213333333335	5.359966695413332
0.603883921190038	0.2795073733333333	5.36737542737
0.6056292504420324	0.25066426333333336	5.3738695175433335
0.6073745796940266	0.2659128933333333	5.404428054313333
0.609119908946021	0.30112039999999995	5.424656100419999
0.6108652381980153	0.3071737333333333	5.38742321518
0.6126105674500095	0.3091968333333333	5.342936585366667
0.614355896702004	0.30394556666666667	5.317251247863333
0.6161012259539983	0.2694860333333333	5.29737601937
0.6178465552059926	0.24428033333333335	5.315147667513333
0.6195918844579871	0.244137	5.367732542139999
0.6213372137099814	0.22686929999999997	5.386006710299999
0.6230825429619757	0.21773874666666665	5.382001857443333
0.62482787221397	0.24046073333333334	5.382157572399999
0.6265732014659642	0.24514730333333334	5.348705319653334
0.6283185307179586	0.21688559666666665	5.288415892433333
0.630063859969953	0.19197545	5.251212262799999
0.6318091892219473	0.16048925666666664	5.222223634706666
0.6335545184739415	0.135620508	5.209984831876666
0.635299847725936	0.1528618333333333	5.241455748336667
0.6370451769779303	0.1819298763333333	5.268967026296666
0.6387905062299246	0.1817609433333333	5.24837604661
0.6405358354819191	0.17260618666666666	5.206208401476666
0.6422811647339131	0.15378633	5.1399962197799995
0.6440264939859075	0.12163041	5.059660650203334
0.6457718232379019	0.10568398000000001	5.016272590203333
0.6475171524898962	0.11104757	5.011063796469999
0.6492624817418906	0.11479605333333331	5.013591527303333
0.6510078109938849	0.12584119	5.035829258803333
0.6527531402458793	0.13609769333333332	5.0524210610499996
0.6544984694978735	0.12738461666666667	5.027100215103332
0.6562437987498679	0.11139646333333333	4.976808692636666
0.6579891280018623	0.09930899666666666	4.910076843813333
0.6597344572538565	0.08586233666666666	4.821223545596666
0.6614797865058508	0.08953297	4.76345358751
0.6632251157578453	0.10742045333333335	4.759138257346667
0.6649704450098396	0.12162867	4.781842852246666
0.6667157742618338	0.13747322333333334	4.827650621983333
0.668461103513828	0.15188399999999996	4.871477480199999
0.6702064327658226	0.14574705	4.85395478583
0.6719517620178169	0.14431701	4.795774208776667
0.6736970912698113	0.16000268333333334	4.734404633226665
0.6754424205218055	0.17367913999999998	4.665599736159999
0.6771877497737997	0.19190676666666664	4.621083149956666
0.6789330790257941	0.21535091333333334	4.632107669446666
0.6806784082777885	0.20760504000000002	4.652763484003333
0.6824237375297828	0.19199152999999997	4.677269478076667
0.6841690667817772	0.2068846933333333	4.721781247046667
0.6859143960337715	0.22592161666666666	4.729807671536666
0.6876597252857658	0.23539123333333334	4.675801533956666
0.6894050545377601	0.2573743333333333	4.615477938473333
0.6911503837897546	0.2618575333333333	4.556166946953333
0.6928957130417489	0.24246519999999996	4.511065026099999
0.6946410422937431	0.2407807	4.532826043636667
0.6963863715457373	0.24135606666666667	4.588666733806666
0.6981317007977319	0.21386380333333332	4.607087225273333
0.6998770300497262	0.20212146666666667	4.607177608853332
0.7016223593017206	0.2134231	4.588195864026666
0.7033676885537148	0.212945	4.518974269406666
0.705113017805709	0.21219079999999996	4.440120443983333
0.7068583470577035	0.21309376666666663	4.387319052866666
0.7086036763096978	0.18178227666666663	4.33952766951
0.710349005561692	0.1513656433333333	4.331306716459999
0.7120943348136863	0.15600174666666666	4.382018749133333
0.7138396640656808	0.16440606666666666	4.4279265320366665
0.7155849933176751	0.16625894666666666	4.438032887856666
0.7173303225696694	0.17610736999999999	4.424771236613333
0.7190756518216639	0.16478240333333333	4.364352903846666
0.7208209810736581	0.13734875666666668	4.28561147319
0.7225663103256524	0.12922618666666666	4.252169730833334
0.7243116395776467	0.12529451666666666	4.25431361371
0.726056968829641	0.11025752666666667	4.2710878683699995
0.7278022980816354	0.11174513999999998	4.320425217336666
0.7295476273336298	0.11787771999999999	4.364842921436666
0.7312929565856241	0.11089552333333332	4.3681403046966665
0.7330382858376183	0.10822723333333334	4.34962127592
0.7347836150896128	0.10281246	4.303756408736666
0.7365289443416071	0.07621631333333333	4.222127759606666
0.7382742735936013	0.059757489999999996	4.165960427443332
0.7400196028455955	0.06307225666666666	4.161709538756666
0.7417649320975901	0.0667035	4.186376186796666
0.7435102613495844	0.07667307000000001	4.2395670683599995
0.7452555906015788	0.09016643999999999	4.29609705867
0.747000919853573	0.08157496333333333	4.298243369836666
0.7487462491055674	0.07100725	4.2604952523933335
0.7504915783575618	0.07673623666666665	4.212137848079999
0.752236907609556	0.08240881333333333	4.146800702976667
0.7539822368615503	0.09213202666666666	4.093339257496666
0.7557275661135445	0.11323567999999998	4.0855584359999995
0.757472895365539	0.11642004666666667	4.094030440716667
0.7592182246175333	0.11065064	4.11597149996
0.7609635538695276	0.12278322999999998	4.161452600283333
0.7627088831215221	0.13258453999999997	4.179439774203333
0.7644542123735163	0.12973167666666666	4.14197966206
0.7661995416255106	0.14120044666666665	4.0901709220499995
0.767944870877505	0.15403885333333334	4.033009824903333
0.7696902001294994	0.15654368666666665	3.9815488903766667
0.7714355293814937	0.16942826333333333	3.978792476213333
0.773180858633488	0.17834580333333333	4.008932533843333
0.7749261878854823	0.15729501666666668	4.022957867756666
0.7766715171374765	0.14038440666666666	4.03451116716
0.778416846389471	0.14388358333333331	4.041118707936667
0.7801621756414653	0.14525233666666665	4.009096000093333
0.7819075048934595	0.14889021	3.9553488239299996
0.7836528341454538	0.15914676666666666	3.9068641246533327
0.7853981633974483	0.14952984666666666	3.8534804376133325
0.7871434926494427	0.13419736999999998	3.8226957585666668
0.7888888219014369	0.13768997	3.8382101197
0.7906341511534312	0.14181464333333332	3.86222185738
0.7923794804054256	0.13884039666666664	3.8698771151499995
0.7941248096574199	0.1470143	3.8718485688566666
0.7958701389094142	0.15179286666666664	3.850773166603333
0.7976154681614087	0.14575576666666668	3.8108863612199997
0.7993607974134027	0.1450688333333333	3.7858881921099994
0.8011061266653973	0.1411755	3.7712358932
0.8028514559173916	0.12200771666666667	3.7522850377366663
0.8045967851693858	0.11243575666666666	3.7509194588333328
0.8063421144213804	0.11732685333333333	3.760379751306666
0.8080874436733746	0.12107431333333332	3.7574646127266664
0.8098327729253688	0.12508157	3.7487362983366666
0.8115781021773631	0.12639021333333333	3.73467328952
0.8133234314293576	0.10993024666666668	3.70320622683
0.815068760681352	0.09018920666666666	3.6797165001733334
0.8168140899333463	0.08002661	3.6790991115233327
0.8185594191853405	0.07281194666666665	3.6848038181633336
0.8203047484373349	0.07110016666666666	3.6935799309966666
0.8220500776893291	0.07823664679999999	3.7039958279933334
0.8237954069413235	0.0778405516	3.692896173576667
0.8255407361933177	0.07234662833333333	3.667739501123333
0.827286065445312	0.07072072333333333	3.6467740304499996
0.8290313946973066	0.06549931666666667	3.6223410605733335
0.8307767239493009	0.058746086666666655	3.5968931090633327
0.8325220532012951	0.06367306333333334	3.5879096851066663
0.8342673824532894	0.0695729	3.5815107764733334
0.8360127117052839	0.07458101	3.5717883956666663
0.8377580409572781	0.08856058666666666	3.5697511417699994
0.8395033702092725	0.09679251333333333	3.559120319673333
0.8412486994612667	0.08553611	3.5250238567999994
0.8429940287132611	0.07717869333333333	3.496119408426666
0.8447393579652556	0.0792699	3.4843119076566667
0.8464846872172498	0.08306499	3.4803159341133334
0.8482300164692442	0.09525121333333333	3.491024722133333
0.8499753457212386	0.11247655333333331	3.5110758617566664
0.8517206749732327	0.11232684	3.511942334653333
0.853466004225227	0.10433198666666667	3.4990635016566665
0.8552113334772216	0.10307720999999999	3.484772685896666
0.8569566627292158	0.09635273666666666	3.456576414306666
0.8587019919812102	0.08353869	3.4187129230099993
0.8604473212332044	0.08303300666666666	3.3964929905666663
0.8621926504851987	0.08794986333333334	3.3874053055699997
0.8639379797371932	0.09273330333333332	3.387638916806666
0.8656833089891874	0.10574726666666667	3.4013911829299994
0.8674286382411818	0.11612576666666666	3.4092067596
0.869173967493176	0.10915534333333334	3.390066808926666
0.8709192967451702	0.10354512333333332	3.35997088325
0.8726646259971648	0.10892143	3.330914685063333
0.8744099552491591	0.11367462666666667	3.3032732226899997
0.8761552845011533	0.11816689999999999	3.2902521815299997
0.8779006137531478	0.12646707333333332	3.29956274173
0.8796459430051421	0.12538114	3.3148978200566668
0.8813912722571363	0.11858338333333332	3.3302647622266663
0.8831366015091309	0.11853925	3.3411061767799994
0.8848819307611251	0.11747894666666665	3.3289769368366664
0.8866272600131193	0.10793322666666667	3.2884570162066664
0.8883725892651138	0.10449673666666666	3.2417296713033332
0.890117918517108	0.10847085666666667	3.204650973353333
0.8918632477691024	0.10861080333333331	3.1866386455366666
0.8936085770210968	0.10430632666666667	3.19574852765
0.895353906273091	0.09868167666666666	3.226721822666666
0.8970992355250853	0.08646056333333332	3.2592307361733335
0.8988445647770799	0.07415481333333335	3.2801424818633333
0.9005898940290741	0.06966905666666667	3.2793735293233333
0.9023352232810684	0.06736146	3.251303881303333
0.9040805525330626	0.060563376666666655	3.2034272042866663
0.9058258817850569	0.05559393	3.1566680916733327
0.9075712110370514	0.05277009666666666	3.126756612876666
0.9093165402890456	0.04826712666666667	3.1219350740366663
0.91106186954104	0.04407467666666666	3.139566267173333
0.9128071987930344	0.04439016333333333	3.16766538984
0.9145525280450286	0.04564932333333333	3.1872747873533336
0.9162978572970231	0.048379026666666665	3.1862897324366664
0.9180431865490173	0.053391286666666676	3.161492318783333
0.9197885158010117	0.05563245333333334	3.1197268044766666
0.921533845053006	0.050549173333333336	3.0738383806266665
0.9232791743050003	0.04563780666666667	3.0428111138033325
0.9250245035569945	0.04560837333333333	3.0373386489566663
0.9267698328089891	0.04912609999999999	3.05501097331
0.9285151620609834	0.055421349999999994	3.083518816003333
0.9302604913129776	0.06534380999999999	3.109006288313333
0.9320058205649719	0.07267715999999999	3.1153665388566667
0.9337511498169662	0.07520295666666665	3.0971718500600005
0.9354964790689607	0.07501989666666666	3.0609709800233333
0.9372418083209549	0.07258180666666665	3.0189044883199996
0.9389871375729492	0.06777209	2.9832740293966666
0.9407324668249435	0.06864804666666666	2.969106036083333
0.9424777960769379	0.07801610333333332	2.979351669133333
0.9442231253289324	0.09049778333333332	3.0040772092299997
0.9459684545809266	0.10052335333333332	3.0290585267699996
0.9477137838329208	0.10798233666666665	3.0432063336966664
0.9494591130849153	0.11087444999999999	3.0375950945200003
0.9512044423369096	0.10999382999999999	3.0147804573566668
0.9529497715889038	0.10831610333333333	2.98400351279
0.9546951008408984	0.10990463333333333	2.957377863753333
0.9564404300928926	0.11538319333333331	2.9449956965099995
0.9581857593448869	0.12372042333333333	2.9504574222
0.9599310885968813	0.13051815	2.9655834567433335
0.9616764178488755	0.13340836333333334	2.982380996563333
0.96342174710087	0.13031240666666666	2.991723246636667
0.9651670763528643	0.12264400666666667	2.984619777333333
0.9669124056048585	0.11420012000000002	2.9608994321066664
0.9686577348568528	0.10860718333333333	2.931832635393333
0.9704030641088474	0.10475663999999998	2.9055943447666666
0.9721483933608416	0.1045073	2.8921821826433334
0.9738937226128359	0.10721708333333332	2.8988171711599997
0.9756390518648301	0.10716483666666665	2.9183364268266665
0.9773843811168246	0.10081027333333333	2.936143438286666
0.9791297103688189	0.09250285666666665	2.9478628154566664
0.9808750396208131	0.08293816666666666	2.9468336620266666
0.9826203688728073	0.07426591666666667	2.9274065003866667
0.9843656981248019	0.07099128	2.8970300119666668
0.9861110273767961	0.07138272333333333	2.8672911653433326
0.9878563566287906	0.06914893	2.8422570465600003
0.9896016858807848	0.06767300999999999	2.832270220783333
0.991347015132779	0.06753882333333333	2.841101339323333
0.9930923443847736	0.06444271666666665	2.8558206393999996
0.9948376736367678	0.060583963333333324	2.865056597343333
0.9965830028887621	0.059911899	2.8669608121966665
0.9983283321407567	0.056949052666666666	2.85366846137
1.0000736613927508	0.054561699	2.8278588051566667
1.0018189906447452	0.057994422	2.803710574346667
1.0035643198967397	0.05870803333333333	2.78384942716
1.0053096491487339	0.05050470666666666	2.766042815553334
1.007054978400728	0.04469768033333333	2.76254793185
1.0088003076527223	0.043534534	2.7722635458766662
1.0105456369047165	0.04184015333333333	2.779052495966667
1.0122909661567112	0.04316733666666667	2.7783315116866665
1.0140362954087054	0.046805963333333325	2.7702449701233336
1.0157816246606999	0.042542439999999994	2.7475045331466665
1.017526953912694	0.036629289999999995	2.721678561093333
1.0192722831646883	0.036785653333333335	2.708806081093333
1.0210176124166828	0.034985819999999994	2.7037103886866665
1.022762941668677	0.029940963333333327	2.7020567964366666
1.0245082709206712	0.032932053333333336	2.7125065228899996
1.0262536001726654	0.04017577	2.726065268853333
1.02799892942466	0.04643030399999999	2.730728776236667
1.0297442586766543	0.05543701666666667	2.7297665498433332
1.0314895879286488	0.06099391333333333	2.7206942965133334
1.0332349171806432	0.05480154333333333	2.6984652273566665
1.0349802464326374	0.05001287333333333	2.6819488517566663
1.0367255756846316	0.05400708	2.6826195918366667
1.0384709049366259	0.059437359999999995	2.69025799902
1.0402162341886205	0.06779375	2.7023964765033335
1.041961563440615	0.08171017	2.71951362874
1.043706892692609	0.08919334333333331	2.7254456118566663
1.0454522219446034	0.09110117666666664	2.7194591037499998
1.0471975511965979	0.09547291	2.7127743005099996
1.048942880448592	0.09341722666666666	2.69826197115
1.0506882097005863	0.08115681999999999	2.673906639363333
1.0524335389525805	0.07619341666666667	2.66232875624
1.0541788682045747	0.08125038333333331	2.6673231321366666
1.0559241974565694	0.08692881666666666	2.6757285057366667
1.0576695267085636	0.09479708666666666	2.686987745423333
1.059414855960558	0.10207764999999999	2.695319838343333
1.0611601852125523	0.09712114	2.6845868155033337
1.0629055144645467	0.08826417999999998	2.6648427314666665
1.064650843716541	0.08551670666666666	2.650412690273333
1.0663961729685352	0.08091624333333333	2.634078139313333
1.0681415022205298	0.07377602666666666	2.6181970524100002
1.069886831472524	0.07547504	2.6191949299033332
1.0716321607245185	0.08113452333333332	2.63066817172
1.0733774899765127	0.08446278666666665	2.6422763671
1.0751228192285072	0.08894823666666665	2.6549289779133334
1.0768681484805014	0.08956385	2.6573908182266663
1.0786134777324956	0.08014783	2.6388875428466663
1.0803588069844898	0.07298969666666666	2.61652584369
1.082104136236484	0.07350043	2.60122490019
1.0838494654884787	0.07451436333333333	2.587797869103333
1.085594794740473	0.07721117333333333	2.5819994290166663
1.0873401239924672	0.08334491	2.58783609667
1.0890854532444616	0.08366882666666667	2.5909790061299995
1.0908307824964558	0.08076105666666666	2.590416019956667
1.0925761117484503	0.08125512999999998	2.5910269635966667
1.0943214410004445	0.07754787666666665	2.580323857333333
1.0960667702524387	0.06680837	2.5561241287199996
1.0978120995044334	0.06091102666666666	2.539254969703333
1.0995574287564276	0.05956334666666666	2.5345666643066664
1.101302758008422	0.056846583333333325	2.5369161824866664
1.1030480872604165	0.05589685666666666	2.5499335395099996
1.1047934165124107	0.055226393333333325	2.565657809903333
1.106538745764405	0.048299223333333335	2.567296404293333
1.1082840750163991	0.042551672666666665	2.5603329542866664
1.1100294042683934	0.04238784436666666	2.5508241263966664
1.111774733520388	0.04045093409	2.53206966024
1.1135200627723822	0.03633144966666666	2.5116410472066666
1.1152653920243765	0.035114883	2.505661145516666
1.117010721276371	0.03226341566666666	2.5114995831833333
1.1187560505283651	0.028677764999999997	2.527149930263333
1.1205013797803596	0.029673852333333334	2.5526498011666665
1.1222467090323538	0.030901039999999998	2.5706179431266665
1.123992038284348	0.02948389333333333	2.5675973569733337
1.1257373675363422	0.03268526333333333	2.5536131275933327
1.127482696788337	0.038353719999999994	2.5329199628
1.1292280260403311	0.04179908333333333	2.50673096451
1.1309733552923256	0.04670009000000001	2.489774450633333
1.13271868454432	0.05049003333333333	2.4871281706766664
1.1344640137963142	0.046359623333333336	2.488557332776667
1.1362093430483085	0.04423160666666666	2.4982134411666665
1.1379546723003031	0.0502609	2.5149623970299997
1.139700001552297	0.054316583333333335	2.516608216203333
1.1414453308042918	0.05455293	2.4967302129399997
1.143190660056286	0.058238823333333335	2.4710175140066664
1.14493598930828	0.05983033333333333	2.443029779203333
1.1466813185602747	0.05800179666666667	2.4187545951266665
1.1484266478122689	0.06036727333333333	2.41395917767
1.150171977064263	0.06174736666666667	2.423523412843333
1.1519173063162573	0.055706718999999995	2.4321341488833332
1.1536626355682515	0.05484058666666667	2.44516449775
1.1554079648202462	0.06223213233333333	2.4586522959966666
1.1571532940722404	0.065508152	2.45182946361
1.1588986233242349	0.06446768133333333	2.4255426275766667
1.160643952576229	0.06453229366666666	2.3957300300866664
1.1623892818282235	0.05963562433333334	2.36500143862
1.1641346110802178	0.053715196666666666	2.3440012163899997
1.165879940332212	0.055900646666666665	2.346801984173333
1.1676252695842066	0.05828955	2.361585602676666
1.1693705988362009	0.05501435666666666	2.3733825011566663
1.171115928088195	0.05740646	2.387821879943333
1.1728612573401895	0.06450634999999999	2.3985634261366666
1.1746065865921838	0.06601717	2.390628385333333
1.1763519158441782	0.06511638333333333	2.37067191283
1.1780972450961724	0.06433172666666666	2.3496924468666665
1.1798425743481666	0.05741620333333333	2.3277971351533333
1.1815879036001609	0.05260534	2.3188315557099997
1.183333232852155	0.05774431666666666	2.3330990100766664
1.18507856210415	0.06127200333333333	2.353769963783333
1.186823891356144	0.05805577666666667	2.3680604993266665
1.1885692206081382	0.05878416	2.3814053639799995
1.1903145498601329	0.061099509999999996	2.386214660836666
1.192059879112127	0.05856159666666666	2.3739336739766665
1.1938052083641213	0.057107403333333334	2.3551299728966666
1.1955505376161155	0.05683410333333333	2.336718850273333
1.1972958668681097	0.05121874333333333	2.318638512703333
1.1990411961201044	0.04919248999999999	2.31655738471
1.2007865253720988	0.05565408666666666	2.3369283899766664
1.2025318546240933	0.05826600333333333	2.36173949789
1.2042771838760875	0.05418240999999999	2.3807228269833334
1.2060225131280817	0.053047843333333324	2.39595000386
1.207767842380076	0.05231641666666667	2.3976975839899994
1.2095131716320702	0.04957644	2.3827049835866667
1.2112585008840648	0.051244363333333334	2.3626526087966666
1.213003830136059	0.05412422333333333	2.3405265968
1.2147491593880533	0.051475969999999996	2.3174647396733334
1.2164944886400477	0.05186930333333334	2.3102260547433335
1.218239817892042	0.05801089333333333	2.322390169223333
1.2199851471440364	0.05931032333333333	2.3376317394433332
1.2217304763960306	0.055593939999999994	2.3487654849733333
1.2234758056480248	0.05468677333333333	2.3549652337266664
1.225221134900019	0.053566107333333335	2.346421050343333
1.2269664641520137	0.05199885766666666	2.325073517193333
1.228711793404008	0.055047813333333334	2.3029430184099997
1.2304571226560024	0.05748561666666666	2.2807419943633334
1.2322024519079966	0.05394644999999999	2.260744492363333
1.233947781159991	0.052799243333333336	2.2578137394899995
1.2356931104119853	0.05591943	2.271463435573333
1.23743843966398	0.05580774	2.2867165047233335
1.2391837689159741	0.053699069999999995	2.297624922213333
1.240929098167968	0.05429535333333333	2.30056901755
1.2426744274199628	0.05379439333333333	2.2872894021066665
1.244419756671957	0.05260327666666666	2.2640162257966665
1.2461650859239515	0.05381651666666666	2.24244379876
1.2479104151759457	0.052707513333333324	2.2229855880366665
1.24965574442794	0.04694367	2.20904024444
1.2514010736799341	0.04366264	2.2113473171966667
1.2531464029319284	0.043691933333333335	2.2256153996599997
1.254891732183923	0.04325693666666666	2.2398243437199996
1.2566370614359172	0.043964823333333326	2.24972496329
1.2583823906879115	0.04618578666666667	2.250137983893333
1.260127719939906	0.04580258666666666	2.235819938223333
1.2618730491919004	0.04482933333333333	2.216617915903333
1.2636183784438946	0.04513052666666667	2.20270974206
1.2653637076958888	0.04292496333333333	2.19339572783
1.267109036947883	0.038428286666666665	2.191337137303333
1.2688543661998777	0.03660478	2.2019035995866667
1.270599695451872	0.036370759333333336	2.217652617613333
1.2723450247038663	0.03648753666666667	2.229890768893333
1.2740903539558606	0.03846320833333333	2.2364994876799997
1.2758356832078548	0.039610337999999995	2.232704233193333
1.2775810124598492	0.03688652866666667	2.2170110345799996
1.2793263417118435	0.03451395333333333	2.2012936480333334
1.2810716709638381	0.033809043999999996	2.1934468982266666
1.282817000215832	0.03189990533333333	2.1918011462333333
1.2845623294678261	0.030252161333333333	2.197707385373333
1.286307658719821	0.030951019666666663	2.211649902643333
1.288052987971815	0.030982474666666666	2.224713573393333
1.2897983172238097	0.031005338999999996	2.2317857323966663
1.2915436464758039	0.032611253	2.2324891025799998
1.293288975727798	0.03177467666666667	2.2227860247433333
1.2950343049797923	0.027215613333333333	2.2038674603166664
1.296779634231787	0.024576214	2.18729859109
1.2985249634837812	0.024262078333333333	2.178102285243333
1.3002702927357757	0.023964481666666666	2.1746327305999995
1.3020156219877699	0.02556707533333333	2.178103923726667
1.3037609512397643	0.028389325666666663	2.1861443689233333
1.3055062804917585	0.02833012	2.190640206013333
1.3072516097437528	0.028427206333333333	2.1909887090833333
1.308996938995747	0.030976174999999998	2.1884418875766665
1.3107422682477412	0.030899837666666666	2.1786034212499996
1.3124875974997359	0.027768026333333334	2.1631662025066665
1.31423292675173	0.027988414666666663	2.15193603427
1.3159782560037245	0.030825340666666666	2.1465909114199997
1.3177235852557188	0.033224521	2.14449259341
1.319468914507713	0.03704846	2.1466176613699997
1.3212142437597074	0.04094443666666667	2.149588549033333
1.3229595730117016	0.04095462666666667	2.1467649977766667
1.3247049022636959	0.04163417	2.14092799568
1.3264502315156905	0.046062146666666665	2.1348136387766665
1.3281955607676847	0.04840287	2.123693696866667
1.3299408900196792	0.04759321333333333	2.108890505783333
1.3316862192716734	0.050271013333333336	2.09946615244
1.3334315485236676	0.05544439333333333	2.0958725740233333
1.3351768777756619	0.05843898333333333	2.09413400616
1.336922207027656	0.060704209999999995	2.09488897223
1.338667536279651	0.06315427	2.096433488713333
1.3404128655316452	0.06318679999999999	2.0938654360066664
1.3421581947836396	0.06395971	2.0896366802333333
1.3439035240356338	0.06826627999999998	2.0863620075033333
1.345648853287628	0.07130555333333333	2.0799932106166668
1.3473941825396225	0.07084971333333334	2.07049452302
1.3491395117916167	0.07207690333333333	2.064757077013333
1.350884841043611	0.07477945999999999	2.0629647368899997
1.3526301702956052	0.07397331333333333	2.060391013273333
1.3543754995475994	0.07041540333333332	2.05685542231
1.356120828799594	0.06800583666666665	2.0535098931799998
1.3578661580515883	0.06619221	2.0482442787433333
1.3596114873035827	0.06479752666666666	2.0418041030633334
1.361356816555577	0.06518196	2.0365756570966664
1.3631021458075712	0.06586034666666665	2.03212474525
1.3648474750595656	0.06464525	2.0283657827666666
1.3665928043115598	0.06336419666666666	2.0283032968266665
1.3683381335635545	0.06254963	2.0314885992666665
1.3700834628155487	0.059716176666666676	2.0339523023033332
1.371828792067543	0.055026679999999994	2.03387823992
1.3735741213195374	0.05205069333333333	2.0321398495566667
1.3753194505715316	0.05106527666666666	2.02814903445
1.377064779823526	0.05014241	2.0219164420366664
1.3788101090755203	0.04922709666666667	2.01566138278
1.3805554383275145	0.04883765666666666	2.0117419229099998
1.3823007675795091	0.04762962666666666	2.010649124563333
1.384046096831503	0.04580795	2.01288814978
1.3857914260834978	0.04459004666666666	2.0176342428
1.387536755335492	0.04337161666666667	2.0215986475166665
1.3892820845874863	0.04154651333333333	2.0218492656966665
1.3910274138394805	0.041362983333333325	2.01924597902
1.3927727430914747	0.04297419	2.014861912153333
1.3945180723434691	0.04325883333333334	2.0087193915666663
1.3962634015954638	0.0412132	2.0031896454066667
1.398008730847458	0.03893332	2.00270690284
1.3997540600994525	0.036260049999999995	2.0076133568966665
1.4014993893514467	0.032456285	2.01515155256
1.4032447186034411	0.029026180000000002	2.02287766301
1.4049900478554354	0.026965395999999996	2.027535250333333
1.4067353771074296	0.02525857566666666	2.025216488836666
1.4084807063594238	0.024615821666666666	2.0167480499533332
1.410226035611418	0.025280337333333337	2.0054406787699994
1.4119713648634127	0.024557503666666664	1.9929492429166666
1.413716694115407	0.021270282333333335	1.9826324749200002
1.4154620233674011	0.01839859543333333	1.9808548503833334
1.4172073526193956	0.0168479796	1.9882059738066666
1.4189526818713898	0.014762329999999999	1.9988260028699998
1.420698011123384	0.012592656	2.00807816097
1.4224433403753782	0.012595218333333333	2.01335725076
1.4241886696273727	0.013976287666666665	2.0105581174266662
1.4259339988793673	0.014861241999999998	1.9986906267966664
1.4276793281313616	0.015062442333333335	1.9817545100266667
1.429424657383356	0.015083338033333333	1.9645517424966665
1.4311699866353502	0.014808528199999999	1.9514250471433332
1.4329153158873444	0.014772098999999999	1.9470415302833333
1.4346606451393389	0.015565626	1.9516072861966665
1.436405974391333	0.017392161666666663	1.9603998370866667
1.4381513036433278	0.01996377733333333	1.96844148514
1.439896632895322	0.022846758999999998	1.9719341831900001
1.4416419621473162	0.025320622333333334	1.96743058177
1.4433872913993107	0.02694764	1.95514539574
1.4451326206513049	0.02743661	1.9388667725600002
1.446877949903299	0.02755078	1.9231142343266665
1.4486232791552933	0.028402079999999996	1.9123377919533333
1.4503686084072875	0.02982536	1.9099398559333332
1.452113937659282	0.031227526666666665	1.915152939233333
1.4538592669112762	0.03408235333333333	1.92488921585
1.4556045961632709	0.038552116666666664	1.9354642016499997
1.457349925415265	0.04149820666666666	1.9417485257866665
1.4590952546672595	0.04176319666666667	1.9401860549999999
1.460840583919254	0.04227631666666666	1.9329195403733332
1.4625859131712482	0.04341199333333333	1.92281666907
1.4643312424232424	0.04321042666666667	1.91085665383
1.4660765716752366	0.042920269999999996	1.9006556908833334
1.4678219009272309	0.04439085333333333	1.8968705652933333
1.4695672301792255	0.046099253333333326	1.8988901846066666
1.4713125594312197	0.04818133	1.9045973748699998
1.4730578886832142	0.05188909333333333	1.9129691479166664
1.4748032179352084	0.054232499999999996	1.9197442781566665
1.4765485471872026	0.05347889	1.92094093581
1.478293876439197	0.05443909	1.9193645261799999
1.480039205691191	0.05833460999999999	1.9167585533033331
1.481784534943186	0.060268529999999994	1.9101033560699998
1.4835298641951802	0.060489039999999994	1.9015092137766665
1.4852751934471744	0.06307689333333333	1.8973070814499997
1.4870205226991688	0.06594659	1.8971413355833333
1.488765851951163	0.06686345333333332	1.8987436141
1.4905111812031575	0.06817705999999998	1.9033225396933333
1.4922565104551517	0.06849650333333333	1.90781175537
1.494001839707146	0.06542066999999999	1.9074129906399997
1.4957471689591406	0.06464157666666666	1.9057845010999999
1.4974924982111348	0.06867911	1.905064892483333
1.4992378274631293	0.07001634333333334	1.8989132739999999
1.5009831567151235	0.0674321	1.8883053498966664
1.5027284859671177	0.06845473333333332	1.88335884113
1.504473815219112	0.07165461333333333	1.8845712433333333
1.5062191444711062	0.0705511	1.886144685733333
1.5079644737231006	0.06759673	1.8895826624233332
1.5097098029750948	0.06573497666666667	1.8950423279533333
1.511455132227089	0.062114989999999995	1.8965871707833335
1.5132004614790837	0.05909299333333333	1.89506158434
1.514945790731078	0.05991281333333333	1.89324763484
1.5166911199830724	0.05837741333333333	1.88519860666
1.5184364492350666	0.05197439999999999	1.8707704710933335
1.520181778487061	0.048900509999999994	1.86166909254
1.5219271077390553	0.04957056666666666	1.8600049868433333
1.5236724369910495	0.04558838	1.8574054190166667
1.5254177662430441	0.03849229	1.8547545814366666
1.5271630954950384	0.035341026666666664	1.8566289846233333
1.5289084247470326	0.034090376666666665	1.8579666068066665
1.530653753999027	0.03170754333333333	1.8552665173966667
1.5323990832510213	0.03059936	1.8513666703633334
1.5341444125030157	0.029588729999999997	1.8445056684466667
1.53588974175501	0.026000004333333333	1.833744427203333
1.537635071007004	0.023412296	1.8268375150599998
1.5393804002589988	0.023133828	1.826141723093333
1.541125729510993	0.020410745333333334	1.8249190501933334
1.5428710587629875	0.015758330499999997	1.8231074378233334
1.5446163880149817	0.014401713966666667	1.825248217003333
1.546361717266976	0.015362460433333332	1.8278167335233333
1.5481070465189704	0.015197936666666665	1.8267517355933331
1.5498523757709646	0.014976382333333333	1.8241961700666665
1.5515977050229588	0.015353562333333334	1.8198998899433332
1.553343034274953	0.014714134466666667	1.8125129252699996
1.5550883635269477	0.013848208066666668	1.8065025641933332
1.556833692778942	0.013702462333333333	1.8036225568533333
1.5585790220309363	0.012880148666666667	1.79943692364
1.5603243512829306	0.011720244666666666	1.7944493615300001
1.5620696805349248	0.011950091	1.7928410424833334
1.563815009786919	0.012759653	1.7929557939366667
1.5655603390389135	0.013247857666666665	1.7927958383666667
1.5673056682909077	0.014061481333333334	1.79440030632
1.5690509975429023	0.014396896333333334	1.7965087341833332
1.5707963267948966	0.013595663333333334	1.7968034816999998
1.5725416560468908	0.013527426666666665	1.7982732828333332
1.5742869852988854	0.014592068666666666	1.8012191534066666
1.5760323145508797	0.015125331	1.8005045622999998
1.5777776438028739	0.015703281333333333	1.7966832392966667
1.579522973054868	0.017214606	1.7945491911633333
1.5812683023068623	0.018276553333333334	1.7933574755933333
1.583013631558857	0.01916735333333333	1.7919663612333334
1.5847589608108512	0.021138433	1.7931224133466668
1.5865042900628454	0.022060981666666667	1.7956943196233333
1.5882496193148399	0.021323396	1.7970491420399999
1.589994948566834	0.02291165133333333	1.8000891825366667
1.5917402778188283	0.027154824333333334	1.8047942926033333
1.5934856070708228	0.030038089666666663	1.8049626638366665
1.5952309363228174	0.032181549	1.800844434523333
1.5969762655748112	0.03598664333333333	1.7978814686833333
1.5987215948268054	0.03928054333333333	1.7951441890600002
1.6004669240788003	0.041552409666666665	1.7910924373833332
1.6022122533307945	0.045224312	1.7893293056733333
1.603957582582789	0.047687243	1.7890450427633333
1.6057029118347832	0.047190229	1.7872855657966666
1.6074482410867772	0.049899184333333325	1.7883850731466666
1.6091935703387716	0.05695380666666666	1.79310509621
1.6109388995907659	0.06014661333333333	1.7924673602266668
1.6126842288427607	0.0593367	1.78560838259
1.614429558094755	0.06200127999999999	1.7809918366666668
1.6161748873467492	0.06614261666666667	1.7776202857633332
1.6179202165987434	0.06615634999999999	1.7700223937133333
1.6196655458507376	0.06545165	1.7627773508166666
1.621410875102732	0.06624271666666666	1.75971527396
1.6231562043547263	0.06547699	1.7576970126366664
1.624901533606721	0.06610331333333333	1.75873630999
1.6266468628587152	0.07066457999999999	1.7647076771599999
1.6283921921107094	0.07146216	1.7665634330466666
1.630137521362704	0.06656034999999999	1.7608336269566665
1.6318828506146983	0.06528514999999999	1.7565326635166665
1.6336281798666925	0.06730744333333333	1.7535548435966666
1.6353735091186867	0.06325910333333333	1.742947076923333
1.637118838370681	0.05596165333333333	1.7292736842266667
1.6388641676226756	0.05350455	1.7227776778233332
1.6406094968746698	0.053018949999999995	1.7214418763333335
1.642354826126664	0.050925859999999996	1.7217861170366666
1.6441001553786583	0.05025076666666667	1.7262084198433334
1.6458454846306525	0.04931988999999999	1.73060129615
1.647590813882647	0.045048333333333336	1.7294204721433335
1.6493361431346412	0.04219610333333333	1.7268788602100003
1.6510814723866354	0.042262659999999994	1.7241424311266667
1.6528268016386303	0.038633476666666666	1.71420442029
1.654572130890624	0.032370043333333334	1.7003609845866667
1.6563174601426187	0.03105280666666667	1.6938325390666666
1.6580627893946132	0.03293147666666667	1.69441325195
1.6598081186466074	0.032190659999999996	1.6965468771999999
1.6615534478986018	0.03076466333333333	1.7022076053133333
1.663298777150596	0.03035495	1.7108978393099998
1.6650441064025903	0.028220086666666665	1.7166464444633331
1.6667894356545845	0.02549737666666667	1.71933599098
1.6685347649065787	0.024572471000000002	1.720189909263333
1.6702800941585736	0.022446737666666664	1.7141594808599998
1.6720254234105678	0.01908328733333333	1.70251418921
1.673770752662562	0.019672394666666666	1.6948256773566666
1.6755160819145563	0.02337369033333333	1.6923725028799999
1.6772614111665505	0.02454177666666666	1.68988427615
1.679006740418545	0.023895729666666664	1.6898534191133332
1.6807520696705391	0.024174380666666665	1.6954506878900002
1.6824973989225334	0.023376918	1.7021798593599997
1.684242728174528	0.020860555333333336	1.7073434382
1.6859880574265222	0.019228719666666665	1.7118299934699999
1.6877333866785167	0.017800387666666664	1.7118444717866668
1.6894787159305111	0.016017572	1.7060687251533333
1.6912240451825054	0.017162601333333333	1.70087601571
1.6929693744344996	0.020953344666666665	1.69801251699
1.6947147036864938	0.022510231999999998	1.69304223368
1.6964600329384885	0.021921657999999997	1.6889060727299996
1.6982053621904827	0.022120281	1.6914581822900001
1.6999506914424771	0.021690490666666663	1.6980908562933332
1.7016960206944713	0.019428619666666667	1.7047921561933332
1.7034413499464653	0.017950035666666666	1.7121622328866668
1.7051866791984598	0.01741910533333333	1.7174295170099998
1.706932008450454	0.016966360666666666	1.7172686977133333
1.708677337702449	0.01908549366666667	1.7149288395033333
1.7104226669544431	0.023731782666666663	1.712055952943333
1.7121679962064373	0.026264598	1.7049972381666667
1.7139133254584316	0.026643266666666665	1.6966915910733333
1.7156586547104258	0.02797432	1.69419032836
1.7174039839624204	0.028855380000000003	1.6964417841666664
1.7191493132144147	0.027929606666666665	1.6996397778733332
1.7208946424664089	0.028006903333333333	1.70495117891
1.722639971718403	0.028788093333333337	1.7103297167799998
1.7243853009703973	0.028815399999999998	1.71144206188
1.726130630222392	0.031673403333333336	1.7105038931366665
1.7278759594743864	0.03785693666666666	1.7089300771266667
1.7296212887263807	0.040654796666666666	1.7013205621866665
1.7313666179783749	0.03990673333333333	1.68959867452
1.733111947230369	0.04206433	1.68332822827
1.7348572764823635	0.04569500333333333	1.6824957617399998
1.7366026057343578	0.045438766666666665	1.6807925531633332
1.738347934986352	0.04449227	1.6806475534966667
1.7400932642383462	0.046406310000000006	1.6848979883866666
1.7418385934903404	0.04855183666666666	1.6886494870433335
1.7435839227423353	0.05100998999999999	1.6898857086199996
1.7453292519943295	0.05571390333333333	1.6904294284999999
1.7470745812463238	0.058089249999999995	1.6862519220099998
1.7488199104983182	0.05654125	1.6765370590600002
1.7505652397503124	0.05761406	1.6696435510233334
1.7523105690023066	0.061365133333333335	1.6671531446533332
1.7540558982543013	0.06002988999999999	1.6614877950299998
1.7558012275062955	0.055708506666666664	1.65501169215
1.75754655675829	0.05642904666666666	1.6559561207233333
1.7592918860102842	0.05978418333333333	1.6606939869066668
1.7610372152622784	0.0597257	1.6617136201633333
1.7627825445142726	0.05905789333333333	1.6612879531233333
1.7645278737662669	0.060249206666666666	1.6611232699366667
1.7662732030182617	0.06038128333333333	1.65777458165
1.768018532270256	0.06001443666666667	1.65275853039
1.7697638615222502	0.06144589	1.6490956722999999
1.7715091907742444	0.061050466666666664	1.6428195327666666
1.7732545200262386	0.05823570866666666	1.6344007176466668
1.7749998492782333	0.059115681666666656	1.6320380962699998
1.7767451785302275	0.06317710333333333	1.6354514733033334
1.7784905077822217	0.06289133999999999	1.6364456836433334
1.780235837034216	0.059683916666666656	1.63675760575
1.7819811662862102	0.06005036666666667	1.6423240750133332
1.7837264955382048	0.06160280333333333	1.6489441099266666
1.785471824790199	0.05948813666666667	1.6509080784066665
1.7872171540421935	0.05688534666666667	1.6507194958333333
1.7889624832941877	0.05630244666666667	1.649266261133333
1.790707812546182	0.05553335300000001	1.6447892872866667
1.7924531417981764	0.05530440466666667	1.64101557557
1.7941984710501706	0.057189573333333334	1.64092849775
1.7959438003021653	0.057307830000000004	1.640312168993333
1.7976891295541597	0.054954456666666665	1.63976597002
1.7994344588061533	0.055219613333333334	1.6455704388566668
1.8011797880581482	0.057441763333333326	1.6550219325766664
1.8029251173101424	0.055664962	1.6593639591300002
1.8046704465621368	0.05177549299999999	1.6594483655233332
1.806415775814131	0.051111566666666663	1.6597006914566665
1.8081611050661253	0.05158286499999999	1.6575505382166666
1.8099064343181195	0.049253666666666654	1.6509465469499998
1.8116517635701137	0.04622689	1.6441009837566665
1.8133970928221086	0.04409685333333333	1.6388923329766665
1.8151424220741028	0.04129326666666667	1.63489713334
1.816887751326097	0.037979596666666664	1.63440020115
1.8186330805780913	0.035449636666666666	1.6375618729433334
1.8203784098300855	0.032501264	1.6396404889866665
1.82212373908208	0.029292432666666663	1.6399428836899999
1.8238690683340746	0.027847525333333335	1.6412934538633333
1.8256143975860688	0.027650486666666668	1.64194558877
1.827359726838063	0.026222020000000002	1.6384116900699999
1.8291050560900572	0.02405792	1.6329290972933332
1.830850385342052	0.022496343333333335	1.6283997803599999
1.8325957145940461	0.02082094	1.6243774604033334
1.8343410438460404	0.01804306333333333	1.62098900191
1.8360863730980346	0.015232163	1.6199306552100001
1.8378317023500288	0.013280362666666665	1.6204777327133333
1.8395770316020235	0.012138211333333333	1.6218551349266666
1.8413223608540177	0.011395467666666667	1.62459107253
1.843067690106012	0.011066371666666667	1.6274360279533333
1.8448130193580063	0.010946954333333331	1.6275215038766666
1.8465583486100006	0.010775499666666667	1.62505219545
1.8483036778619948	0.009862164333333333	1.6213654658633332
1.850049007113989	0.008325072666666666	1.6165448714266666
1.8517943363659835	0.007121264999999999	1.6114315062033333
1.8535396656179781	0.006825945666666667	1.608338905303333
1.8552849948699723	0.006602536333333333	1.60742411617
1.8570303241219668	0.006767502999999999	1.6084612144266668
1.858775653373961	0.008530068333333333	1.6123414302299999
1.8605209826259552	0.011264835333333334	1.61782581829
1.8622663118779497	0.012623021	1.62096688571
1.8640116411299439	0.012766454333333331	1.6213520493133333
1.865756970381938	0.012993792333333332	1.6210207968833334
1.8675022996339323	0.012797783	1.61950859296
1.8692476288859265	0.011459460666666666	1.61572276323
1.8709929581379214	0.010558362666666668	1.6121657782666667
1.8727382873899157	0.010646243333333333	1.6105802846500001
1.8744836166419099	0.011272438333333332	1.6104002960233335
1.876228945893904	0.013278805	1.6119318140633334
1.8779742751458983	0.01676157133333333	1.6155248823833332
1.8797196043978928	0.01874807833333333	1.6184752060399998
1.881464933649887	0.018909969	1.6200046374233334
1.8832102629018816	0.01990510133333333	1.62213775506
1.8849555921538759	0.021104209333333332	1.6238674934733333
1.88670092140587	0.019586287666666667	1.6217178294833332
1.8884462506578648	0.017412940000000002	1.61713194539
1.890191579909859	0.017680735333333333	1.613145267223333
1.8919369091618532	0.019300269666666668	1.6092143629566666
1.8936822384138474	0.020935876666666665	1.6048227791133334
1.8954275676658416	0.023821468	1.6024598524733333
1.8971728969178363	0.026856647	1.6023151033366667
1.8989182261698305	0.028563824666666668	1.6032549944433332
1.900663555421825	0.030393221666666668	1.606001795493333
1.9024088846738192	0.03249626766666666	1.6096100721233333
1.9041542139258134	0.03177526033333333	1.6095950717333332
1.9058995431778076	0.02955256333333333	1.6058231586766667
1.9076448724298019	0.030266469999999997	1.6020218866533331
1.9093902016817967	0.03330841	1.5979945212899997
1.911135530933791	0.03498635	1.591170410293333
1.9128808601857852	0.03679374	1.5845190467999999
1.9146261894377794	0.041141819999999996	1.5817151102266664
1.9163715186897738	0.04565730333333333	1.5810692526033332
1.9181168479417683	0.047384626666666665	1.5797957441933335
1.9198621771937625	0.04762739666666666	1.5787092623333332
1.9216075064457567	0.04746477666666666	1.57769510232
1.923352835697751	0.046472973333333334	1.5755847112066665
1.9250981649497452	0.04552278333333333	1.5732869398133333
1.92684349420174	0.04614567333333333	1.5719818599866664
1.9285888234537343	0.04729008666666666	1.5699504216733333
1.9303341527057285	0.0487328	1.5673223405466665
1.9320794819577227	0.05204649	1.5663401031266666
1.933824811209717	0.05618219	1.56587078841
1.9355701404617114	0.05720854	1.56213584607
1.9373154697137056	0.05563978333333333	1.55656687991
1.9390607989656998	0.054839833333333324	1.5530140720966668
1.9408061282176947	0.05418888666666666	1.5510760187866666
1.9425514574696887	0.051044926666666664	1.5485708024833333
1.9442967867216832	0.04786836	1.5474485211433333
1.9460421159736774	0.04777815	1.5491738323099997
1.9477874452256718	0.04928574	1.5514770489299998
1.949532774477666	0.050009	1.552076875
1.9512781037296603	0.05075726666666667	1.5512763962833331
1.953023432981655	0.05141295666666666	1.5486265082066666
1.9547687622336491	0.05066746666666667	1.5440264966566666
1.9565140914856434	0.04861776666666666	1.5389475973166666
1.9582594207376378	0.04616125	1.5345056931866665
1.960004749989632	0.04289024	1.5301294162233332
1.9617500792416263	0.03978018	1.5268602375466664
1.9634954084936205	0.03849096666666666	1.5260833665366667
1.9652407377456147	0.03885851333333333	1.5272470720666667
1.9669860669976096	0.03937579	1.5289207896299999
1.9687313962496038	0.04021814	1.5314800606999999
1.970476725501598	0.04145491	1.5347804097933333
1.9722220547535922	0.04205474333333334	1.5375608611166665
1.9739673840055865	0.04095127999999999	1.5385202036266667
1.9757127132575811	0.03871304666666667	1.5373400488733333
1.9774580425095754	0.036087799999999996	1.5335633708199998
1.9792033717615696	0.033611536666666664	1.5277121553033333
1.9809487010135638	0.031395726666666665	1.52103017435
1.982694030265558	0.03021346	1.5152379509233331
1.9844393595175527	0.030546709999999998	1.5116261411799998
1.9861846887695471	0.032079170000000004	1.5113841415366667
1.9879300180215413	0.03364473333333333	1.5143553388366666
1.9896753472735356	0.03496402999999999	1.51949571845
1.9914206765255298	0.035742819999999995	1.5249140015833333
1.9931660057775242	0.035525642999999996	1.5288517578466667
1.9949113350295185	0.034039346666666664	1.5296842157366666
1.9966566642815133	0.03203801333333333	1.5271498303133333
1.9984019935335076	0.02990084	1.5217896369433332
2.0001473227855016	0.028168222666666666	1.5151047693366666
2.0018926520374962	0.027327884333333333	1.5087306450366667
2.0036379812894904	0.027541923333333333	1.5044685206
2.0053833105414847	0.027994543666666667	1.5030876445766665
2.0071286397934793	0.028484872666666664	1.5049074254933335
2.0088739690454736	0.028900824	1.5094219721466664
2.0106192982974678	0.028850641333333333	1.5155661581599997
2.012364627549462	0.027543727999999996	1.521315772853333
2.014109956801456	0.02548790966666667	1.5254039101499999
2.0158552860534504	0.023585462333333335	1.5271246311266666
2.0176006153054447	0.022165461666666664	1.52603147598
2.019345944557439	0.02058042033333333	1.5216478793966666
2.021091273809433	0.019381597	1.5155093072366665
2.022836603061428	0.019350607666666665	1.50991152925
2.0245819323134224	0.019942575666666663	1.5063238300766666
2.0263272615654166	0.019590584666666667	1.5050486573533333
2.028072590817411	0.018707831666666667	1.5070120192433332
2.029817920069405	0.01802068466666667	1.5118891224066666
2.0315632493213998	0.01706344333333333	1.51771083675
2.033308578573394	0.015245605666666669	1.52212630971
2.035053907825388	0.013619149333333332	1.5239859866899998
2.036799237077383	0.012433965266666666	1.5220423585499998
2.0385445663293766	0.011519370900000001	1.5165670872299999
2.0402898955813713	0.011232300766666665	1.509531882433333
2.0420352248333655	0.011726689633333332	1.5028666628466667
2.0437805540853597	0.011556284666666666	1.4969594127433332
2.045525883337354	0.010853807333333333	1.49345231663
2.047271212589348	0.010893982333333333	1.4938728799833332
2.0490165418413424	0.011256366666666667	1.4970158874233332
2.0507618710933366	0.010066052999999998	1.4998674498633333
2.052507200345331	0.008447070999999999	1.5020874053799997
2.054252529597326	0.008427193333333333	1.5041262462033331
2.05599785884932	0.009306341999999999	1.5048112327999998
2.0577431881013144	0.008938474999999998	1.5026662481866666
2.0594885173533086	0.008454661333333332	1.4992491465366666
2.0612338466053033	0.009603423666666666	1.496396691333333
2.0629791758572975	0.011281898666666667	1.4942253128033336
2.0647245051092917	0.011326726666666665	1.4922157668833336
2.0664698343612864	0.011005916333333332	1.4916728545766667
2.0682151636132806	0.011937491666666668	1.4933429637033333
2.069960492865275	0.013215267666666666	1.49655185508
2.071705822117269	0.013481830333333333	1.50008270649
2.0734511513692633	0.014000783333333332	1.5036609735266666
2.0751964806212575	0.015320470999999999	1.5062200598633333
2.0769418098732517	0.016649683666666665	1.5067574172833331
2.078687139125246	0.017788301666666666	1.5050177982966666
2.080432468377241	0.019277950333333335	1.5015407467066666
2.0821777976292353	0.019992071	1.4963993982633332
2.08392312688123	0.019985631666666667	1.4911628640133332
2.0856684561332237	0.02081715	1.48800306496
2.087413785385218	0.022266709333333332	1.4876023823
2.0891591146372126	0.021973354333333334	1.4886067873766664
2.090904443889207	0.021121190433333333	1.4911124656733332
2.0926497731412015	0.02243697223333333	1.4953819670566664
2.0943951023931957	0.024775672333333332	1.4994637715133332
2.0961404316451895	0.024879951766666665	1.50025834776
2.097885760897184	0.024467374699999996	1.4983456165900002
2.0996310901491784	0.026552168366666663	1.495855939263333
2.1013764194011726	0.029396723166666666	1.4927617034266665
2.103121748653167	0.029612062066666667	1.487914099053333
2.104867077905161	0.02930684633333333	1.4838148143733332
2.1066124071571553	0.03132451473333333	1.4832156022399998
2.1083577364091495	0.03379268433333333	1.4850093964866666
2.1101030656611446	0.034008452999999994	1.4864516406166666
2.111848394913139	0.03397673799999999	1.4881747831799998
2.113593724165133	0.035156195	1.490595078863333
2.1153390534171272	0.03592855666666667	1.49167637313
2.1170843826691215	0.03550061433333333	1.4899485075633332
2.118829711921116	0.03532845866666666	1.4869327644466666
2.1205750411731104	0.034791531333333334	1.4832001607933334
2.1223203704251046	0.03375634166666666	1.4791014541066665
2.124065699677099	0.034246988666666665	1.4762541129266664
2.1258110289290935	0.03619005333333333	1.4753926044166665
2.1275563581810877	0.036250526666666665	1.4743416678033334
2.129301687433082	0.035608829999999994	1.4734273398133333
2.131047016685076	0.03781609	1.4747569187966665
2.1327923459370703	0.04074731333333333	1.4767355754500002
2.1345376751890646	0.039663943333333326	1.4754981021266667
2.1362830044410597	0.03732127	1.4731379753000002
2.138028333693054	0.03816083666666667	1.47351478057
2.139773662945048	0.039700973333333334	1.4748431974666665
2.141518992197043	0.038035879999999994	1.47348763581
2.143264321449037	0.03646714333333333	1.4720647657766668
2.1450096507010312	0.038168133333333326	1.4733854081266666
2.1467549799530254	0.040407266666666664	1.4748838396033332
2.1485003092050197	0.040463636666666664	1.4738361595699998
2.1502456384570143	0.040472839999999996	1.47267315312
2.1519909677090086	0.04105693333333333	1.4727126205033332
2.1537362969610028	0.04062343	1.4725331775133335
2.155481626212997	0.03947811	1.47192842548
2.157226955464991	0.038808506666666666	1.4718822519366666
2.1589722847169854	0.03689564333333333	1.4705670805799997
2.1607176139689797	0.034441067	1.4679061761066665
2.162462943220974	0.03486947433333333	1.4666116311033335
2.164208272472968	0.037232437	1.4663744801566665
2.1659536017249623	0.036921653666666665	1.4637243009466667
2.1676989309769574	0.036189201666666664	1.4612209245133334
2.1694442602289516	0.03965080766666666	1.4633943493266666
2.171189589480946	0.04396123066666666	1.4671981199966666
2.17293491873294	0.04342162199999999	1.4667296942399999
2.1746802479849343	0.04164057833333333	1.4645135890633334
2.176425577236929	0.043160532666666654	1.4642567011666667
2.178170906488923	0.044576566	1.4627057666033334
2.179916235740918	0.042351924333333325	1.4568770275
2.1816615649929116	0.040423386000000006	1.4514470219233333
2.183406894244906	0.041198513666666665	1.4497239301966665
2.1851522234969005	0.04225081433333333	1.4498971695766667
2.1868975527488947	0.042651469	1.4509275690933334
2.188642882000889	0.04398452233333333	1.45379070184
2.190388211252883	0.044729564666666666	1.45606823502
2.1921335405048774	0.044222700000000004	1.45626787538
2.1938788697568716	0.044716843000000006	1.4562605395433332
2.1956241990088667	0.04569794666666666	1.4557579520633332
2.197369528260861	0.04329210566666667	1.4514673240966665
2.199114857512855	0.03987710033333333	1.44650371561
2.20086018676485	0.040512898666666665	1.4464269728333332
2.202605516016844	0.04262933	1.4487671104033333
2.2043508452688383	0.04063474466666667	1.4477056015933334
2.206096174520833	0.038253252333333335	1.4465708828066668
2.207841503772827	0.040481850666666666	1.4498788679266668
2.2095868330248214	0.043056540000000004	1.453258641913333
2.2113321622768156	0.040752201333333335	1.45172767768
2.21307749152881	0.037817916	1.4495804049133334
2.214822820780804	0.03793748933333333	1.4502018982366665
2.2165681500327983	0.037778303	1.4502248996999998
2.2183134792847925	0.035132468	1.44749558716
2.2200588085367867	0.033315052	1.4449103152799998
2.221804137788781	0.03305335166666666	1.4427900943833332
2.223549467040776	0.03278172066666667	1.4403154848633335
2.2252947962927703	0.03305028133333333	1.4393102245766667
2.2270401255447645	0.03432564366666666	1.4405980833233332
2.2287854547967587	0.03398007166666667	1.4412269653499998
2.230530784048753	0.032630695333333334	1.4420089690866666
2.2322761133007476	0.03322612766666667	1.4457151763866665
2.234021442552742	0.03422765999999999	1.4491337755666667
2.235766771804736	0.03168683666666666	1.4466283808266667
2.2375121010567303	0.028633251	1.4413225424166667
2.239257430308725	0.02952419533333333	1.4384486548866668
2.241002759560719	0.031558001333333335	1.4357129218933333
2.2427480888127134	0.03023972666666666	1.4297886917033333
2.2444934180647076	0.029090111666666668	1.4259182269066666
2.246238747316702	0.031626978	1.4282767534999998
2.247984076568696	0.034097048666666664	1.432944176763333
2.2497294058206903	0.03277808333333333	1.4358789506933332
2.2514747350726845	0.030976835	1.4390654635599998
2.2532200643246787	0.030701568	1.4424265105866667
2.254965393576674	0.029733037666666663	1.4430696122066666
2.256710722828668	0.027571155333333333	1.4408741793133333
2.2584560520806622	0.026512312666666666	1.4376014494433333
2.260201381332657	0.025945392666666664	1.4322063959366667
2.261946710584651	0.025595295666666663	1.4262027976866665
2.2636920398366454	0.027177646	1.4235076060199998
2.26543736908864	0.029835781	1.4235019374299998
2.2671826983406342	0.030005289999999997	1.4223796184566666
2.2689280275926285	0.029257907333333336	1.42289778581
2.2706733568446227	0.030586091333333332	1.4286389431100002
2.272418686096617	0.031554868	1.43540192387
2.274164015348611	0.028765818666666665	1.4376316665933333
2.2759093446006062	0.025659776666666665	1.4380598618199998
2.2776546738525996	0.025477033666666666	1.43919458304
2.279400003104594	0.025890845	1.4374250963233335
2.281145332356588	0.024590659	1.43046933914
2.2828906616085836	0.024325930333333332	1.4227080458499999
2.284635990860578	0.026395609666666667	1.4169911634266665
2.286381320112572	0.028605371666666664	1.4128668074266664
2.288126649364566	0.029447283666666664	1.4109894939
2.28987197861656	0.030147498666666668	1.4131065368533333
2.291617307868555	0.030425750333333328	1.4175199145633333
2.2933626371205493	0.029621112999999998	1.42289375848
2.2951079663725436	0.028419756999999997	1.4293827900233333
2.2968532956245378	0.027479770333333334	1.4347149949966664
2.2985986248765315	0.025519871666666666	1.43456244031
2.300343954128526	0.023721129999999997	1.43065315554
2.3020892833805204	0.02446622433333333	1.4270881946333334
2.3038346126325147	0.026519221333333332	1.4224514560566663
2.305579941884509	0.026528270666666666	1.4138458073766667
2.307325271136503	0.026466773633333333	1.4064464818266667
2.309070600388498	0.028957944666666666	1.4054417196666666
2.3108159296404924	0.031057036333333333	1.4077265844166666
2.3125612588924866	0.029272666266666664	1.409247958
2.314306588144481	0.026808570866666662	1.4133446969666665
2.316051917396475	0.026304316566666666	1.4215081107333334
2.3177972466484698	0.025494651933333334	1.42905075698
2.319542575900464	0.022875967900000002	1.4326518178933334
2.321287905152458	0.021286448236666665	1.4340679539633332
2.3230332344044524	0.0215489044	1.4330954994899998
2.324778563656447	0.02223227163333333	1.4286155065966666
2.3265238929084413	0.022870555336666668	1.4220486698466666
2.3282692221604355	0.023998288666666662	1.4153390775566665
2.3300145514124297	0.024480059399999997	1.4081562214066665
2.331759880664424	0.0242450304	1.4028064407866667
2.333505209916418	0.024001525233333335	1.4023370391866667
2.3352505391684133	0.023468372399999996	1.40539012135
2.3369958684204075	0.02149681046666667	1.4082953546666666
2.3387411976724017	0.019520247666666664	1.4123741741066667
2.340486526924396	0.019027811666666665	1.4190222068199998
2.34223185617639	0.019275792666666666	1.4244908215866663
2.343977185428385	0.018741205999999996	1.4249270175766666
2.345722514680379	0.018864394	1.423264191333333
2.3474678439323733	0.020696684	1.42226957755
2.3492131731843675	0.022737258333333333	1.4200310380299999
2.3509585024363617	0.023251885333333333	1.4151326145633334
2.3527038316883564	0.023615163333333335	1.4110083894866667
2.3544491609403506	0.024439702666666663	1.4092148895899999
2.356194490192345	0.024655833333333335	1.4082251756866664
2.357939819444339	0.023813936666666664	1.4075794659366665
2.3596851486963333	0.023220576666666666	1.4086556930833334
2.3614304779483275	0.02273923	1.41048112962
2.3631758072003217	0.022441383333333332	1.4126783709533335
2.364921136452316	0.02305545666666666	1.4160978022666666
2.36666646570431	0.024455143333333335	1.4196510233100001
2.3684117949563044	0.025097799999999997	1.42035284349
2.3701571242083	0.025761159999999998	1.4195655940533332
2.371902453460294	0.027309833333333332	1.419565962733333
2.373647782712288	0.028485059999999996	1.4186017872966667
2.375393111964282	0.027791286666666665	1.4144636446066667
2.3771384412162764	0.026824396666666667	1.410690543603333
2.3788837704682715	0.026511523333333332	1.4099900900666666
2.3806290997202657	0.026062019999999998	1.4099932475366663
2.38237442897226	0.024968263666666664	1.4082664943099998
2.384119758224254	0.024497179666666664	1.4069494647799998
2.3858650874762484	0.024654122	1.4067031325333332
2.3876104167282426	0.025019796333333334	1.4055904506366668
2.389355745980237	0.025540978333333332	1.4031163066699999
2.391101075232231	0.026425167666666666	1.4015067593266664
2.3928464044842253	0.026703037333333332	1.4010468030266667
2.3945917337362195	0.026758450999999996	1.4016830378266665
2.3963370629882146	0.027498121666666667	1.40405348857
2.398082392240209	0.028382309666666664	1.40739121796
2.3998277214922035	0.02762792	1.40862864615
2.4015730507441977	0.026689582666666663	1.4082405384966665
2.403318379996192	0.02745503766666666	1.4082097040366666
2.4050637092481866	0.028358211233333326	1.4069095190266667
2.406809038500181	0.026889378433333333	1.4017454685833333
2.408554367752175	0.02555369653333333	1.3967288502533333
2.4102996970041692	0.026623774466666666	1.3958324561633333
2.4120450262561635	0.027670887999999998	1.3961021739066668
2.4137903555081577	0.026197143999999995	1.39377060121
2.415535684760152	0.025046024666666666	1.3924159497400002
2.417281014012146	0.025885446	1.3945586139199997
2.4190263432641403	0.026414414	1.39647563126
2.4207716725161346	0.025121802999999998	1.3954780622299998
2.4225170017681297	0.024319885333333333	1.395413748283333
2.424262331020124	0.0246530663	1.3980002410766668
2.426007660272118	0.024845374899999998	1.4002473705033331
2.4277529895241123	0.024456990566666663	1.4001883634366667
2.4294983187761066	0.024499766433333334	1.3994513338833334
2.4312436480281012	0.0244242735	1.39772018752
2.4329889772800954	0.024096343666666666	1.3940944119033332
2.4347343065320897	0.024089005233333335	1.3896749827733335
2.436479635784084	0.024304399799999994	1.3861972483866665
2.438224965036078	0.023328429933333332	1.3832697788400001
2.4399702942880728	0.022330482399999997	1.3823432002166665
2.441715623540067	0.022913911	1.3851147679700002
2.443460952792061	0.023739691666666667	1.3893548415799999
2.4452062820440554	0.022401598999999998	1.3909593024
2.4469516112960497	0.021126228666666667	1.3914620445099999
2.448696940548044	0.022042203666666666	1.3931251082533331
2.450442269800038	0.02274383833333333	1.3931292365366668
2.4521875990520323	0.020700558	1.3887664561766668
2.4539329283040274	0.019007991	1.3847102624999998
2.4556782575560216	0.01965119833333333	1.3844051657399998
2.457423586808016	0.020114726333333333	1.3844800240133335
2.4591689160600105	0.018635397	1.3818402504833334
2.4609142453120048	0.017879191333333332	1.3798268971933334
2.462659574563999	0.01868123333333333	1.379946718116667
2.464404903815993	0.019261507	1.3792232813266665
2.466150233067988	0.018834877666666666	1.3763155199466663
2.467895562319982	0.018803298666666666	1.3744225889166666
2.4696408915719763	0.018958244333333332	1.3744786653633334
2.4713862208239705	0.01881012433333333	1.3749900048966666
2.4731315500759647	0.018534323666666665	1.3753636333599997
2.47487687932796	0.01847123133333333	1.3762952247266667
2.476622208579954	0.017751973666666667	1.3765597412433332
2.4783675378319483	0.01710941333333333	1.3760675187566669
2.4801128670839416	0.017650194	1.3760411284033331
2.481858196335936	0.018697136	1.3763704104866665
2.4836035255879314	0.01842265833333333	1.3753294956
2.4853488548399256	0.018478414999999998	1.3748568850433334
2.48709418409192	0.020552093666666667	1.3769408014933333
2.488839513343914	0.022513459666666666	1.3788416300133335
2.490584842595908	0.021697714666666663	1.3769928937633333
2.492330171847903	0.020816189333333332	1.37441000832
2.494075501099897	0.021908681	1.3738648496833332
2.4958208303518914	0.02234329666666667	1.3725083037133334
2.4975661596038856	0.020148803666666666	1.36816769782
2.49931148885588	0.018634632666666668	1.3654609905933335
2.501056818107874	0.019263343333333332	1.3668529470133333
2.5028021473598683	0.019879963333333334	1.3689864897000001
2.5045474766118625	0.01946848	1.3694191824033333
2.5062928058638567	0.01999758	1.3706652640899997
2.508038135115851	0.021377136666666664	1.3729884023933334
2.509783464367846	0.02246112	1.3738722206966667
2.5115287936198403	0.022999113333333335	1.3724702523066665
2.5132741228718345	0.023463856666666665	1.37071992702
2.5150194521238287	0.023057896666666664	1.3686945829033332
2.516764781375823	0.022157966666666667	1.3662448743033333
2.5185101106278176	0.021581373333333334	1.3641935639166667
2.520255439879812	0.02110501333333333	1.3630798895233334
2.522000769131806	0.019485196666666666	1.3617190210499999
2.5237460983838007	0.01833522	1.3614350902033332
2.525491427635795	0.019442976666666667	1.3640772159233334
2.527236756887789	0.021236613333333335	1.3680103633933334
2.5289820861397834	0.02104806666666667	1.3700600251666666
2.5307274153917776	0.021428469999999998	1.3724534181233334
2.532472744643772	0.02466597333333333	1.3771835015133331
2.534218073895766	0.027283486666666665	1.3800671917299998
2.535963403147761	0.025831216666666663	1.3770256409533332
2.5377087323997554	0.02431360666666666	1.3725309619733332
2.5394540616517496	0.025409829999999998	1.3702254927166666
2.541199390903744	0.02539567	1.3666360030333333
2.542944720155738	0.022031529999999997	1.3596602544866665
2.5446900494077327	0.019800703333333333	1.35521016414
2.546435378659727	0.020528696666666665	1.3562607248266665
2.548180707911721	0.02123260133333333	1.3587973626533334
2.5499260371637154	0.020565634666666666	1.3601639521366666
2.5516713664157096	0.021066609666666666	1.3634996052233332
2.5534166956677042	0.022844453666666667	1.3691105056333335
2.5551620249196985	0.02407244	1.3734036143566666
2.5569073541716927	0.02406595033333333	1.3746497638266668
2.558652683423687	0.023911184333333335	1.3749557474033332
2.560398012675681	0.023289195000000002	1.3744010042733334
2.5621433419276762	0.022045752333333335	1.3718990121933334
2.5638886711796696	0.020701601	1.3678073458099997
2.565634000431664	0.019697251666666665	1.3635709289333333
2.567379329683658	0.018098170333333333	1.3588469308199997
2.5691246589356522	0.017074950666666665	1.3549519605900002
2.570869988187648	0.018266438	1.3540395725166665
2.572615317439642	0.020287145666666666	1.3555344292933331
2.5743606466916362	0.020385676666666665	1.3569242585299999
2.57610597594363	0.021068718333333333	1.3602427392499998
2.5778513051956247	0.024651764333333333	1.3670578524133332
2.5795966344476193	0.027338628333333337	1.3728470911066666
2.5813419636996136	0.025491081	1.37304045284
2.5830872929516078	0.023592046666666665	1.3714801107699999
2.584832622203602	0.024611052333333334	1.3712240662166668
2.586577951455596	0.02430706283333333	1.3683561981299999
2.5883232807075904	0.0201562603	1.3606671118166667
2.5900686099595847	0.017447113599999998	1.3545578698266667
2.591813939211579	0.018567615033333332	1.3535276832333332
2.593559268463574	0.019575815466666667	1.3533606539466665
2.595304597715568	0.018306923666666666	1.35129760954
2.5970499269675624	0.018442199766666667	1.3516695301766666
2.598795256219557	0.021002852399999997	1.3558379675533332
2.6005405854715513	0.022693034666666667	1.3594772871599998
2.6022859147235455	0.021792361133333334	1.3602518036833333
2.6040312439755398	0.021096558566666666	1.3615843732366664
2.6057765732275344	0.021348284233333334	1.36413133877
2.6075219024795286	0.020670638066666663	1.3647368473033332
2.609267231731523	0.018672688133333334	1.36212686412
2.611012560983517	0.0174645165	1.3586063482066666
2.6127578902355113	0.0168771142	1.35427230856
2.6145032194875055	0.016619905566666666	1.3489370966933336
2.6162485487394997	0.017669851666666667	1.34429903536
2.617993877991494	0.019844984266666664	1.3417795906533332
2.619739207243488	0.02096525763333333	1.3403250837433334
2.6214845364954824	0.022520949899999997	1.341280911393333
2.6232298657474775	0.02621169313333333	1.3457760199166666
2.6249751949994717	0.028985811333333333	1.3504478938566664
2.626720524251466	0.027626349366666667	1.3512728522000002
2.62846585350346	0.0259776296	1.351038130973333
2.6302111827554544	0.026773905966666667	1.3522291550866665
2.631956512007449	0.026205488	1.3514745057433333
2.6337018412594433	0.02170082036666667	1.3464954541833332
2.6354471705114375	0.018656503133333332	1.3430561221766664
2.6371924997634317	0.020099863333333332	1.344424656143333
2.638937829015426	0.021480493999999996	1.3456664124733333
2.6406831582674206	0.019579451999999997	1.34302126302
2.642428487519415	0.019514843666666667	1.34166220478
2.644173816771409	0.023809751999999997	1.3443311982866666
2.6459191460234033	0.026962531	1.3458127376766664
2.6476644752753975	0.025426358	1.3431706389699998
2.6494098045273917	0.024754412999999996	1.3425674512799999
2.651155133779386	0.027473649666666662	1.3464728467466665
2.652900463031381	0.028321335333333336	1.34900543909
2.6546457922833753	0.024889461333333335	1.3467918797433331
2.6563911215353695	0.022772382666666664	1.3445714573833334
2.658136450787364	0.023792329333333334	1.3437886103099999
2.6598817800393584	0.024106996666666665	1.3408054312366666
2.6616271092913526	0.022729731666666662	1.3353735355166667
2.663372438543347	0.023335154333333333	1.3324630353933333
2.665117767795341	0.026079233666666663	1.3332290334633332
2.6668630970473353	0.028658346333333334	1.3355063434733332
2.66860842629933	0.030450623	1.3382607530033335
2.6703537555513237	0.03243710333333333	1.3417640785966667
2.6720990848033184	0.03366004266666667	1.3439902725900001
2.673844414055312	0.033684198	1.3439731072366667
2.6755897433073077	0.032974683666666664	1.34244714823
2.677335072559302	0.031648928666666666	1.3398772943966666
2.679080401811296	0.02875523633333333	1.3357401332833334
2.6808257310632904	0.02606061933333333	1.3327653479966666
2.6825710603152837	0.025511975	1.3331863267666666
2.6843163895672792	0.025555106333333334	1.3344649574133334
2.6860617188192735	0.023689613999999998	1.3331312964733333
2.6878070480712677	0.023314978333333333	1.3324125723833333
2.689552377323262	0.027029391000000003	1.3347745570433331
2.691297706575256	0.030230994666666667	1.3356401691466666
2.6930430358272504	0.02898998733333333	1.3317434585566668
2.694788365079245	0.028869611999999996	1.3296147045866666
2.696533694331239	0.032921641	1.3327459496333334
2.6982790235832335	0.034821446666666665	1.33448621376
2.7000243528352272	0.031021958999999995	1.3304784057166668
2.701769682087222	0.028615069333333333	1.3273178132166665
2.703515011339216	0.030740260666666665	1.3279079761433332
2.7052603405912103	0.03118840333333333	1.3257870540966668
2.7070056698432046	0.027082332333333334	1.3184986982666667
2.708750999095199	0.025422668666666665	1.31454943158
2.710496328347194	0.029092633	1.3178670382566666
2.712241657599188	0.031814996666666664	1.3221159466466665
2.7139869868511823	0.030107334	1.3234675359333334
2.7157323161031766	0.030435142999999998	1.3276795647933333
2.7174776453551712	0.03536869033333333	1.3358135422166666
2.7192229746071654	0.038001223333333334	1.3399370629233331
2.7209683038591597	0.034858839	1.33640547971
2.722713633111154	0.032914388999999995	1.33203367729
2.7244589623631486	0.03463277333333333	1.3296455682966668
2.7262042916151423	0.033980207	1.3248423852599998
2.727949620867137	0.02925133633333333	1.31712415273
2.729694950119131	0.02671726733333333	1.3125917783199998
2.7314402793711254	0.027520616999999997	1.3121997427933332
2.7331856086231197	0.027610701	1.3123621183233332
2.734930937875114	0.02638283	1.312432044873333
2.736676267127109	0.026906997666666668	1.3148154481799998
2.738421596379103	0.02873305933333333	1.3188061545599998
2.7401669256310974	0.030109260666666665	1.3233055888366665
2.7419122548830916	0.030773929	1.32833221937
2.743657584135086	0.03161535	1.33351363365
2.7454029133870805	0.03211910533333333	1.3367553961233334
2.7471482426390748	0.03213584	1.3378768656866669
2.748893571891069	0.03178213333333333	1.3368827287066667
2.750638901143063	0.031299516666666666	1.33239328272
2.7523842303950574	0.029939092666666667	1.3234368471266666
2.754129559647052	0.02869974833333333	1.3140088637399998
2.755874888899046	0.028888995	1.3078634518266665
2.7576202181510405	0.029416493333333335	1.3039567430733332
2.7593655474030343	0.028147005333333336	1.30073835659
2.761110876655029	0.028055300666666665	1.3028842488866665
2.762856205907024	0.031348451	1.3121772660266666
2.7646015351590183	0.03366651333333333	1.3216881098300002
2.7663468644110116	0.031556804	1.32618812586
2.768092193663006	0.03051232933333333	1.3309660379900001
2.769837522915	0.03306384999999999	1.3381619437999999
2.7715828521669956	0.033236056666666666	1.3407663376033332
2.77332818141899	0.028510548666666666	1.3359914762933336
2.775073510670984	0.025806773666666664	1.331999188333333
2.7768188399229783	0.02735258733333333	1.33172587437
2.7785641691749725	0.02737863366666667	1.3284370192933332
2.780309498426967	0.023691900000000002	1.31964402975
2.782054827678961	0.02231417033333333	1.3131433034133333
2.7838001569309556	0.025170164999999998	1.3120629204566665
2.7855454861829494	0.026693432666666662	1.3106944653666668
2.787290815434944	0.024113719	1.3070277829233332
2.7890361446869383	0.023661293333333333	1.3086380926799999
2.7907814739389325	0.027850746666666665	1.317545604013333
2.7925268031909276	0.03005277666666667	1.32552014383
2.794272132442922	0.026938599999999997	1.32787962398
2.796017461694916	0.02581160333333333	1.3303327284566664
2.7977627909469107	0.029056223333333332	1.3338197354166665
2.799508120198905	0.029558276666666664	1.3313697193833334
2.801253449450899	0.025181143999999996	1.3217957053499998
2.8029987787028934	0.023355158	1.31338785684
2.8047441079548876	0.025544949	1.3090191727333333
2.8064894372068823	0.026044394	1.3049412447699997
2.808234766458876	0.023615812	1.3009568756633334
2.8099800957108707	0.023182252	1.3017831774333333
2.8117254249628645	0.025096855333333334	1.30722248675
2.813470754214859	0.025551136000000002	1.31337479598
2.8152160834668534	0.023468314666666663	1.3187618898699998
2.8169614127188476	0.0224445	1.32534907321
2.818706741970842	0.023349001999999997	1.3324687544233333
2.820452071222836	0.023332906666666667	1.3376550451566667
2.8221974004748303	0.021218588	1.3398341958366666
2.8239427297268254	0.020388783	1.3402494313966664
2.8256880589788196	0.021371017	1.3382975766333332
2.827433388230814	0.021412113666666666	1.3333729884
2.829178717482808	0.020102778999999998	1.3263751657833334
2.8309240467348022	0.020090394666666664	1.3186608806666666
2.832669375986797	0.020869593	1.3101703676933332
2.834414705238791	0.02147007533333333	1.3033647517266664
2.8361600344907854	0.022476334	1.3005691549699998
2.8379053637427796	0.023727353333333333	1.3005400276466665
2.839650692994774	0.023574723333333332	1.3015474263033333
2.841396022246768	0.02340511666666667	1.3068000263566666
2.8431413514987627	0.02403456333333333	1.3169029102333334
2.8448866807507565	0.0236072	1.3265585260433332
2.846632010002751	0.021245357666666666	1.3322025271933333
2.8483773392547453	0.01983127733333333	1.3370680302699998
2.8501226685067405	0.020000136333333335	1.3414333199866668
2.8518679977587347	0.01973032	1.3405987396166668
2.853613327010729	0.018119627466666663	1.3335352122466664
2.855358656262723	0.0175275728	1.3268810165733331
2.8571039855147173	0.01857884	1.3239063220266667
2.858849314766712	0.01901522233333333	1.3210827062433332
2.8605946440187062	0.017281609	1.3167388500933335
2.8623399732707004	0.016745033	1.31641559665
2.8640853025226947	0.018976173666666665	1.3211023286099999
2.865830631774689	0.020074990333333334	1.3235686064666667
2.8675759610266836	0.017717159	1.32059857429
2.8693212902786778	0.01697744433333333	1.31957302102
2.871066619530672	0.019441398666666665	1.3233132554566667
2.872811948782666	0.019765242666666665	1.3255803001133333
2.87455727803466	0.01629745133333333	1.3245163453166666
2.8763026072866555	0.015120867333333333	1.3272829237
2.8780479365386498	0.01738810366666667	1.3341097012266667
2.879793265790644	0.01807371	1.3366434591166665
2.881538595042638	0.015931571666666665	1.3322293350533334
2.8832839242946324	0.015831670333333332	1.3279888764333334
2.885029253546627	0.018358601999999998	1.3265229964133332
2.8867745827986213	0.01916039	1.32388134338
2.8885199120506155	0.016796468	1.3201675837766667
2.8902652413026098	0.015983580999999997	1.3222729597966665
2.892010570554604	0.018060239999999998	1.33052207319
2.893755899806598	0.018580040666666665	1.3369207995066665
2.895501229058593	0.015776468666666665	1.3371618028966665
2.8972465583105866	0.015063129333333331	1.3358012205899998
2.8989918875625813	0.017679143666666664	1.3338764884966667
2.900737216814575	0.01828943433333333	1.32717203973
2.9024825460665697	0.015427134066666667	1.3168284148233333
2.904227875318564	0.014794061666666665	1.31120250717
2.905973204570558	0.017125991	1.3122342611
2.9077185338225524	0.017708269999999998	1.3148318094366664
2.9094638630745466	0.01572778533333333	1.31674045288
2.9112091923265417	0.01562525033333333	1.3206777629966666
2.912954521578536	0.017480439666666667	1.3254215428433334
2.91469985083053	0.01778471933333333	1.3274912729666666
2.916445180082525	0.015874784666666666	1.327378255183333
2.918190509334519	0.015119019	1.32946257552
2.9199358385865133	0.01583531133333333	1.3343580551933334
2.921681167838508	0.015577059333333332	1.3395889952166666
2.9234264970905017	0.013821842	1.3432255551
2.9251718263424964	0.013447499000000002	1.3450187300166665
2.92691715559449	0.014555236333333332	1.3429195432466667
2.928662484846485	0.015009772666666666	1.33569683104
2.930407814098479	0.014409116333333333	1.3248744004133333
2.9321531433504733	0.014822603	1.3141115626966666
2.9338984726024675	0.015927322333333334	1.3059058331666666
2.9356438018544617	0.01652853933333333	1.3029212333166664
2.937389131106457	0.016518818666666664	1.3062236611266667
2.939134460358451	0.016927866666666666	1.314298743473333
2.9408797896104453	0.017341686666666665	1.3239605016833331
2.9426251188624395	0.017470502333333332	1.3340585962233331
2.9443704481144337	0.017175979666666664	1.3429569194766666
2.9461157773664284	0.016971644666666664	1.34820174225
2.9478611066184226	0.016613794333333334	1.34895655383
2.949606435870417	0.01627765033333333	1.3483695129766666
2.951351765122411	0.016029475	1.3477958988166665
2.9530970943744053	0.016029418666666663	1.3451074103266667
2.9548424236264	0.015621722333333333	1.3387766799833334
2.956587752878394	0.015597262666666667	1.3317989155733334
2.9583330821303884	0.016395813	1.3249594019633333
2.960078411382382	0.016862781333333333	1.3151361071533332
2.961823740634377	0.015835464666666667	1.3023083586366666
2.963569069886372	0.015520087333333335	1.2935653823566666
2.965314399138366	0.016457459999999997	1.2922469523633333
2.9670597283903604	0.016293055333333334	1.2950452112766666
2.9688050576423537	0.014329125333333331	1.3009044895466666
2.970550386894349	0.013602430666666667	1.3142446271633332
2.9722957161463435	0.014238284333333332	1.3331335260533335
2.9740410453983377	0.014072438666666668	1.3488744378766668
2.975786374650332	0.012800123333333333	1.35706825697
2.977531703902326	0.012682915666666664	1.3613248319599998
2.9792770331543204	0.013732909666666668	1.3620372211566665
2.981022362406315	0.014236751333333334	1.3551094785299997
2.982767691658309	0.013270760000000001	1.34143839277
2.9845130209103035	0.013415666000000001	1.3301098851966664
2.9862583501622977	0.015731310999999998	1.32462744595
2.988003679414292	0.01706808866666667	1.31910425556
2.989749008666286	0.015501444333333331	1.3110030953266667
2.9914943379182812	0.015832864999999998	1.30747026345
2.9932396671702755	0.01930227	1.3093484233733332
2.9949849964222697	0.020104783333333334	1.3082356519233331
2.996730325674264	0.016775939999999996	1.3035484738966665
2.9984756549262586	0.016034898666666665	1.3065132559866666
3.000220984178253	0.018435386333333335	1.31933723586
3.001966313430247	0.018400926999999997	1.3329080562566666
3.0037116426822412	0.015839342333333332	1.3438671542733334
3.0054569719342354	0.015957838	1.35711295363
3.00720230118623	0.018237058666666667	1.3689991686066665
3.008947630438224	0.018827162666666664	1.3690823489099997
3.0106929596902186	0.017190956333333333	1.3560205254333333
3.0124382889422123	0.016831087666666664	1.3403077512266668
3.014183618194207	0.018437636666666663	1.32751793294
3.015928947446201	0.018635131	1.3146312245233331
3.0176742766981954	0.015841163666666665	1.3029000982366665
3.0194196059501897	0.015440712999999998	1.3020174580433332
3.021164935202184	0.019056335666666667	1.3117460296766668
3.022910264454178	0.020027859999999998	1.3192192990633331
3.024655593706173	0.01625672	1.3196115761733334
3.0264009229581674	0.015785023333333332	1.3226286909799998
3.0281462522101616	0.019439196666666665	1.3301776483433332
3.029891581462156	0.01951522333333333	1.3339605932566665
3.03163691071415	0.015872439	1.3351297086199998
3.0333822399661448	0.01602128	1.3446229277066666
3.035127569218139	0.019238933333333333	1.36094058622
3.036872898470133	0.020001536666666667	1.3719823238600002
3.0386182277221274	0.018317379999999998	1.373660117663333
3.040363556974122	0.01824151333333333	1.37200501429
3.042108886226116	0.019495890000000002	1.3673134747966664
3.0438542154781105	0.018869661333333336	1.35437890674
3.0455995447301047	0.015490999	1.3357551002166668
3.047344873982099	0.014109491333333335	1.3239245801566666
3.049090203234093	0.016400609666666666	1.3229251194766667
3.0508355324860883	0.016801582666666665	1.3243366542466666
3.0525808617380825	0.013116056333333334	1.3248577529366665
3.0543261909900767	0.013078129666666664	1.33258755544
3.056071520242071	0.017824009666666668	1.3459694193966665
3.057816849494065	0.018747025666666667	1.3520533930233332
3.05956217874606	0.015071577	1.348944781303333
3.061307507998054	0.015811186666666664	1.3484751412366667
3.0630528372500487	0.02053265333333333	1.35212107666
3.0647981665020425	0.021902106666666664	1.3515720858866667
3.0665434957540367	0.020195116666666665	1.3481554389833335
3.0682888250060314	0.021142353333333336	1.3520522666499997
3.0700341542580256	0.023828223333333332	1.3624529140866666
3.07177948351002	0.023875893333333332	1.3690363345833334
3.073524812762014	0.020897033333333332	1.36808754343
3.075270142014008	0.019741503333333334	1.3656050808033333
3.0770154712660034	0.021615741666666667	1.3614918802633333
3.0787608005179976	0.021353484333333332	1.34855287299
3.080506129769992	0.017058946666666665	1.3295825418733334
3.082251459021986	0.016397263	1.3211900088466666
3.0839967882739803	0.02081449633333333	1.3295512810233332
3.085742117525975	0.021296560666666665	1.3446096137366665
3.087487446777969	0.016603632	1.3613404823999997
3.0892327760299634	0.016944743666666665	1.38412863464
3.0909781052819576	0.022196936666666667	1.4040193980966666
3.092723434533952	0.02305792	1.4033781528299998
3.094468763785946	0.019799396666666667	1.382850180483333
3.0962140930379407	0.020368113333333333	1.3619296520933333
3.0979594222899345	0.023588363333333334	1.3528531845366667
3.099704751541929	0.023290606666666665	1.3570988919566667
3.101450080793923	0.019672163333333333	1.3781113183533331
3.1031954100459176	0.018689749999999998	1.4185143302666667
3.104940739297912	0.02099006033333333	1.4625015082766666
3.106686068549906	0.020829710333333334	1.4818506792166666
3.1084313978019003	0.016555000333333333	1.46361831576
3.1101767270538954	0.016243613999999997	1.4220916996966664
3.1119220563058896	0.0215982971	1.3769828899133332
3.113667385557884	0.022596468666666664	1.3426648810399997
3.1154127148098785	0.017443555666666666	1.34109811185
3.1171580440618727	0.018477846333333332	1.3945850518133334
3.118903373313867	0.026251559999999997	1.48836311182
3.120648702565861	0.02774052333333333	1.57174261632
3.122394031817856	0.022587086666666666	1.60381611681
3.1241393610698496	0.022977082333333333	1.57537599333
3.1258846903218442	0.027659829999999996	1.4926012901466665
3.127630019573838	0.025820153333333335	1.3832416332366666
3.1293753488258327	0.018819983999999998	1.3175557045433335
3.131120678077827	0.016709507999999998	1.3838582095933332
3.132866007329821	0.019517879666666668	1.6274943287733334
3.1346113365818153	0.018995352333333333	2.02573843229
3.1363566658338096	0.015222943333333332	2.51266643708
3.1381019950858047	0.016510448333333334	2.9976554358499996
3.139847324337799	0.029292854	3.3710858366066665
3.141592653589793	0.06500623999999999	3.5433045489533326