# O(3P)+CO2(000; j=0) -> O(3P)+CO2(000; j') scattering, statistically averaged (3A2+3B2+3B1) potential energy surfaces
# Differential cross sections; packaged by M. Gacesa (marko.gacesa@nasa.gov), Apr 30 2019
# E = 1.51757 eV
# theta(rad)                 elastic DCS                total DCS (both in units of 1E-16 cm^2/Sr)
0.	2.8416206666666665e6	2.9082958630607896e6
0.0017453292519943296	2.1356176666666665e6	2.1804240505833332e6
0.003490658503988659	931982.2333333334	945697.4291906666
0.005235987755982989	281215.29999999993	286041.7106243333
0.006981317007977318	88513.15666666665	94227.21024366666
0.008726646259971648	47975.22666666666	54166.492262466665
0.010471975511965978	44309.202333333335	49167.292955310004
0.012217304763960305	30186.989999999998	33067.768307599996
0.013962634015954637	14580.5	17148.57810973333
0.015707963267948967	11013.144999999999	14129.793098806666
0.017453292519943295	11124.526	13953.35808911
0.019198621771937624	9533.678666666667	11503.105100083334
0.020943951023931956	6199.449333333334	7627.253781846666
0.02268928027592628	2985.317666666667	4552.232958643333
0.02443460952792061	2645.464	4526.570840956666
0.02617993877991494	3272.893	4905.703852233333
0.027925268031909273	2694.2745	3777.3410360199996
0.029670597283903602	1631.9674	2493.3168024233332
0.031415926535897934	907.9174666666665	1885.9982245033334
0.03316125578789226	882.9694333333333	1967.2650798246668
0.03490658503988659	1156.7962333333332	2087.124860226333
0.03665191429188092	922.1745000000001	1565.7755542913333
0.03839724354387525	443.8668	1001.1024892149999
0.040142572795869566	253.29324133333333	919.3993426616667
0.04188790204786391	319.9983	1024.2620698433332
0.043633231299858244	436.3718666666667	1015.7493480833333
0.04537856055185256	368.57366666666667	779.2206906493332
0.047123889803846894	150.20810333333333	504.2352713326666
0.04886921905584122	57.458126666666665	479.907778014
0.05061454830783555	106.76261999999998	569.9780284786666
0.05235987755982988	161.3565733333333	553.197795179
0.054105206811824215	157.54783666666665	446.12720335366663
0.05585053606381855	84.54289333333332	329.287786466
0.05759586531581287	30.841286666666665	296.29373688633336
0.059341194567807204	47.58749999999999	335.3322413016666
0.061086523819801536	66.61723666666666	324.899718513
0.06283185307179587	66.56219	270.20891593
0.0645771823237902	58.876713333333335	236.88500548533332
0.06632251157578452	39.644929999999995	224.55025533166668
0.06806784082777885	35.934556666666666	228.57627601133333
0.06981317007977318	42.01716	219.30494062766667
0.0715584993317675	33.931916666666666	180.6322607333333
0.07330382858376185	33.20809666666666	162.34340452733332
0.07504915783575618	39.11781	170.57602367099997
0.0767944870877505	35.317706666666666	171.933308143
0.07853981633974483	33.557379999999995	164.9504450323333
0.08028514559173913	29.298159666666667	144.84831309833334
0.08203047484373349	22.491893333333337	124.08404737836668
0.08377580409572782	28.160433333333334	127.5114768424
0.08552113334772216	32.10221666666666	134.41249265676666
0.08726646259971649	26.88759333333333	129.50779094156667
0.08901179185171079	24.448880666666668	122.8927400939
0.09075712110370512	20.525640666666664	110.43953651160001
0.09250245035569944	19.067153333333334	102.08777419399999
0.09424777960769379	24.22273333333333	105.47810085796665
0.09599310885968812	22.409893333333333	103.76998188013332
0.09773843811168244	17.24602433333333	99.85392689923333
0.09948376736367677	16.804604333333334	99.4944665386
0.1012290966156711	15.313562999999998	93.18840422379999
0.10297442586766543	17.198196666666664	88.7151677687
0.10471975511965977	20.20265	87.34753376843332
0.10646508437165408	15.644083333333331	81.42396054676666
0.10821041362364843	12.325545666666667	80.86053877629999
0.10995574287564276	12.708436	83.5797132231
0.1117010721276371	11.588771666666668	79.77789160266667
0.11344640137963143	14.201296666666666	77.00209152276666
0.11519173063162574	15.744719999999997	73.33121416106665
0.11693705988362009	11.430763333333331	66.80308961866666
0.11868238913561441	9.810489333333333	67.40867857696665
0.12042771838760875	9.649301999999999	69.4645277591
0.12217304763960307	7.986859	66.88002118376666
0.12391837689159738	9.728229666666666	65.66756982253332
0.12566370614359174	9.957388666666667	61.92329059619999
0.12740903539558604	6.884595999999999	56.729135322666664
0.1291543646475804	6.318105	57.3203141208
0.13089969389957473	5.775511666666667	58.1142464231
0.13264502315156904	4.902312	57.36092487966667
0.1343903524035634	6.638653	57.99125860896667
0.1361356816555577	6.380698333333333	54.93893294673334
0.13788101090755206	4.450252666666667	50.881630918599996
0.13962634015954636	4.024360999999999	50.235591837533335
0.1413716694115407	3.077412333333333	49.40842225763333
0.143116998663535	3.1723846666666664	49.8843557036
0.14486232791552936	5.133684333333333	51.8299972518
0.1466076571675237	5.1004249999999995	50.16903988876667
0.148352986419518	4.313003333333333	47.563184490733335
0.15009831567151236	3.756193333333333	45.62366117666667
0.15184364492350666	2.461206	42.9201634926
0.153588974175501	2.92372	42.84201628193333
0.15533430342749535	4.547935	44.397187095433324
0.15707963267948966	4.780078666666666	44.033753562899996
0.158824961931484	5.023237333333332	43.66463683333333
0.16057029118347826	4.468688	42.17198709173333
0.16231562043547265	3.018709666666666	39.175381323366665
0.16406094968746698	3.4727743333333336	38.4515306137
0.16580627893946132	4.525608	38.80213869503333
0.16755160819145565	4.715444333333333	38.616556948366664
0.16929693744344992	5.361129999999999	39.36905098583333
0.1710422666954443	4.866276	38.6283469514
0.17278759594743864	3.557078333333333	36.30976603443333
0.17453292519943298	3.893186666666667	35.3797158556
0.17627825445142725	4.437342666666667	34.752962698199994
0.17802358370342158	4.330726	34.20037865246667
0.17976891295541597	4.611681333333333	34.931655908766665
0.18151424220741025	3.931039666666667	34.6858567512
0.18325957145940458	2.8556686666666664	33.47567112026667
0.18500490071139888	3.0533596666666663	32.83718066296666
0.18675022996339324	3.36023	31.8176948665
0.18849555921538758	3.3210393333333332	30.910983446799996
0.1902408884673819	3.430149	30.985858024466665
0.19198621771937624	2.7553873333333336	30.603999287799997
0.19373154697137057	1.9759696666666664	30.06979264633333
0.19547687622336488	2.0131066666666664	29.8423245296
0.19722220547535924	2.150087333333333	29.135663561133335
0.19896753472735354	2.2797733333333334	28.554745304133327
0.2007128639793479	2.443323333333333	28.44333291066667
0.2024581932313422	2.0105489999999997	27.998342976799997
0.20420352248333656	1.5953112333333332	27.711318998
0.20594885173533087	1.5821588000000002	27.5633005196
0.20769418098732523	1.6173942666666665	27.095132234899996
0.20943951023931953	1.7676307333333332	26.79980385266667
0.2111848394913139	1.8660332666666666	26.651062571766666
0.21293016874330817	1.590245	26.2649241659
0.21467549799530256	1.4396722666666666	26.089345062966665
0.21642082724729686	1.4380398333333333	25.88563054933333
0.2181661564992912	1.4417645666666665	25.483946847299997
0.21991148575128552	1.5990018	25.261680344533335
0.22165681500327983	1.6705896666666666	25.026668560999997
0.2234021442552742	1.4825266666666668	24.559844240266663
0.22514747350726852	1.4643393333333332	24.18398764243333
0.22689280275926285	1.537412	23.675683222066667
0.22863813201125716	1.6075423333333334	23.0562609056
0.2303834612632515	1.8252823333333332	22.697798562466666
0.23212879051524585	1.9717496666666663	22.521524429166664
0.23387411976724018	1.7940203333333333	22.290250965299997
0.23561944901923448	1.6480373333333331	22.123640091866665
0.23736477827122882	1.6517566666666668	21.874196506466667
0.23911010752322315	1.7147703333333333	21.42402528663333
0.2408554367752175	1.8735380000000001	20.905273569066665
0.24260076602721184	2.046571	20.46618563173333
0.24434609527920614	1.9251839999999998	20.011878951266667
0.24609142453120048	1.6992379999999998	19.6961616616
0.24783675378319475	1.6320633333333332	19.657156536033334
0.24958208303518917	1.6251883333333332	19.687600930433334
0.25132741228718347	1.5960523333333332	19.583118158066664
0.2530727415391778	1.6262326666666667	19.434051066699997
0.2548180707911721	1.4895353333333334	19.051062727033333
0.25656340004316636	1.2765066666666667	18.52516578843333
0.2583087292951608	1.2511376666666667	18.195588888666666
0.26005405854715513	1.2810104666666666	17.988731782666665
0.26179938779914946	1.2336540666666667	17.799341313733333
0.2635447170511437	1.2237035333333333	17.794051129533333
0.26529004630313807	1.0426208666666665	17.678549708533332
0.26703537555513246	0.7868557999999999	17.4463330384
0.2687807048071268	0.7341579	17.368618929833332
0.270526034059121	0.7544532333333334	17.2774634859
0.2722713633111154	0.7420268666666666	17.1112918276
0.2740166925631097	0.7867021	17.062215708733333
0.2757620218151041	0.6691970666666666	16.840671055066668
0.27750735106709834	0.4997761666666667	16.537083560166664
0.2792526803190927	0.4808055	16.411809214133335
0.280998009571087	0.49523313333333335	16.29666163323333
0.2827433388230814	0.5507613	16.246147932366664
0.2844886680750758	0.6831806666666667	16.360797581633335
0.28623399732707	0.6654535666666666	16.258283372199998
0.28797932657906433	0.6652423333333333	16.057198641666666
0.2897246558310587	0.7330257333333333	15.865198231433334
0.291469985083053	0.7246436333333333	15.507262969866666
0.2932153143350474	0.8303128333333333	15.294373247366666
0.29496064358704166	1.0097509333333332	15.321628413033332
0.296705972839036	0.9478718666666667	15.162278090400001
0.2984513020910303	0.9377128333333333	15.048797180966668
0.3001966313430247	1.0079036	14.9849081514
0.301941960595019	0.9620779333333334	14.684531103066664
0.3036872898470133	1.0878577333333332	14.538322163933332
0.30543261909900765	1.2874453333333333	14.589788728033334
0.307177948351002	1.1440233333333332	14.385454668166668
0.3089232776029963	1.0201924	14.2687631338
0.3106686068549907	1.0002442	14.2416090143
0.312413936106985	0.8894487666666666	13.983629503066666
0.3141592653589793	0.9999002	13.882201516966667
0.31590459461097364	1.2159366	13.9238421711
0.317649923862968	1.0877214666666666	13.681898304233332
0.3193952531149623	0.9473361333333332	13.539777755933333
0.32114058236695653	0.8723380666666667	13.477972888699998
0.32288591161895097	0.7021979333333334	13.2070706387
0.3246312408709453	0.7536679333333334	13.0957224896
0.32637657012293964	0.9205905333333333	13.072713406366667
0.32812189937493397	0.7868181999999999	12.767233289866667
0.32986722862692824	0.6308646333333332	12.574064469566666
0.33161255787892263	0.5202578999999999	12.4799190185
0.3333578871309169	0.3479228666666666	12.275726321033332
0.3351032163829113	0.37093430000000005	12.2625282727
0.3368485456349056	0.49405853333333327	12.294567808766667
0.33859387488689985	0.4201476999999999	12.072816772333335
0.34033920413889424	0.34495813333333336	11.919704184033332
0.3420845333908886	0.2624656666666666	11.769001500933332
0.3438298626428829	0.15618174333333332	11.552047551166666
0.3455751918948773	0.2313084333333333	11.560415623299997
0.34732052114687156	0.36254243333333336	11.608083984866667
0.34906585039886595	0.40102646666666664	11.515670715033332
0.3508111796508603	0.46995213333333324	11.5149696247
0.3525565089028545	0.40889643333333325	11.384698769066667
0.3543018381548489	0.2990739	11.155234893666666
0.35604716740684317	0.3986323666666667	11.164311598733335
0.35779249665883756	0.5292965333333333	11.184934017066666
0.35953782591083194	0.6067480666666666	11.112674272033333
0.3612831551628262	0.7377319666666665	11.151651309233333
0.3630284844148205	0.6543833666666666	10.986837646200001
0.3647738136668149	0.47547786666666664	10.697397762466666
0.36651914291880916	0.5242394333333333	10.665556032553333
0.36826447217080355	0.6103314333333333	10.669703621323332
0.37000980142279777	0.6688180333333333	10.65228828784
0.3717551306747922	0.8119552333333333	10.794786255280002
0.3735004599267865	0.7336893999999999	10.720966728690001
0.3752457891787809	0.5352606999999999	10.47102847216
0.37699111843077515	0.5473977999999999	10.381808472433333
0.3787364476827695	0.5975427333333334	10.256313247239998
0.3804817769347638	0.6357601666666666	10.119360668429998
0.38222710618675815	0.7756810333333333	10.19739355642
0.3839724354387525	0.7119086666666666	10.157070714416665
0.38571776469074687	0.5125223999999999	10.021882672426667
0.38746309394274114	0.4871700666666666	10.039670270116666
0.3892084231947355	0.4965980666666666	9.976165411566665
0.39095375244672975	0.49141603333333334	9.835907667236665
0.39269908169872414	0.5847063333333333	9.841223911113334
0.39444441095071847	0.5275507	9.755747814126666
0.3961897402027128	0.35245686666666665	9.630734138409998
0.3979350694547071	0.2982899	9.646581201666665
0.39968039870670136	0.27773730999999996	9.579025409309999
0.4014257279586958	0.2662402666666666	9.41858846015
0.4031710572106902	0.3459677666666666	9.33572192392
0.4049163864626844	0.3234169333333333	9.17898818608
0.4066617157146788	0.21686894666666667	9.056483233946667
0.4084070449666731	0.16903564999999998	9.098736292733332
0.41015237421866746	0.14007857333333332	9.11037509018
0.41189770347066174	0.17610459666666667	9.081014462746666
0.413643032722656	0.3118758333333333	9.063591138326666
0.41538836197465046	0.34703416666666664	8.882608686843334
0.4171336912266447	0.3026371666666666	8.688724049456667
0.41887902047863906	0.2610670666666667	8.63045760897
0.42062434973063334	0.19905509999999998	8.593593810673333
0.4223696789826278	0.2317763333333333	8.630167096166666
0.4241150082346221	0.3901064666666666	8.737161642696666
0.42586033748661634	0.45960389999999995	8.673799812719999
0.4276056667386108	0.45391089999999995	8.540101131486665
0.4293509959906051	0.4173173333333333	8.4476291518
0.43109632524259933	0.3116832333333333	8.317333239253333
0.4328416544945937	0.28272189999999997	8.264687631903332
0.434586983746588	0.4001994	8.331380867253332
0.4363323129985824	0.47669579999999995	8.303532803243332
0.43807764225057666	0.5148621333333332	8.244954056513333
0.43982297150257105	0.5238339666666667	8.208328721523333
0.44156830075456543	0.4262056666666667	8.08625637162
0.44331363000655966	0.34447323333333335	7.980583402543333
0.445058959258554	0.3865805	7.97215006399
0.4468042885105484	0.42582299999999995	7.921901672479999
0.44854961776254265	0.4722372	7.906338952523333
0.45029494701453704	0.5276315666666666	7.965165428203333
0.4520402762665313	0.48434883333333334	7.959124066386666
0.4537856055185257	0.39402716666666665	7.900737309263333
0.45553093477052	0.36944345	7.84426528621
0.4572762640225143	0.3555247833333333	7.712523579796667
0.45902159327450864	0.3666796333333333	7.604867021756666
0.460766922526503	0.400552	7.597638953436666
0.46251225177849725	0.3694340333333333	7.6150024423066665
0.4642575810304917	0.2831010333333333	7.6357386821499995
0.46600291028248597	0.23460915999999998	7.656309829866666
0.46774823953448036	0.22630374666666664	7.59580489147
0.4694935687864746	0.26571503333333335	7.503813062343333
0.47123889803846897	0.30567536666666667	7.42491909045
0.4729842272904633	0.2790493333333333	7.357949990309999
0.47472955654245763	0.20068864666666666	7.340023135403333
0.4764748857944519	0.13797114666666666	7.3676910325466665
0.4782202150464463	0.12526241333333332	7.362550798863333
0.4799655442984406	0.20071247666666664	7.335357547199999
0.481710873550435	0.29420773666666666	7.268769151493332
0.48345620280242924	0.31976289999999996	7.15547995942
0.4852015320544237	0.27677609999999997	7.062239871126666
0.48694686130641796	0.19758009999999998	7.02063269528
0.4886921905584123	0.1210231	6.997293484836666
0.49043751981040656	0.14531781	7.025001203739999
0.49218284906240095	0.24674073333333335	7.067572066129999
0.4939281783143953	0.3295089	7.0638258822066655
0.4956735075663895	0.3546449966666667	7.019416252
0.4974188368183839	0.30706633333333333	6.94117207405
0.49916416607037833	0.18882493333333333	6.813042495466666
0.5009094953223726	0.12550957	6.7171925003199995
0.5026548245743669	0.17077396666666667	6.691961485763334
0.5044001538263612	0.25972969999999995	6.713226905976667
0.5061454830783556	0.3384779333333333	6.766995900916666
0.5078908123303499	0.36817409999999995	6.820980607446666
0.5096361415823442	0.2916356	6.79134487396
0.5113814708343385	0.1995805333333333	6.700086845906666
0.5131268000863327	0.20146878333333332	6.60633108541
0.5148721293383272	0.26725863333333333	6.52360848835
0.5166174585903216	0.3286034666666667	6.461469650269999
0.5183627878423158	0.37406906666666667	6.45830085411
0.5201081170943103	0.34471376666666664	6.468064397963333
0.5218534463463045	0.26294219999999996	6.4526558947199995
0.5235987755982989	0.24009350333333335	6.4284698951133326
0.5253441048502931	0.28078872666666665	6.386994874
0.5270894341022874	0.294595	6.291892303216667
0.5288347633542818	0.2980950333333333	6.2182348308933335
0.5305800926062761	0.2873383666666667	6.211910865789999
0.5323254218582705	0.2311938	6.230544427223333
0.5340707511102649	0.19575292666666666	6.2552228006099995
0.5358160803622593	0.23079660666666663	6.27899592576
0.5375614096142536	0.25153523333333333	6.223416188973332
0.5393067388662478	0.25472043333333333	6.122407737043333
0.541052068118242	0.2620804333333333	6.058376323689999
0.5427973973702365	0.2209813633333333	6.0206912466133335
0.5445427266222308	0.15520067999999998	6.0047957999133335
0.5462880558742251	0.15975240000000002	6.047478251113333
0.5480333851262194	0.19501570000000001	6.072432909756666
0.5497787143782138	0.23528208333333334	6.051735157593333
0.5515240436302082	0.289591	6.025317302389999
0.5532693728822025	0.28536039999999996	5.962672976003333
0.5550147021341967	0.19928133333333334	5.8539065630366665
0.5567600313861911	0.13952523333333333	5.782683602653333
0.5585053606381855	0.12407636	5.734131748176666
0.5602506898901798	0.14303237666666666	5.699591729703333
0.561996019142174	0.20788729333333333	5.717552773346666
0.5637413483941685	0.2458896433333333	5.737330136236666
0.5654866776461628	0.1918846333333333	5.702119724973333
0.5672320068981571	0.12310232666666665	5.66749267366
0.5689773361501516	0.08117453333333333	5.6259515554499995
0.5707226654021459	0.07567651333333332	5.575445288919999
0.57246799465414	0.12497046333333334	5.564532800589999
0.5742133239061344	0.18079633666666667	5.568359994246667
0.5759586531581287	0.17787950999999996	5.542380378120001
0.5777039824101231	0.15049494666666666	5.526397480726666
0.5794493116621174	0.11877102666666667	5.498039576396666
0.5811946409141118	0.10664678000000001	5.454089178403333
0.582939970166106	0.14559224999999998	5.444396234306666
0.5846852994181004	0.19978416666666665	5.44718622811
0.5864306286700948	0.21621196666666667	5.429139881249999
0.5881759579220891	0.20961396666666668	5.430400329843334
0.5899212871740833	0.16939633333333332	5.411813466189999
0.5916666164260775	0.1283373233333333	5.365651844046667
0.593411945678072	0.14746177666666666	5.351182069626667
0.5951572749300664	0.19597543333333328	5.337429921430001
0.5969026041820606	0.21841503333333334	5.283719200483333
0.5986479334340549	0.23079356666666664	5.251146645903333
0.6003932626860494	0.20411736666666663	5.214717334303333
0.6021385919380438	0.15359841666666665	5.162532223966666
0.603883921190038	0.15439648666666667	5.162106130233333
0.6056292504420324	0.18800266666666668	5.181765141963333
0.6073745796940266	0.19798173333333335	5.159347128583333
0.609119908946021	0.21253749999999996	5.151394836806666
0.6108652381980153	0.20462053333333333	5.13332820045
0.6126105674500095	0.16566873333333332	5.072199002393333
0.614355896702004	0.16689228666666667	5.033201759759999
0.6161012259539983	0.2007646	5.00468002257
0.6178465552059926	0.20522026666666665	4.934103747776666
0.6195918844579871	0.2124111333333333	4.897261385943333
0.6213372137099814	0.20637943333333333	4.894450912656667
0.6230825429619757	0.15916916666666664	4.8783243193766666
0.62482787221397	0.13025979	4.88833274809
0.6265732014659642	0.13538956666666666	4.9054751882800005
0.6283185307179586	0.12575646333333332	4.862496485723334
0.630063859969953	0.13335259	4.828381441716666
0.6318091892219473	0.14864097333333331	4.82438229455
0.6335545184739415	0.12584056666666665	4.809811453079999
0.635299847725936	0.09619343333333333	4.816890803493333
0.6370451769779303	0.08412096333333333	4.834142629923333
0.6387905062299246	0.062309079999999996	4.793118650796667
0.6405358354819191	0.06565745333333334	4.74967550925
0.6422811647339131	0.08915232666666667	4.732105568573333
0.6440264939859075	0.08936985333333332	4.714256913689999
0.6457718232379019	0.08395963000000001	4.735854105966666
0.6475171524898962	0.08587107333333333	4.789315587016667
0.6492624817418906	0.06842220333333333	4.792213361703333
0.6510078109938849	0.07013132999999999	4.772719520436667
0.6527531402458793	0.09147775666666666	4.742324883686667
0.6544984694978735	0.09294254666666665	4.6699229214199995
0.6562437987498679	0.09204849333333333	4.611776850986667
0.6579891280018623	0.09816842333333332	4.6000134305266664
0.6597344572538565	0.08157293666666666	4.582611565763333
0.6614797865058508	0.08561894666666665	4.596797891056666
0.6632251157578453	0.11628941666666666	4.644469477693333
0.6649704450098396	0.12679236	4.653581225246667
0.6667157742618338	0.12786520333333332	4.637652034333333
0.668461103513828	0.12756516333333334	4.6187184445766665
0.6702064327658226	0.09397699999999999	4.552981045376666
0.6719517620178169	0.08286654666666667	4.502559697583333
0.6736970912698113	0.12009893333333332	4.5076855770533335
0.6754424205218055	0.15439456666666665	4.50419763349
0.6771877497737997	0.1843164333333333	4.489240016853333
0.6789330790257941	0.20919473333333333	4.4742656102966665
0.6806784082777885	0.17489423333333334	4.397299228823333
0.6824237375297828	0.13647424	4.31814199864
0.6841690667817772	0.15352663333333333	4.31508095933
0.6859143960337715	0.1790654333333333	4.34084327094
0.6876597252857658	0.19806616666666668	4.378808334756666
0.6894050545377601	0.2256465	4.440207718290001
0.6911503837897546	0.20452933333333334	4.437128913326667
0.6928957130417489	0.16087016666666665	4.373287418756666
0.6946410422937431	0.1635617633333333	4.320550090166666
0.6963863715457373	0.17810713333333333	4.25915342209
0.6981317007977319	0.17427763333333335	4.197049246883333
0.6998770300497262	0.1828215	4.203722906099999
0.7016223593017206	0.16677279999999997	4.236987404043333
0.7033676885537148	0.12071779666666665	4.26285035023
0.705113017805709	0.09750298666666665	4.296711128906666
0.7068583470577035	0.09014991666666666	4.288591133626666
0.7086036763096978	0.07796188999999999	4.217014388789999
0.710349005561692	0.09106366666666665	4.157438066533333
0.7120943348136863	0.10134857666666666	4.119455783573333
0.7138396640656808	0.08489926333333334	4.103030364713333
0.7155849933176751	0.06960464999999999	4.1344786317899995
0.7173303225696694	0.054991353333333326	4.163864525353333
0.7190756518216639	0.03139727	4.13683501792
0.7208209810736581	0.03416487333333333	4.093214671559999
0.7225663103256524	0.04814890666666666	4.04195880054
0.7243116395776467	0.049956139999999996	3.9974292960099995
0.726056968829641	0.05462007333333333	4.011821186646666
0.7278022980816354	0.05483033333333333	4.06439892492
0.7295476273336298	0.036574350666666665	4.094223340539999
0.7312929565856241	0.035546079999999994	4.107298504066667
0.7330382858376183	0.046899993333333334	4.082133950973333
0.7347836150896128	0.05035339	4.006412025076667
0.7365289443416071	0.05737963333333333	3.9355178545600005
0.7382742735936013	0.06139954333333332	3.8959272356366665
0.7400196028455955	0.047896033333333324	3.87429476524
0.7417649320975901	0.05217097999999999	3.8991209541900003
0.7435102613495844	0.07283432333333333	3.9459223675366664
0.7452555906015788	0.08861910333333334	3.96289142114
0.747000919853573	0.10815716	3.956217128793334
0.7487462491055674	0.11865021999999999	3.92880967833
0.7504915783575618	0.09623913333333334	3.8679842286066664
0.752236907609556	0.08477618666666666	3.8310789354
0.7539822368615503	0.10188198	3.8385391706166665
0.7557275661135445	0.12661196666666666	3.8533357715233336
0.757472895365539	0.1643252	3.8692717949833337
0.7592182246175333	0.19949799999999998	3.8727802908066664
0.7609635538695276	0.18562996666666667	3.822732752263333
0.7627088831215221	0.15659203333333332	3.7635419663366667
0.7644542123735163	0.1503463333333333	3.742460529553333
0.7661995416255106	0.14951136666666665	3.7422596422599996
0.767944870877505	0.15813447333333333	3.7603044051033336
0.7696902001294994	0.18658742666666667	3.7955216042999997
0.7714355293814937	0.1911599333333333	3.7920963704633337
0.773180858633488	0.17609626666666667	3.750888959576667
0.7749261878854823	0.17355273333333332	3.7083449488399998
0.7766715171374765	0.16552966666666666	3.6604454965533333
0.778416846389471	0.14408893333333334	3.6194034811066667
0.7801621756414653	0.1414765533333333	3.62636699124
0.7819075048934595	0.14070326666666666	3.6578080937233333
0.7836528341454538	0.1280123333333333	3.6875019486866667
0.7853981633974483	0.12268919	3.7133145163266663
0.7871434926494427	0.11663620999999998	3.7089099401299994
0.7888888219014369	0.09399476333333334	3.6622827642766667
0.7906341511534312	0.08525165666666665	3.6207018224433334
0.7923794804054256	0.09134893333333334	3.602352364333333
0.7941248096574199	0.09000711333333333	3.6022711773699996
0.7958701389094142	0.08365803666666667	3.62125952431
0.7976154681614087	0.07447079	3.637555664636667
0.7993607974134027	0.04983683333333333	3.61911052283
0.8011061266653973	0.032144189999999996	3.58386789499
0.8028514559173916	0.033782086999999995	3.5519709301
0.8045967851693858	0.038955074	3.5332692078266668
0.8063421144213804	0.04018925666666666	3.542735964043333
0.8080874436733746	0.04205495666666666	3.5797103324699995
0.8098327729253688	0.03365366266666667	3.6115973396633327
0.8115781021773631	0.023495038333333332	3.6239449069400003
0.8133234314293576	0.023134452666666666	3.6093761877299997
0.815068760681352	0.026214096666666666	3.5657486532933333
0.8168140899333463	0.024376663333333333	3.5109093351766667
0.8185594191853405	0.025387676666666664	3.47539161582
0.8203047484373349	0.025607186666666663	3.4651286543966666
0.8220500776893291	0.02671428666666667	3.4785736224366666
0.8237954069413235	0.035098359999999995	3.5018371514966664
0.8255407361933177	0.04920198666666667	3.5121895707033333
0.827286065445312	0.0576215	3.494131977326667
0.8290313946973066	0.06247912666666666	3.4596966393166664
0.8307767239493009	0.06287066666666666	3.4231227270366666
0.8325220532012951	0.05972922	3.398220669723333
0.8342673824532894	0.059480846666666656	3.38980479933
0.8360127117052839	0.07173673	3.3939443215100003
0.8377580409572781	0.09170444	3.3932651879766667
0.8395033702092725	0.11467669999999999	3.3800431982866663
0.8412486994612667	0.1318680633333333	3.3541197431466667
0.8429940287132611	0.13658761666666666	3.32422279646
0.8447393579652556	0.12824410999999997	3.2997289784033335
0.8464846872172498	0.11966093	3.292884552266667
0.8482300164692442	0.11726988333333334	3.2987972173499998
0.8499753457212386	0.12574417999999998	3.30598137768
0.8517206749732327	0.14226132333333333	3.3023283732233333
0.853466004225227	0.15873979333333332	3.2829935147066664
0.8552113334772216	0.16489053333333334	3.24853927087
0.8569566627292158	0.1637996	3.21678667384
0.8587019919812102	0.15683726666666664	3.1982807655066665
0.8604473212332044	0.14922649999999998	3.19471580338
0.8621926504851987	0.14607806666666664	3.2006159049
0.8639379797371932	0.14591906666666668	3.20366294081
0.8656833089891874	0.13885104999999998	3.1855110392699997
0.8674286382411818	0.13018811	3.1543244397566665
0.869173967493176	0.12314765000000001	3.124892327286666
0.8709192967451702	0.11675992666666665	3.10559846969
0.8726646259971648	0.11303644333333332	3.1041568098266663
0.8744099552491591	0.11445668999999999	3.1225251651833332
0.8761552845011533	0.10960135	3.1363326563266662
0.8779006137531478	0.09940936666666667	3.1332797616366665
0.8796459430051421	0.08835531333333332	3.11287079918
0.8813912722571363	0.07440208666666667	3.0727584741766663
0.8831366015091309	0.058581259999999996	3.024333909933333
0.8848819307611251	0.051874236666666663	2.999115069646667
0.8866272600131193	0.049436579999999994	3.001926111263333
0.8883725892651138	0.04778246666666667	3.0249442691866664
0.890117918517108	0.04714352666666666	3.0567068274399998
0.8918632477691024	0.043520703333333334	3.0714926488899996
0.8936085770210968	0.033965463333333334	3.0495944939433333
0.895353906273091	0.028483006999999998	3.0094407765233333
0.8970992355250853	0.024992676	2.9686011244533335
0.8988445647770799	0.02200287333333333	2.9435518355399997
0.9005898940290741	0.02215671333333333	2.9518924734566667
0.9023352232810684	0.02181509	2.985157765593333
0.9040805525330626	0.016213111666666665	3.0124866790733336
0.9058258817850569	0.016511498	3.025288761393333
0.9075712110370514	0.021101736666666666	3.0142461158366665
0.9093165402890456	0.025556239999999997	2.977447142106666
0.91106186954104	0.03239643666666667	2.9405616750133334
0.9128071987930344	0.03559461	2.9251331486766667
0.9145525280450286	0.02524433333333333	2.9265745900666666
0.9162978572970231	0.01842929	2.95225853046
0.9180431865490173	0.02331090333333333	2.9905214022666664
0.9197885158010117	0.033991546666666664	3.006769560566666
0.921533845053006	0.05231431	2.9925137037333336
0.9232791743050003	0.07274100666666666	2.96082756299
0.9250245035569945	0.07386371666666666	2.9136936558
0.9267698328089891	0.06604321999999999	2.8816528697966666
0.9285151620609834	0.06435360333333333	2.89054181431
0.9302604913129776	0.06317824999999999	2.9194267395999995
0.9320058205649719	0.06738963666666667	2.946143726363333
0.9337511498169662	0.08790105	2.9683842866199996
0.9354964790689607	0.10434706333333332	2.9618809909466663
0.9372418083209549	0.11235052999999998	2.928543552236667
0.9389871375729492	0.1225524133333333	2.89969920326
0.9407324668249435	0.12170013333333335	2.8773023707366665
0.9424777960769379	0.10517757666666666	2.856905110283333
0.9442231253289324	0.10134644333333333	2.863335283303333
0.9459684545809266	0.10870136333333333	2.8845394831033326
0.9477137838329208	0.11463140999999999	2.89387603623
0.9494591130849153	0.12568769666666665	2.89622779961
0.9512044423369096	0.13076383333333333	2.8863092184366668
0.9529497715889038	0.11148539999999998	2.85024411707
0.9546951008408984	0.09484372666666666	2.8235088938
0.9564404300928926	0.09563691666666665	2.8247361500699997
0.9581857593448869	0.09722703333333334	2.83151070305
0.9599310885968813	0.09975239333333333	2.8404597935866667
0.9616764178488755	0.10535568666666667	2.8508468099733326
0.96342174710087	0.09276529666666666	2.8351134120333334
0.9651670763528643	0.07256967333333332	2.80678510965
0.9669124056048585	0.06441745666666666	2.791745693036667
0.9686577348568528	0.05713578666666667	2.7776754346199994
0.9704030641088474	0.047573606666666664	2.7642286419533333
0.9721483933608416	0.05136427	2.77201951503
0.9738937226128359	0.05519927333333333	2.7817903453233335
0.9756390518648301	0.05122110666666666	2.78165621136
0.9773843811168246	0.04962601666666666	2.7823684886299995
0.9791297103688189	0.04389802999999999	2.7699252694866665
0.9808750396208131	0.02759759333333333	2.736700503153333
0.9826203688728073	0.020720450666666664	2.716324390953333
0.9843656981248019	0.023056013333333333	2.7142984666599994
0.9861110273767961	0.02318654666666667	2.7173044359533334
0.9878563566287906	0.024655276666666663	2.7290658160766665
0.9896016858807848	0.025596189999999998	2.73688017737
0.991347015132779	0.0171382	2.7184595739033335
0.9930923443847736	0.012854037666666667	2.693864086163333
0.9948376736367678	0.016371843333333334	2.67742851645
0.9965830028887621	0.018256881	2.664050520533333
0.9983283321407567	0.01992942333333333	2.664837717633333
1.0000736613927508	0.022130959666666665	2.6822323012233333
1.0018189906447452	0.016281618666666664	2.6915957405199995
1.0035643198967397	0.013173494999999997	2.69347198777
1.0053096491487339	0.018164323333333333	2.690349598856667
1.007054978400728	0.02315529	2.66937707671
1.0088003076527223	0.029355610000000004	2.6421016046999997
1.0105456369047165	0.036542693333333334	2.6302588912833333
1.0122909661567112	0.031132663333333338	2.6264083272166667
1.0140362954087054	0.024400163333333336	2.63680759008
1.0157816246606999	0.02887298333333333	2.665622477756666
1.017526953912694	0.034384819999999996	2.6831236723566665
1.0192722831646883	0.040740463333333324	2.67606624616
1.0210176124166828	0.05648524666666667	2.6636982096899997
1.022762941668677	0.06479359333333333	2.6434823098366667
1.0245082709206712	0.06635667333333334	2.624686886516667
1.0262536001726654	0.07681726666666666	2.63152645298
1.02799892942466	0.08186559666666665	2.6464145030766666
1.0297442586766543	0.07170099333333332	2.644447023673333
1.0314895879286488	0.07291801999999999	2.645286967163333
1.0332349171806432	0.08473861333333332	2.648155034143333
1.0349802464326374	0.09135393666666666	2.6390368099233332
1.0367255756846316	0.10292778333333333	2.6383236029833332
1.0384709049366259	0.11560099999999998	2.65160510492
1.0402162341886205	0.10904207333333334	2.6546946845966666
1.041961563440615	0.10641873999999998	2.6619781969366665
1.043706892692609	0.12302056666666666	2.6796145168566667
1.0454522219446034	0.13136637	2.672629001893333
1.0471975511965979	0.12548489333333335	2.63972689437
1.048942880448592	0.1231283	2.6125807805333334
1.0506882097005863	0.11293785	2.590134372843333
1.0524335389525805	0.09783268333333334	2.581539091393333
1.0541788682045747	0.09842972	2.604437774453333
1.0559241974565694	0.10173296999999999	2.6295645021666667
1.0576695267085636	0.09228128	2.6274427656799997
1.059414855960558	0.09122647666666667	2.61693942854
1.0611601852125523	0.09788994333333334	2.60103596619
1.0629055144645467	0.09335939666666666	2.5740656468166665
1.064650843716541	0.08384684333333332	2.559182496823333
1.0663961729685352	0.07579717999999999	2.5646739449466662
1.0681415022205298	0.05935318333333334	2.5710333082233334
1.069886831472524	0.04646288333333333	2.580758719666666
1.0716321607245185	0.04529416666666666	2.5874260866366665
1.0733774899765127	0.04145799333333333	2.5658338798533333
1.0751228192285072	0.03235842666666667	2.521381374153333
1.0768681484805014	0.02881669666666667	2.4805267503866664
1.0786134777324956	0.025174803333333332	2.4508431217
1.0803588069844898	0.021726801999999996	2.4466080351566664
1.082104136236484	0.023843633333333336	2.473293758113333
1.0838494654884787	0.024244841666666662	2.50326136746
1.085594794740473	0.018472739666666665	2.512877749333333
1.0873401239924672	0.015360185333333333	2.5025532869099996
1.0890854532444616	0.012828962999999999	2.4683178637266665
1.0908307824964558	0.010746732000000002	2.4234539119633327
1.0925761117484503	0.0145923023	2.3961182457600003
1.0943214410004445	0.019186960333333333	2.391792796303333
1.0960667702524387	0.017649510666666663	2.4022402643266663
1.0978120995044334	0.017249655333333332	2.42730927527
1.0995574287564276	0.016750761	2.446735112723333
1.101302758008422	0.014267316999999998	2.440217162313333
1.1030480872604165	0.017064118333333333	2.4144779314466662
1.1047934165124107	0.023524223333333334	2.3798252519966665
1.106538745764405	0.024713692666666665	2.344214879046666
1.1082840750163991	0.028255263333333336	2.334260244783333
1.1100294042683934	0.034711353333333334	2.355541855303333
1.111774733520388	0.035152653333333325	2.38429628012
1.1135200627723822	0.034287943333333334	2.40545223576
1.1152653920243765	0.03802940333333333	2.4100384496899996
1.117010721276371	0.03809297666666667	2.3841419027766664
1.1187560505283651	0.041515626666666666	2.3462214576466667
1.1205013797803596	0.05478695	2.324089585883333
1.1222467090323538	0.062284303333333325	2.3178097554833332
1.123992038284348	0.05859523333333334	2.3264392586766665
1.1257373675363422	0.05956959333333334	2.356916316583333
1.127482696788337	0.06360662666666667	2.3868281904533335
1.1292280260403311	0.06835205333333333	2.395694780143333
1.1309733552923256	0.08301824999999999	2.387703412193333
1.13271868454432	0.09786886666666667	2.360846334366667
1.1344640137963142	0.09640539333333333	2.31700167288
1.1362093430483085	0.09352622333333334	2.29076121709
1.1379546723003031	0.09718507666666666	2.2969598582599997
1.139700001552297	0.09393408333333333	2.3157393959299997
1.1414453308042918	0.08801611666666666	2.3368734779633336
1.143190660056286	0.09306767	2.3558158446499995
1.14493598930828	0.09930881666666665	2.35326370652
1.1466813185602747	0.10434254	2.333790035143333
1.1484266478122689	0.11437911666666667	2.3171084191733335
1.150171977064263	0.11644953333333333	2.302703355673333
1.1519173063162573	0.10249035666666667	2.2911979729633334
1.1536626355682515	0.09285592	2.2997335012766666
1.1554079648202462	0.09329381333333334	2.320405166453333
1.1571532940722404	0.09183339333333332	2.3306211041866662
1.1588986233242349	0.08910743	2.3255618217799996
1.160643952576229	0.08846886333333333	2.30738610293
1.1623892818282235	0.08131172666666667	2.2768135790666664
1.1641346110802178	0.07168513	2.25263109951
1.165879940332212	0.06752516333333333	2.2494219120166665
1.1676252695842066	0.06374503333333333	2.2610258314099996
1.1693705988362009	0.057459016666666654	2.2783953241133332
1.171115928088195	0.05673766	2.2968560356033336
1.1728612573401895	0.05854690333333333	2.3029938991299996
1.1746065865921838	0.05523568666666666	2.290451685123333
1.1763519158441782	0.04730703666666667	2.26634929632
1.1780972450961724	0.03880283666666666	2.2419487338233335
1.1798425743481666	0.030376769999999997	2.2269230436400003
1.1815879036001609	0.025562059999999998	2.2293259789033333
1.183333232852155	0.024881376666666667	2.24435470098
1.18507856210415	0.025607949999999997	2.26039182616
1.186823891356144	0.02454745833333333	2.266350574973333
1.1885692206081382	0.021896469000000002	2.25703465395
1.1903145498601329	0.01818679833333333	2.2354223819433336
1.192059879112127	0.014633466	2.2136572005733335
1.1938052083641213	0.010996904666666665	2.20176353462
1.1955505376161155	0.010424187333333335	2.2065804599666663
1.1972958668681097	0.013566734333333332	2.225984017223333
1.1990411961201044	0.015651526666666665	2.2466859973899997
1.2007865253720988	0.0134677531	2.253959401883333
1.2025318546240933	0.011731895533333331	2.24531665836
1.2042771838760875	0.011092710333333332	2.22341670868
1.2060225131280817	0.011038712666666667	2.1975169542399997
1.207767842380076	0.014218648666666667	2.1824234809966665
1.2095131716320702	0.019588042333333333	2.186232351996667
1.2112585008840648	0.021154152666666665	2.203244328983333
1.213003830136059	0.022597452999999997	2.2267414331966666
1.2147491593880533	0.027103403333333335	2.245554752726666
1.2164944886400477	0.029424816666666666	2.245650176756666
1.218239817892042	0.028867576666666665	2.2255682614833336
1.2199851471440364	0.03346817999999999	2.20024092414
1.2217304763960306	0.04150007666666666	2.1813121102199995
1.2234758056480248	0.04781717333333333	2.1757629837133328
1.225221134900019	0.05313912333333333	2.18623408828
1.2269664641520137	0.05676036333333332	2.204965132463333
1.228711793404008	0.05512296	2.2172039984166663
1.2304571226560024	0.05514875	2.2184856748
1.2322024519079966	0.06181779999999999	2.21001365394
1.233947781159991	0.06870776	2.193498941343333
1.2356931104119853	0.07162968	2.17635021125
1.23743843966398	0.07641203666666666	2.171504307943333
1.2391837689159741	0.08178679	2.179505524123333
1.240929098167968	0.08228496999999999	2.189729605426667
1.2426744274199628	0.07990670999999999	2.1929190352599996
1.244419756671957	0.07929259	2.185780767603333
1.2461650859239515	0.07820659999999999	2.1666198099766665
1.2479104151759457	0.07810549	2.1431991422166665
1.24965574442794	0.08139727666666666	2.128031316136666
1.2514010736799341	0.08244828333333333	2.125263819026667
1.2531464029319284	0.07662056666666667	2.13079932062
1.254891732183923	0.07248284333333332	2.1439798435833333
1.2566370614359172	0.07346073333333333	2.1571737534266666
1.2583823906879115	0.07256300666666667	2.1556609188399998
1.260127719939906	0.06888126333333333	2.1369552457666665
1.2618730491919004	0.06781189	2.1137269940933336
1.2636183784438946	0.06533121333333333	2.0932982774699997
1.2653637076958888	0.059625153333333326	2.081344666153333
1.267109036947883	0.055453376666666665	2.083650459
1.2688543661998777	0.05096063000000001	2.09319302637
1.270599695451872	0.042436296666666665	2.0962439796033334
1.2723450247038663	0.03863302666666667	2.0931734708466663
1.2740903539558606	0.04153000666666666	2.08478539579
1.2758356832078548	0.04123316666666667	2.066744072733333
1.2775810124598492	0.036511716666666666	2.0468730802966664
1.2793263417118435	0.033743789999999996	2.039737768546667
1.2810716709638381	0.03002397	2.0443492810866664
1.282817000215832	0.02582406	2.0562431300166666
1.2845623294678261	0.02603899	2.071784261726666
1.286307658719821	0.026046069999999998	2.0777185277966663
1.288052987971815	0.02086426	2.06502197757
1.2897983172238097	0.017931839999999998	2.044784285463333
1.2915436464758039	0.018139993333333333	2.0255479245466668
1.293288975727798	0.015449821333333336	2.00880273805
1.2950343049797923	0.012271856	2.0024439670133334
1.296779634231787	0.012796906	2.010559491393333
1.2985249634837812	0.013010168333333336	2.0230831674266665
1.3002702927357757	0.013595074999999998	2.0345307356866664
1.3020156219877699	0.016008938333333333	2.0418232749266663
1.3037609512397643	0.015255339666666666	2.03674085655
1.3055062804917585	0.0104470144	2.020901239563333
1.3072516097437528	0.008336046666666666	2.0087662853133335
1.308996938995747	0.009146111333333335	2.0054593103566667
1.3107422682477412	0.011015351666666666	2.0101231768399996
1.3124875974997359	0.014719413333333334	2.02252639491
1.31423292675173	0.018446135333333336	2.03504074484
1.3159782560037245	0.019170055666666665	2.0374477580166666
1.3177235852557188	0.018973206666666666	2.03103418295
1.319468914507713	0.01816035333333333	2.0187265382233335
1.3212142437597074	0.01739468333333333	2.0039992277866663
1.3229595730117016	0.0196802	1.9967020069566666
1.3247049022636959	0.024074083333333333	2.0025518932399997
1.3264502315156905	0.02689807	2.0162429995266664
1.3281955607676847	0.030619793333333332	2.03425481436
1.3299408900196792	0.03476096333333333	2.0496945367999997
1.3316862192716734	0.03549616	2.05105302692
1.3334315485236676	0.035246559999999996	2.0387672526366667
1.3351768777756619	0.03727158333333333	2.0242071912566666
1.336922207027656	0.03834256	2.01309984094
1.338667536279651	0.04127651333333333	2.013337202053333
1.3404128655316452	0.04867977	2.0301939102699995
1.3421581947836396	0.051795343333333334	2.050343321083333
1.3439035240356338	0.04686252	2.05877812494
1.345648853287628	0.04422242666666666	2.0583492423366665
1.3473941825396225	0.045369106666666666	2.048818628273333
1.3491395117916167	0.0450361	2.0274072704366666
1.350884841043611	0.04679899666666666	2.0080671006733333
1.3526301702956052	0.05166285666666666	2.0044215853866665
1.3543754995475994	0.052142916666666664	2.0124028385866666
1.356120828799594	0.05165129666666666	2.0308363008666666
1.3578661580515883	0.05457454666666667	2.0549737566166666
1.3596114873035827	0.05204442666666667	2.062630257696666
1.361356816555577	0.04287315	2.04513987512
1.3631021458075712	0.04038923333333333	2.0216505157666664
1.3648474750595656	0.04429333	2.0024066964199996
1.3665928043115598	0.045856810000000005	1.9883407698866666
1.3683381335635545	0.04721076	1.9901259114999998
1.3700834628155487	0.048704553333333324	2.0074993856899996
1.371828792067543	0.044068576666666665	2.0227602735966665
1.3735741213195374	0.04012894	2.0316063438299996
1.3753194505715316	0.04328897999999999	2.0329970104533333
1.377064779823526	0.04422914333333333	2.0140239727033333
1.3788101090755203	0.04044796666666667	1.97993546373
1.3805554383275145	0.04222317666666667	1.95669365532
1.3823007675795091	0.04621684999999999	1.95045569971
1.384046096831503	0.04431551	1.9544833021833332
1.3857914260834978	0.04112270333333333	1.9691701412399998
1.387536755335492	0.038486809999999996	1.98434896525
1.3892820845874863	0.03236924	1.9837642155033335
1.3910274138394805	0.03087213333333333	1.9734763831
1.3927727430914747	0.037863426666666665	1.96142603999
1.3945180723434691	0.04131738	1.9420401834466667
1.3962634015954638	0.03815876666666666	1.9231091824666664
1.398008730847458	0.037522223333333334	1.9214665311166668
1.3997540600994525	0.03694716333333333	1.93185893269
1.4014993893514467	0.03253432666666667	1.9430702118699998
1.4032447186034411	0.030111939999999997	1.9525333360766668
1.4049900478554354	0.029473374	1.9506323901366667
1.4067353771074296	0.026049258999999998	1.9310001728766668
1.4084807063594238	0.025523609666666662	1.9079980051499998
1.410226035611418	0.028615197999999998	1.89132455489
1.4119713648634127	0.027042932999999998	1.8785729227533334
1.413716694115407	0.022119924333333336	1.8754480980566666
1.4154620233674011	0.02048986233333333	1.8859814118299998
1.4172073526193956	0.020001821	1.8988391066199999
1.4189526818713898	0.020638225666666666	1.9074869168000002
1.420698011123384	0.024651689999999997	1.9105483241333332
1.4224433403753782	0.027282400000000002	1.9006412308966667
1.4241886696273727	0.026268009999999998	1.88033035355
1.4259339988793673	0.026218549999999997	1.8647347551333333
1.4276793281313616	0.02605386	1.85775736906
1.429424657383356	0.02535498	1.8581249939
1.4311699866353502	0.02856342333333333	1.8680401667466664
1.4329153158873444	0.0326594	1.8783215330333332
1.4346606451393389	0.03306580666666667	1.8771904433366666
1.436405974391333	0.035870269999999996	1.8703361310366668
1.4381513036433278	0.04117545	1.8611282470166668
1.439896632895322	0.041367169999999995	1.84440624155
1.4416419621473162	0.03959028333333334	1.8290132496766667
1.4433872913993107	0.04112408666666667	1.8268188314533331
1.4451326206513049	0.04166809333333333	1.8325683945533333
1.446877949903299	0.04440114666666667	1.8436323320266665
1.4486232791552933	0.05383465999999999	1.8599618594433331
1.4503686084072875	0.05880447999999999	1.8658551191133335
1.452113937659282	0.054616043333333336	1.8540370758066667
1.4538592669112762	0.05447958333333333	1.84146508663
1.4556045961632709	0.05875140333333333	1.8338634272499998
1.457349925415265	0.05737679999999999	1.8238426050633332
1.4590952546672595	0.05517929	1.81900734368
1.460840583919254	0.056936973333333335	1.8255080235599999
1.4625859131712482	0.055698326666666666	1.8325028515566668
1.4643312424232424	0.05500980333333333	1.8385644044733331
1.4660765716752366	0.06013882666666666	1.8465480867033333
1.4678219009272309	0.0597641	1.8437006132566665
1.4695672301792255	0.05116178666666667	1.82837732363
1.4713125594312197	0.04921371	1.8199884636033332
1.4730578886832142	0.05337524666666667	1.8210246901466665
1.4748032179352084	0.05231360999999999	1.8203522423699998
1.4765485471872026	0.04987883333333333	1.8216275942466666
1.478293876439197	0.05013395666666666	1.8269935281533334
1.480039205691191	0.04679918333333333	1.8268968373666665
1.481784534943186	0.04388900333333333	1.8246999532066666
1.4835298641951802	0.04676952666666666	1.8265439308633333
1.4852751934471744	0.04565840333333333	1.8227000678766665
1.4870205226991688	0.03822883666666667	1.8125749621633331
1.488765851951163	0.03670088	1.81062465634
1.4905111812031575	0.039636399999999995	1.8144637882333332
1.4922565104551517	0.037488796666666664	1.8129306977066666
1.494001839707146	0.03428435333333333	1.8097040143966665
1.4957471689591406	0.03374692	1.8072720953633334
1.4974924982111348	0.031007209999999997	1.80084756697
1.4992378274631293	0.029681946666666667	1.7974080358599998
1.5009831567151235	0.033379509999999994	1.80204191009
1.5027284859671177	0.03317300333333333	1.80406702029
1.504473815219112	0.027254996666666663	1.800884594296667
1.5062191444711062	0.025549856666666666	1.8013676220133332
1.5079644737231006	0.026974079333333335	1.8015968210466664
1.5097098029750948	0.024861274333333336	1.7947600489233333
1.511455132227089	0.02276890233333333	1.7867962235566666
1.5132004614790837	0.022868943000000003	1.7808385341066668
1.514945790731078	0.02114272166666667	1.77485836118
1.5166911199830724	0.02017450833333333	1.7750556922866665
1.5184364492350666	0.022107016666666666	1.78255078237
1.520181778487061	0.021217316	1.7866953830666665
1.5219271077390553	0.01752206133333333	1.7849895592699998
1.5236724369910495	0.01727297433333333	1.78260197931
1.5254177662430441	0.018904498666666665	1.7771537570933333
1.5271630954950384	0.018674149333333334	1.7685007389266665
1.5289084247470326	0.018273946666666666	1.7636940223533335
1.530653753999027	0.017584843333333332	1.76376934165
1.5323990832510213	0.015055092666666665	1.7671346347533332
1.5341444125030157	0.013413921666666665	1.7768132364166664
1.53588974175501	0.013597210333333332	1.788426310123333
1.537635071007004	0.01372905	1.7919232101699998
1.5393804002589988	0.014713743333333335	1.7863372650999998
1.541125729510993	0.016619777666666665	1.77480519612
1.5428710587629875	0.01694554933333333	1.7588534690533333
1.5446163880149817	0.01658311833333333	1.7467808137366667
1.546361717266976	0.016526081666666664	1.7462407600133334
1.5481070465189704	0.014754807666666665	1.7535888225133331
1.5498523757709646	0.01266096673333333	1.7649380738599998
1.5515977050229588	0.013254938766666668	1.7794682751499997
1.553343034274953	0.0148981234	1.7886259526933332
1.5550883635269477	0.017044664666666667	1.7851001477733333
1.556833692778942	0.020844248333333332	1.7732463852166664
1.5585790220309363	0.022223802333333334	1.7581301479899998
1.5603243512829306	0.019281809	1.7439674039766664
1.5620696805349248	0.018274731666666665	1.7411372086499999
1.563815009786919	0.02061279233333333	1.751827554283333
1.5655603390389135	0.021096762999999998	1.763635969613333
1.5673056682909077	0.021205906333333333	1.7695431504766665
1.5690509975429023	0.024558962999999996	1.77066680786
1.5707963267948966	0.02747926233333333	1.76278529391
1.5725416560468908	0.028546615666666667	1.7455216304566665
1.5742869852988854	0.03074449333333333	1.7294947038966666
1.5760323145508797	0.031046007	1.7203404257066666
1.5777776438028739	0.02805619333333333	1.7180316539299998
1.579522973054868	0.030138796666666665	1.7274524035333334
1.5812683023068623	0.038725546666666666	1.7451807082266666
1.583013631558857	0.04388199666666667	1.7547476620933333
1.5847589608108512	0.04472844000000001	1.7509671176999997
1.5865042900628454	0.048111346666666666	1.74201210291
1.5882496193148399	0.050887510000000004	1.7285479856033332
1.589994948566834	0.04845953333333333	1.7099539834766664
1.5917402778188283	0.04609910666666667	1.6959805757100002
1.5934856070708228	0.0457747	1.6911793527666668
1.5952309363228174	0.04496878666666666	1.6915977086033334
1.5969762655748112	0.049314903333333326	1.6992036283999998
1.5987215948268054	0.06069981333333333	1.7125196140599999
1.6004669240788003	0.06737024666666666	1.7179576847133333
1.6022122533307945	0.06641059333333332	1.7123418466299998
1.603957582582789	0.06823298333333333	1.7068764296133332
1.6057029118347832	0.07160807999999999	1.7027089857566668
1.6074482410867772	0.06780143333333333	1.6945183485833333
1.6091935703387716	0.062036003333333326	1.6888640294866666
1.6109388995907659	0.061121919999999996	1.6911555630333333
1.6126842288427607	0.061094693333333325	1.6956420135466665
1.614429558094755	0.061890386666666665	1.69992762174
1.6161748873467492	0.06628164333333333	1.7036551819033332
1.6179202165987434	0.06702397	1.6986480795933332
1.6196655458507376	0.061534933333333326	1.68418039918
1.621410875102732	0.05950899999999999	1.6723116464766665
1.6231562043547263	0.061622319999999994	1.6673276709133333
1.624901533606721	0.05909251333333333	1.6650205191733332
1.6266468628587152	0.05457970333333334	1.6687686031366664
1.6283921921107094	0.05472032666666666	1.6812107248266666
1.630137521362704	0.055487673333333334	1.6943524317433332
1.6318828506146983	0.05310471333333333	1.7015256119266664
1.6336281798666925	0.05020482999999999	1.7021311474333332
1.6353735091186867	0.045867806666666656	1.6943703912833332
1.637118838370681	0.039207363	1.6806412282766665
1.6388641676226756	0.035047374333333325	1.6698073176100001
1.6406094968746698	0.03448987966666666	1.6655876809233332
1.642354826126664	0.03296367133333333	1.6650206694166665
1.6441001553786583	0.03077965433333333	1.667349287203333
1.6458454846306525	0.030665187666666666	1.6711000557899998
1.647590813882647	0.030492601333333334	1.6712009027899999
1.6493361431346412	0.027939066333333335	1.6657980648466666
1.6510814723866354	0.024669311666666666	1.6576908873299998
1.6528268016386303	0.021506373999999998	1.6491255439966666
1.654572130890624	0.018351950666666665	1.6434998213633334
1.6563174601426187	0.016546615333333334	1.6449199894033335
1.6580627893946132	0.016506629	1.652456529353333
1.6598081186466074	0.016558203	1.6609173861499997
1.6615534478986018	0.016600381666666664	1.6668724902499998
1.663298777150596	0.017290285	1.6677616095333332
1.6650441064025903	0.01783971933333333	1.6617073799799997
1.6667894356545845	0.017545579666666665	1.6507683364766665
1.6685347649065787	0.017073459466666663	1.6394328834033332
1.6702800941585736	0.0160019182	1.6299195576066667
1.6720254234105678	0.014051484933333334	1.6243592573566668
1.673770752662562	0.012689303566666666	1.6251371581199998
1.6755160819145563	0.012625068899999998	1.6302653971199998
1.6772614111665505	0.012309720666666666	1.6340648731199998
1.679006740418545	0.012105135666666666	1.6344584653566665
1.6807520696705391	0.013784270666666664	1.6324686898099998
1.6824973989225334	0.016656915999999997	1.6282909023399998
1.684242728174528	0.018720653666666663	1.62279477285
1.6859880574265222	0.020381069666666668	1.6196030759333333
1.6877333866785167	0.021893929	1.6206755665766663
1.6894787159305111	0.022464168	1.62536917223
1.6912240451825054	0.022575978	1.6327001612166665
1.6929693744344996	0.023120439666666666	1.6404978629999998
1.6947147036864938	0.02261324533333333	1.6440806840333333
1.6964600329384885	0.020921773999999997	1.6416101254766666
1.6982053621904827	0.020366939333333334	1.6354438700666665
1.6999506914424771	0.021244562666666664	1.6273835479266667
1.7016960206944713	0.021298399333333332	1.6175881072733331
1.7034413499464653	0.021438568666666664	1.6093471885700001
1.7051866791984598	0.024045114	1.6064768285533333
1.706932008450454	0.028237504666666666	1.6082188738966665
1.708677337702449	0.031656244	1.6111519389233333
1.7104226669544431	0.03446370666666666	1.6140858465466668
1.7121679962064373	0.036324249999999995	1.6158822021066666
1.7139133254584316	0.03606548666666666	1.6151769677133334
1.7156586547104258	0.03466196333333333	1.6131072441833334
1.7174039839624204	0.033876279999999995	1.6119634220033332
1.7191493132144147	0.032845393333333334	1.6111463245433333
1.7208946424664089	0.03240823999999999	1.6107676814999998
1.722639971718403	0.03552152333333333	1.6125558908066664
1.7243853009703973	0.04143004	1.61507228319
1.726130630222392	0.04621344333333333	1.61435947373
1.7278759594743864	0.04969340999999999	1.61097882444
1.7296212887263807	0.05256017333333333	1.6071569923300002
1.7313666179783749	0.05338506333333333	1.6025715304066666
1.733111947230369	0.05261611	1.5973520480333332
1.7348572764823635	0.052738906666666654	1.5931972193233332
1.7366026057343578	0.05294580333333333	1.5886428091633333
1.738347934986352	0.05331603	1.5831501218566664
1.7400932642383462	0.05676708	1.5800773066766667
1.7418385934903404	0.06236577	1.580514571703333
1.7435839227423353	0.06536616666666666	1.5815513070199998
1.7453292519943295	0.06613960999999999	1.5840852604000002
1.7470745812463238	0.06707123333333333	1.5896749038633333
1.7488199104983182	0.06723014666666666	1.5947003778466666
1.7505652397503124	0.06653585666666666	1.5954247832566666
1.7523105690023066	0.06760384	1.59254535092
1.7540558982543013	0.06948856333333334	1.5855641336500002
1.7558012275062955	0.07089459333333333	1.5752894627633334
1.75754655675829	0.07385226	1.5673959832133333
1.7592918860102842	0.07764956333333331	1.5647708905266664
1.7610372152622784	0.07706487	1.5634334873199998
1.7627825445142726	0.07276320666666665	1.5634865438866665
1.7645278737662669	0.06998771999999999	1.56853180123
1.7662732030182617	0.06881856333333332	1.57540298711
1.768018532270256	0.06625146	1.5778374640666668
1.7697638615222502	0.06463756999999999	1.5770600277066666
1.7715091907742444	0.06601868999999999	1.575198555843333
1.7732545200262386	0.06773747	1.5706477640599998
1.7749998492782333	0.06817086333333333	1.5647092966333331
1.7767451785302275	0.06829887	1.5612688749633332
1.7784905077822217	0.06576672333333333	1.5590593984366667
1.780235837034216	0.06017371	1.5584678770966667
1.7819811662862102	0.05650806	1.5643627114366665
1.7837264955382048	0.055827416666666664	1.5744402679633334
1.785471824790199	0.052718493333333324	1.57870000237
1.7872171540421935	0.04819121999999999	1.5757676412266666
1.7889624832941877	0.047355709999999995	1.5702913949766666
1.790707812546182	0.047805676666666665	1.5615306932033333
1.7924531417981764	0.044593499999999994	1.5493121701266663
1.7941984710501706	0.04044326333333333	1.5413113507666667
1.7959438003021653	0.03776329	1.5416577588966667
1.7976891295541597	0.03496911	1.5483728864399997
1.7994344588061533	0.03282887333333333	1.5601613762633333
1.8011797880581482	0.03283034	1.573197698083333
1.8029251173101424	0.03158287333333333	1.5782514921866666
1.8046704465621368	0.028568826666666665	1.57357202323
1.806415775814131	0.027298012999999996	1.5652938459033332
1.8081611050661253	0.026992679999999998	1.55574838287
1.8099064343181195	0.023866058333333336	1.5447889959466665
1.8116517635701137	0.020007905666666666	1.5381982062933333
1.8133970928221086	0.018463298999999996	1.5395940450699999
1.8151424220741028	0.01801916933333333	1.54589960503
1.816887751326097	0.016954840333333332	1.5539139882566666
1.8186330805780913	0.016257712666666667	1.562194401956667
1.8203784098300855	0.01580185533333333	1.5667674866499999
1.82212373908208	0.015031646	1.5663818864699999
1.8238690683340746	0.013918738333333333	1.56342372668
1.8256143975860688	0.012805194333333334	1.5586444318566666
1.827359726838063	0.011618476333333332	1.55150782784
1.8291050560900572	0.010928804666666667	1.5454555313133334
1.830850385342052	0.010530728999999999	1.54323415855
1.8325957145940461	0.010443255666666667	1.5446513147299998
1.8343410438460404	0.010731460333333333	1.5492466575733332
1.8360863730980346	0.011282519666666666	1.5561802024199998
1.8378317023500288	0.011422742999999999	1.5613833176666667
1.8395770316020235	0.011553690666666666	1.56293320664
1.8413223608540177	0.011428833666666666	1.5618806980933333
1.843067690106012	0.010854995666666667	1.558513396253333
1.8448130193580063	0.010513412666666666	1.5527966627799998
1.8465583486100006	0.011014099333333333	1.5482020607099998
1.8483036778619948	0.010584516666666668	1.5465760184833333
1.850049007113989	0.009392728333333333	1.547021496183333
1.8517943363659835	0.009859980333333332	1.5492894513733333
1.8535396656179781	0.011880101666666665	1.5528239669366668
1.8552849948699723	0.012191705666666665	1.5535618357966667
1.8570303241219668	0.011766231333333332	1.551323045383333
1.858775653373961	0.013334470333333334	1.5501088048666665
1.8605209826259552	0.015600975333333333	1.5500035936933334
1.8622663118779497	0.016035046666666667	1.54763586272
1.8640116411299439	0.016345659999999998	1.5451183255233332
1.865756970381938	0.016974093333333332	1.54472758857
1.8675022996339323	0.016718556666666665	1.5442475254499999
1.8692476288859265	0.017000536666666666	1.542718187023333
1.8709929581379214	0.01906453333333333	1.542229146113333
1.8727382873899157	0.01926601333333333	1.5407941873533333
1.8744836166419099	0.01789226	1.5378459255433334
1.876228945893904	0.019856836666666666	1.5373878572366666
1.8779742751458983	0.024222416666666666	1.5388529389399999
1.8797196043978928	0.0252135	1.5357846117199998
1.881464933649887	0.025034536666666666	1.5296630396833333
1.8832102629018816	0.02809460333333333	1.5259449691599998
1.8849555921538759	0.03170838333333334	1.5227480815999999
1.88670092140587	0.03257052	1.5166677792666665
1.8884462506578648	0.03320967333333333	1.5118256879933334
1.890191579909859	0.033370823333333334	1.5101013497899998
1.8919369091618532	0.031483446666666665	1.5095262481299998
1.8936822384138474	0.030763973333333337	1.5115529139133335
1.8954275676658416	0.03280272666666667	1.5169160793266665
1.8971728969178363	0.03238803333333333	1.51930389226
1.8989182261698305	0.030708263333333333	1.5181018515066662
1.900663555421825	0.034584496666666666	1.5193390869566665
1.9024088846738192	0.04150003	1.5213126639366668
1.9041542139258134	0.04318117333333333	1.5171614715533333
1.9058995431778076	0.042283796666666665	1.5112424066066668
1.9076448724298019	0.04374079333333333	1.5100239554866666
1.9093902016817967	0.044112820000000004	1.51059450099
1.911135530933791	0.04115423666666666	1.5099459358733331
1.9128808601857852	0.03913465666666666	1.51090022656
1.9146261894377794	0.03744421666666667	1.51113403503
1.9163715186897738	0.034812209999999996	1.5080399127266668
1.9181168479417683	0.03565305999999999	1.5058048034866665
1.9198621771937625	0.03971477333333333	1.5053343229866665
1.9216075064457567	0.03909030333333333	1.5006539608866665
1.923352835697751	0.03534712666666666	1.4954123894566664
1.9250981649497452	0.035694619999999996	1.4980880516366666
1.92684349420174	0.037359039999999996	1.5055464383533332
1.9285888234537343	0.03436864666666667	1.50990709566
1.9303341527057285	0.03127177	1.51298781366
1.9320794819577227	0.03191956666666666	1.5156028868533333
1.933824811209717	0.033111876666666665	1.5130636240466666
1.9355701404617114	0.03337302	1.5053549229733332
1.9373154697137056	0.03433142333333333	1.4967461255133332
1.9390607989656998	0.03318321999999999	1.48657728452
1.9408061282176947	0.029320596666666664	1.4773465401466663
1.9425514574696887	0.02675382	1.4757000994133334
1.9442967867216832	0.025701636666666666	1.48008318497
1.9460421159736774	0.021990803333333336	1.4819566462466665
1.9477874452256718	0.018253650666666666	1.4817610048766667
1.949532774477666	0.019164975	1.4830989755666666
1.9512781037296603	0.022271043666666664	1.4824795802333333
1.953023432981655	0.02285562433333333	1.4769373478399999
1.9547687622336491	0.022730329333333334	1.4716819740566667
1.9565140914856434	0.023077119666666663	1.4691911760166665
1.9582594207376378	0.021875137999999995	1.4686010499600002
1.960004749989632	0.019394226666666667	1.4719538796266667
1.9617500792416263	0.017926201666666666	1.4794874981799997
1.9634954084936205	0.015737999333333332	1.4846649766133333
1.9652407377456147	0.013288359666666666	1.4865965478333332
1.9669860669976096	0.014010025666666665	1.489247684383333
1.9687313962496038	0.01660889533333333	1.4894015200166666
1.970476725501598	0.01629200733333333	1.481166200723333
1.9722220547535922	0.015026839	1.4697397379733332
1.9739673840055865	0.015390932666666666	1.4615855953833332
1.9757127132575811	0.015412080666666664	1.4569118977966666
1.9774580425095754	0.014656654666666666	1.4573101395533332
1.9792033717615696	0.015551427999999999	1.4659213809599998
1.9809487010135638	0.01578587033333333	1.4774687849066663
1.982694030265558	0.014749136333333333	1.4873114517499997
1.9844393595175527	0.015982083666666667	1.49636570796
1.9861846887695471	0.018401356666666664	1.5006854796166664
1.9879300180215413	0.016820371	1.4928974321733333
1.9896753472735356	0.014113942999999999	1.4789636822999999
1.9914206765255298	0.014657807333333332	1.4693723192933332
1.9931660057775242	0.016246905333333332	1.4643135811233332
1.9949113350295185	0.01661421533333333	1.4609731051266666
1.9966566642815133	0.01831116	1.46266054185
1.9984019935335076	0.020405884333333332	1.4677099088933332
2.0001473227855016	0.021252314999999997	1.4706140547866664
2.0018926520374962	0.022743590999999997	1.4711983175266667
2.0036379812894904	0.025047147	1.4703685359166667
2.0053833105414847	0.023888130666666663	1.463914607223333
2.0071286397934793	0.020954227	1.4548036872533334
2.0088739690454736	0.02135137333333333	1.4514767698966669
2.0106192982974678	0.023580759333333333	1.4528576681333334
2.012364627549462	0.022376678333333334	1.45161967533
2.014109956801456	0.020554813666666664	1.4516017102266665
2.0158552860534504	0.022325023333333333	1.45856433815
2.0176006153054447	0.024870957	1.4672751349066666
2.019345944557439	0.024409811000000003	1.4710890875266665
2.021091273809433	0.023914150999999998	1.47240772847
2.022836603061428	0.024541953666666665	1.4711119421166665
2.0245819323134224	0.024497066333333335	1.4643651668099997
2.0263272615654166	0.024971651666666667	1.4554420022599999
2.028072590817411	0.027405065	1.4486410203499998
2.029817920069405	0.027458329666666663	1.4412650396766664
2.0315632493213998	0.025503276666666665	1.43635906504
2.033308578573394	0.026840006666666666	1.4413095471933333
2.035053907825388	0.029345893333333335	1.4514352436899998
2.036799237077383	0.026203076666666665	1.4549511282733332
2.0385445663293766	0.02153511	1.4537470867
2.0402898955813713	0.021365206666666664	1.4533976303699998
2.0420352248333655	0.022506496666666667	1.4497834218766665
2.0437805540853597	0.02152042	1.4402934073166667
2.045525883337354	0.022031753333333334	1.4323061464800002
2.047271212589348	0.023829063333333334	1.4284672229699997
2.0490165418413424	0.024365786666666667	1.4268374687699998
2.0507618710933366	0.02497157	1.4290030732966665
2.052507200345331	0.026073506666666666	1.4342709306933332
2.054252529597326	0.023611430000000003	1.4350927259566666
2.05599785884932	0.01965881	1.4319677216966664
2.0577431881013144	0.019265469999999996	1.4311909722166665
2.0594885173533086	0.020691236666666665	1.4303667914166667
2.0612338466053033	0.019377876666666665	1.4233721166533333
2.0629791758572975	0.018176249666666665	1.4160092742533332
2.0647245051092917	0.019540554	1.4148121857866667
2.0664698343612864	0.020696266666666668	1.4165549653666667
2.0682151636132806	0.019712933333333335	1.4177576232566669
2.069960492865275	0.018965764333333333	1.4216921017933333
2.071705822117269	0.018153963333333335	1.4273642519433332
2.0734511513692633	0.016865636666666666	1.4313660102166665
2.0751964806212575	0.017108649999999996	1.4343260183666664
2.0769418098732517	0.019066996666666666	1.4359796700633334
2.078687139125246	0.018846433333333332	1.4310840019799997
2.080432468377241	0.01762493433333333	1.42204724627
2.0821777976292353	0.018994860666666665	1.4162719706766664
2.08392312688123	0.02098356933333333	1.41302268887
2.0856684561332237	0.019390470666666666	1.4073079738333334
2.087413785385218	0.017400238	1.4042135206533333
2.0891591146372126	0.018017934333333332	1.4084911429466667
2.090904443889207	0.019132948999999996	1.4150544571666668
2.0926497731412015	0.019387364333333334	1.4185728908399997
2.0943951023931957	0.021048393666666665	1.4209340399466666
2.0961404316451895	0.022677987666666663	1.4209654343599998
2.097885760897184	0.023364095666666668	1.4167106892266665
2.0996310901491784	0.025648681	1.41132840354
2.1013764194011726	0.029185281666666663	1.4070884554266665
2.103121748653167	0.028992638	1.4005300774566667
2.104867077905161	0.027391764666666665	1.3947853883833332
2.1066124071571553	0.02981458933333333	1.3963870139266663
2.1083577364091495	0.033617205666666664	1.4021561090133332
2.1101030656611446	0.03313784533333333	1.40421514833
2.111848394913139	0.03223491826666666	1.4057539181099998
2.113593724165133	0.034693893499999996	1.41082454335
2.1153390534171272	0.03708988666666666	1.4143464438533333
2.1170843826691215	0.036999501	1.4119262607666667
2.118829711921116	0.037731637666666665	1.4078562352533333
2.1205750411731104	0.03879556133333333	1.403597351733333
2.1223203704251046	0.039034125333333336	1.3983228733833333
2.124065699677099	0.041001895	1.3950890745466666
2.1258110289290935	0.04460401666666666	1.3959801940433334
2.1275563581810877	0.044376378999999994	1.3966703660733333
2.129301687433082	0.04231284466666666	1.3980711797599998
2.131047016685076	0.044061139166666666	1.40435144958
2.1327923459370703	0.046744265566666665	1.4112237071933333
2.1345376751890646	0.04430514233333333	1.41062151017
2.1362830044410597	0.04139841103333333	1.4063374559899997
2.138028333693054	0.04311400626666666	1.404359136563333
2.139773662945048	0.04569834766666667	1.40184369947
2.141518992197043	0.04502785466666666	1.3955189503966665
2.143264321449037	0.04459742166666667	1.3909621261166667
2.1450096507010312	0.045662640333333324	1.3909795544133332
2.1467549799530254	0.04583714766666667	1.3926956595300002
2.1485003092050197	0.044913334666666666	1.3947005126466667
2.1502456384570143	0.04474356433333333	1.3978041128033332
2.1519909677090086	0.043461074	1.3984796036699998
2.1537362969610028	0.04169448769999999	1.3959202215633333
2.155481626212997	0.04306276266666667	1.39346479366
2.157226955464991	0.04661990333333333	1.3908347111366668
2.1589722847169854	0.04678059333333333	1.3839285416466667
2.1607176139689797	0.045907863333333326	1.3773920352766666
2.162462943220974	0.048884170333333324	1.3779350278966664
2.164208272472968	0.051983793	1.3825803041899998
2.1659536017249623	0.04927644799999999	1.3849435441566667
2.1676989309769574	0.045479966999999996	1.387976495203333
2.1694442602289516	0.04508752366666667	1.3936155862433335
2.171189589480946	0.044964871999999996	1.3967458177866665
2.17293491873294	0.042899520000000003	1.3941387974499997
2.1746802479849343	0.042306172	1.3893651622033334
2.176425577236929	0.042642344666666665	1.38327988054
2.178170906488923	0.042139897999999995	1.3763720698066666
2.179916235740918	0.041860899333333326	1.3719505254633333
2.1816615649929116	0.041806826666666665	1.371595396873333
2.183406894244906	0.03873461366666667	1.37229345184
2.1851522234969005	0.034814576	1.3754470970566666
2.1868975527488947	0.033831933	1.3832416612199998
2.188642882000889	0.03425573133333333	1.3914840079
2.190388211252883	0.032389554333333334	1.3937219588366665
2.1921335405048774	0.030898901333333333	1.3916758308166666
2.1938788697568716	0.03225096066666667	1.38841051798
2.1956241990088667	0.033714263333333334	1.3828685305533333
2.197369528260861	0.03181036133333333	1.37460872666
2.199114857512855	0.029070578333333333	1.3693183703966665
2.20086018676485	0.02742346733333333	1.3701231285533333
2.202605516016844	0.025420079333333335	1.37518750042
2.2043508452688383	0.02216203833333333	1.38171659915
2.206096174520833	0.020162507333333333	1.3883784199233333
2.207841503772827	0.019204981666666662	1.3911618775533334
2.2095868330248214	0.018764357333333332	1.3883538994466664
2.2113321622768156	0.019939767666666663	1.38172666105
2.21307749152881	0.022238213333333333	1.37259999079
2.214822820780804	0.02187663333333333	1.3603067449466668
2.2165681500327983	0.020199106999999997	1.34943737036
2.2183134792847925	0.020078802666666666	1.34474887557
2.2200588085367867	0.019718027666666665	1.3453391022166665
2.221804137788781	0.01639579633333333	1.3482778347866664
2.223549467040776	0.013594285333333334	1.3554939152599998
2.2252947962927703	0.013233151	1.3666865794966665
2.2270401255447645	0.013439878999999998	1.3778432404866665
2.2287854547967587	0.012919501333333333	1.3855654403733333
2.230530784048753	0.012918949333333334	1.38960491692
2.2322761133007476	0.012453695333333334	1.3885904489066665
2.234021442552742	0.011218943333333332	1.38335544941
2.235766771804736	0.009864548666666665	1.37686677588
2.2375121010567303	0.008769171	1.3718648052499998
2.239257430308725	0.006767866666666667	1.3686357988133333
2.241002759560719	0.005167006666666666	1.3690659420633333
2.2427480888127134	0.005362679666666666	1.3734989137099998
2.2444934180647076	0.0067187359999999995	1.3787965682266665
2.246238747316702	0.006775619333333333	1.3802898950766667
2.247984076568696	0.006775516333333333	1.3780979076833333
2.2497294058206903	0.008255009999999998	1.37343755458
2.2514747350726845	0.009592405333333333	1.36645737058
2.2532200643246787	0.008164868999999998	1.3577512664733336
2.254965393576674	0.006321914333333333	1.35153485896
2.256710722828668	0.005537518366666666	1.3497875994633333
2.2584560520806622	0.0046521351666666665	1.3523177631733332
2.260201381332657	0.003344500266666667	1.3585244383666666
2.261946710584651	0.0034535936999999994	1.3675949851599998
2.2636920398366454	0.003746023566666667	1.3755950431433333
2.26543736908864	0.0041921393	1.3810927547166667
2.2671826983406342	0.0061809921266666665	1.3842251383733333
2.2689280275926285	0.008705628344333333	1.38344097064
2.2706733568446227	0.008588063609999998	1.3765981321933334
2.272418686096617	0.007829465506666666	1.36764309337
2.274164015348611	0.008564539306666667	1.3607288135433333
2.2759093446006062	0.009090132666666667	1.3563869223133331
2.2776546738525996	0.007278259933333334	1.3540845239900001
2.279400003104594	0.00572392879	1.3562065163366666
2.281145332356588	0.0057990439	1.36226618098
2.2828906616085836	0.006339384133333332	1.3694119854166664
2.284635990860578	0.006026501333333333	1.3750089347699999
2.286381320112572	0.006455690366666667	1.3785530857100001
2.288126649364566	0.007856650533333332	1.3785411671599999
2.28987197861656	0.009423494633333331	1.3755011779033333
2.291617307868555	0.010527193466666668	1.3713806657533332
2.2933626371205493	0.0120011283	1.3678805920933332
2.2951079663725436	0.012752185999999999	1.3646340196333333
2.2968532956245378	0.012993846666666666	1.36408096624
2.2985986248765315	0.014048315999999998	1.3682451496199999
2.300343954128526	0.015658002666666664	1.37502775381
2.3020892833805204	0.015168573999999999	1.3798069304866667
2.3038346126325147	0.014537084666666667	1.3829553069533334
2.305579941884509	0.016206470666666667	1.38491372337
2.307325271136503	0.018203693666666666	1.3831377957866666
2.309070600388498	0.017498304666666666	1.3760402407833334
2.3108159296404924	0.016880735333333334	1.3681048446766666
2.3125612588924866	0.018023129333333332	1.36262857677
2.314306588144481	0.019004344	1.3603188616033333
2.316051917396475	0.018310395333333333	1.3614299611099998
2.3177972466484698	0.01829652333333333	1.3670027300533332
2.319542575900464	0.019562340333333334	1.3747274913233334
2.321287905152458	0.02139928533333333	1.3824527204933332
2.3230332344044524	0.02319505033333333	1.3887078484633335
2.324778563656447	0.025722956999999998	1.3922609011133331
2.3265238929084413	0.028041905333333332	1.3911555766300001
2.3282692221604355	0.02984898033333333	1.3873634975633333
2.3300145514124297	0.03128345133333333	1.3835232505933333
2.331759880664424	0.032399075666666666	1.3800232310966667
2.333505209916418	0.031579254	1.3755263926933332
2.3352505391684133	0.030240119666666666	1.3726437238666664
2.3369958684204075	0.030370728	1.3731793597533333
2.3387411976724017	0.03122057933333333	1.3752134978566666
2.340486526924396	0.030403841333333327	1.37577336777
2.34223185617639	0.030262705333333334	1.3764489399066666
2.343977185428385	0.032475431666666665	1.3776190801066666
2.345722514680379	0.03496637466666667	1.3772124106199999
2.3474678439323733	0.035335937	1.3737693076733333
2.3492131731843675	0.03576440966666666	1.3697605269033333
2.3509585024363617	0.037259053	1.3665664762666667
2.3527038316883564	0.03868786366666667	1.3650556852133333
2.3544491609403506	0.03886763533333333	1.36575117911
2.356194490192345	0.03977221733333333	1.3696456444833331
2.357939819444339	0.042310391	1.3753405556866665
2.3596851486963333	0.04552141999999999	1.38117199272
2.3614304779483275	0.047570452	1.3849221305866666
2.3631758072003217	0.049433851333333334	1.3857151618133332
2.364921136452316	0.050994088666666666	1.3827834071533334
2.36666646570431	0.051145758	1.3778202974466665
2.3684117949563044	0.049531884000000005	1.3731020801666667
2.3701571242083	0.04777150333333333	1.3704334719566669
2.371902453460294	0.04542953166666667	1.3692158750966668
2.373647782712288	0.04366279199999999	1.3706326964733333
2.375393111964282	0.044434909	1.37518867567
2.3771384412162764	0.047297284333333335	1.3808807988466665
2.3788837704682715	0.049424463	1.3845651677333333
2.3806290997202657	0.052441999333333336	1.3877324775866664
2.38237442897226	0.057475221	1.39127286749
2.384119758224254	0.06174311	1.39308779893
2.3858650874762484	0.06224755766666666	1.3907260091833333
2.3876104167282426	0.061425968	1.38624161542
2.389355745980237	0.06096016666666666	1.38115789069
2.391101075232231	0.059842289	1.3757233961866666
2.3928464044842253	0.05689896166666667	1.3702861826566668
2.3945917337362195	0.05518017466666667	1.368121977263333
2.3963370629882146	0.056636323999999995	1.3703141594566663
2.398082392240209	0.05964806233333332	1.3749200919633333
2.3998277214922035	0.06144244566666666	1.3785653648633334
2.4015730507441977	0.06362980999999998	1.380783612973333
2.403318379996192	0.06651581733333334	1.3806345372
2.4050637092481866	0.06783606666666667	1.3777733837566668
2.406809038500181	0.06654108666666667	1.3734182580933334
2.408554367752175	0.06500927	1.3703776694766667
2.4102996970041692	0.06308501	1.36859419967
2.4120450262561635	0.061381639999999994	1.3688905854966666
2.4137903555081577	0.06182258333333333	1.3719883832066664
2.415535684760152	0.06419713999999999	1.3762245164733333
2.417281014012146	0.06546940999999999	1.3783286237833334
2.4190263432641403	0.06740452999999999	1.3805836349466667
2.4207716725161346	0.0716207	1.3851984117999998
2.4225170017681297	0.07506880666666665	1.3897604188966668
2.424262331020124	0.07429060333333333	1.3905628920933335
2.426007660272118	0.07246857333333331	1.3895870488966668
2.4277529895241123	0.07197487666666666	1.3878747687466666
2.4294983187761066	0.07094082666666666	1.3830111524833333
2.4312436480281012	0.06742087666666666	1.37344563031
2.4329889772800954	0.06525311333333333	1.3640226921166667
2.4347343065320897	0.06684254333333334	1.3581708837733333
2.436479635784084	0.06965338666666666	1.3547351053699999
2.438224965036078	0.07051874333333333	1.35162918017
2.4399702942880728	0.07194641666666667	1.3511417446533331
2.441715623540067	0.07471041333333334	1.3535138477233333
2.443460952792061	0.07599647666666666	1.3566751251633333
2.4452062820440554	0.07437272333333333	1.3597009853866666
2.4469516112960497	0.07262474	1.3644668648933334
2.448696940548044	0.07082079666666666	1.3698179483266666
2.450442269800038	0.0688524	1.3747382066233333
2.4521875990520323	0.0679432	1.3790262064466665
2.4539329283040274	0.06834262999999999	1.3817500764099997
2.4556782575560216	0.06755636333333333	1.38048225792
2.457423586808016	0.06705257333333332	1.3779164926766667
2.4591689160600105	0.06849316999999999	1.3772405455933332
2.4609142453120048	0.06960945333333332	1.3774006362266666
2.462659574563999	0.06723518333333332	1.3755278318066666
2.464404903815993	0.06467135666666665	1.37451960217
2.466150233067988	0.06468644333333333	1.3761360439533334
2.467895562319982	0.06485873666666667	1.3767967199466666
2.4696408915719763	0.062111990000000006	1.3727694074933332
2.4713862208239705	0.06059977	1.3682222083733333
2.4731315500759647	0.06330425333333334	1.3662123501466668
2.47487687932796	0.06641061666666667	1.3634434698466666
2.476622208579954	0.06567780333333334	1.3564942527900001
2.4783675378319483	0.0652063	1.3498971011433332
2.4801128670839416	0.06735099666666666	1.3464658893033334
2.481858196335936	0.06800043	1.3436613563899997
2.4836035255879314	0.06438954	1.3401216901233335
2.4853488548399256	0.061170406666666656	1.3404632178166667
2.48709418409192	0.06004740333333333	1.3455478665599998
2.488839513343914	0.058728586666666666	1.3522285144333335
2.490584842595908	0.05651013666666667	1.3581382947266667
2.492330171847903	0.05576762	1.3634289263366668
2.494075501099897	0.05555843666666666	1.3657706626733335
2.4958208303518914	0.05515683333333333	1.3647294383666664
2.4975661596038856	0.05506103	1.3617855037866669
2.49931148885588	0.055016173333333335	1.3575805168933333
2.501056818107874	0.05268076333333333	1.3506948200666664
2.5028021473598683	0.05007013	1.3443663155099999
2.5045474766118625	0.04963239666666666	1.3416454456066669
2.5062928058638567	0.04951008	1.3404455196999998
2.508038135115851	0.046412433333333336	1.3371649385933333
2.509783464367846	0.04422339666666667	1.3357192590399998
2.5115287936198403	0.04608893333333333	1.3388936217333332
2.5132741228718345	0.04807056333333333	1.3421787242633334
2.5150194521238287	0.04578990333333333	1.3409145348899998
2.516764781375823	0.044151786666666665	1.3400042555633331
2.5185101106278176	0.04643841	1.3427594129633331
2.520255439879812	0.047832910000000006	1.3450675318066665
2.522000769131806	0.044292993333333336	1.3438214050100001
2.5237460983838007	0.04157407333333333	1.3447311939966666
2.525491427635795	0.04286464333333333	1.35003750478
2.527236756887789	0.043564356666666665	1.354770921643333
2.5289820861397834	0.04048544	1.3552456783666664
2.5307274153917776	0.03865581333333333	1.3548296656066665
2.532472744643772	0.039620293333333334	1.3539979652566665
2.534218073895766	0.03963989333333333	1.3504526467066666
2.535963403147761	0.03720650666666667	1.3442940279466664
2.5377087323997554	0.03561239333333333	1.3386659538499999
2.5394540616517496	0.03458691333333333	1.3331325753566665
2.541199390903744	0.03317973333333333	1.3279245913066666
2.542944720155738	0.03209893333333333	1.3242774758533333
2.5446900494077327	0.0318287	1.321977211183333
2.546435378659727	0.03039588333333333	1.31904089327
2.548180707911721	0.029311373333333328	1.31852147047
2.5499260371637154	0.02993417333333333	1.3226231082566666
2.5516713664157096	0.030463433333333335	1.3282491988233334
2.5534166956677042	0.02846933	1.3309741708299998
2.5551620249196985	0.026791146666666668	1.3327875561366667
2.5569073541716927	0.027162026666666672	1.3346384150166666
2.558652683423687	0.027380213333333334	1.3333591916533332
2.560398012675681	0.024944625999999998	1.3273651874699999
2.5621433419276762	0.023569029	1.32322482631
2.5638886711796696	0.025822137666666665	1.325247822923333
2.565634000431664	0.028372084666666665	1.3302985366433333
2.567379329683658	0.027344976666666666	1.3339270963933334
2.5691246589356522	0.026997881666666668	1.3382847353800003
2.570869988187648	0.029700610999999995	1.3429557727766668
2.572615317439642	0.030705313999999997	1.3428443062966666
2.5743606466916362	0.026792963000000003	1.3359805700499998
2.57610597594363	0.023389545666666664	1.3282784629700002
2.5778513051956247	0.022597597	1.32259114891
2.5795966344476193	0.021194121666666666	1.31781052019
2.5813419636996136	0.018011251	1.3134746320833335
2.5830872929516078	0.016736934666666665	1.3115627371066667
2.584832622203602	0.017643955	1.3111908906833332
2.586577951455596	0.018954285	1.3121526372533332
2.5883232807075904	0.019600137666666663	1.3151413070866664
2.5900686099595847	0.020929043999999997	1.32082737942
2.591813939211579	0.022567041333333333	1.3272726333966665
2.593559268463574	0.02359843066666667	1.3335032586566666
2.595304597715568	0.023194998666666664	1.3375457389233332
2.5970499269675624	0.022535179566666667	1.3368587078433332
2.598795256219557	0.021250094533333333	1.32946266921
2.6005405854715513	0.019767951333333332	1.319119942733333
2.6022859147235455	0.019103134299999998	1.3102814724099998
2.6040312439755398	0.01949199733333333	1.3040936119233333
2.6057765732275344	0.018908159	1.2995752365166666
2.6075219024795286	0.01914518133333333	1.3000115511466666
2.609267231731523	0.021565601666666663	1.30592904907
2.611012560983517	0.023489173000000002	1.3124416777566665
2.6127578902355113	0.022149073999999994	1.31572002842
2.6145032194875055	0.021092360666666664	1.31941448305
2.6162485487394997	0.02172973033333333	1.3246694587399999
2.617993877991494	0.021501773333333335	1.32816832924
2.619739207243488	0.019082325	1.3277214340433334
2.6214845364954824	0.017802552333333332	1.32592091738
2.6232298657474775	0.01837773233333333	1.3230086714966665
2.6249751949994717	0.019182968999999998	1.3184468732633334
2.626720524251466	0.018982766666666668	1.3134458380566665
2.62846585350346	0.019854947666666668	1.3116780639833334
2.6302111827554544	0.022031111666666662	1.313615963533333
2.631956512007449	0.023848391666666666	1.3182770442466667
2.6337018412594433	0.023864285333333332	1.3236089944133331
2.6354471705114375	0.02390535766666666	1.3277658759733333
2.6371924997634317	0.023902381	1.3277796816666667
2.638937829015426	0.02320983266666667	1.3242723064266668
2.6406831582674206	0.021971245333333334	1.3190352889933332
2.642428487519415	0.021321986299999998	1.3127203868
2.644173816771409	0.020336834333333335	1.3048887386266665
2.6459191460234033	0.019786836333333332	1.2991823111266667
2.6476644752753975	0.019907359333333333	1.2973681016233334
2.6494098045273917	0.020088738	1.2976848306999997
2.651155133779386	0.01956244633333333	1.2987265329033333
2.652900463031381	0.019620228333333333	1.3035190153333334
2.6546457922833753	0.019706499666666665	1.3119527825866666
2.6563911215353695	0.019894811666666665	1.3210138739366668
2.658136450787364	0.020321099999999998	1.3279694359399998
2.6598817800393584	0.021110036666666665	1.3331618122366666
2.6616271092913526	0.021544297999999996	1.3356144957333331
2.663372438543347	0.022715638666666666	1.33459574834
2.665117767795341	0.024143496666666667	1.33009521382
2.6668630970473353	0.025713440000000004	1.3249299685399998
2.66860842629933	0.027333876333333333	1.32039069054
2.6703537555513237	0.028731527666666663	1.3163860185033331
2.6720990848033184	0.02840876666666667	1.3123200900366667
2.673844414055312	0.027601436666666663	1.3101313602766667
2.6755897433073077	0.026589774333333333	1.3099672514633334
2.677335072559302	0.024971085999999997	1.3117260169266667
2.679080401811296	0.022795221999999997	1.315293350903333
2.6808257310632904	0.02156896	1.3204759641366666
2.6825710603152837	0.020573	1.32449351536
2.6843163895672792	0.020291543333333332	1.3270329605266666
2.6860617188192735	0.020954196666666664	1.32812597711
2.6878070480712677	0.02196839333333333	1.3268695167466666
2.689552377323262	0.022135236666666662	1.3226320735066666
2.691297706575256	0.02280204333333333	1.3194237088633332
2.6930430358272504	0.023739496666666665	1.3191124192066666
2.694788365079245	0.02433705	1.31992276957
2.696533694331239	0.024082553333333333	1.3196190346066665
2.6982790235832335	0.023858436666666667	1.3201746458466666
2.7000243528352272	0.02337337666666666	1.3218048980466666
2.701769682087222	0.02291932	1.3223960214433332
2.703515011339216	0.022004533333333333	1.3205227770733334
2.7052603405912103	0.021612483333333335	1.3198034327166668
2.7070056698432046	0.02207649333333333	1.321590662103333
2.708750999095199	0.022991162	1.3232724385999999
2.710496328347194	0.02305268333333333	1.3226428183833332
2.712241657599188	0.02363388	1.3229884619299999
2.7139869868511823	0.024715889999999997	1.32502370513
2.7157323161031766	0.025249476666666666	1.3263244733266666
2.7174776453551712	0.02461860333333333	1.3259052789766665
2.7192229746071654	0.024336943333333333	1.3267530955333333
2.7209683038591597	0.023863330000000002	1.3284714072866666
2.722713633111154	0.0233302	1.3294509065566666
2.7244589623631486	0.023088203333333335	1.32915336805
2.7262042916151423	0.023196659999999997	1.3284013523499998
2.727949620867137	0.02233671333333333	1.3258957316733335
2.729694950119131	0.02196505	1.322368205873333
2.7314402793711254	0.022634576666666663	1.31877129831
2.7331856086231197	0.023115463333333336	1.31532149545
2.734930937875114	0.022059886666666667	1.31151392508
2.736676267127109	0.021763146666666667	1.3102765771966665
2.738421596379103	0.022610186666666664	1.3126860975933332
2.7401669256310974	0.023138513333333333	1.3169557726566667
2.7419122548830916	0.022447533333333332	1.3208085624833334
2.743657584135086	0.022577386666666664	1.3257906380366666
2.7454029133870805	0.023338646666666664	1.3315077383266667
2.7471482426390748	0.023796646666666664	1.33551648178
2.748893571891069	0.023261946666666665	1.3360461264166663
2.750638901143063	0.02289848	1.335752997023333
2.7523842303950574	0.022577669999999998	1.3353048777999998
2.754129559647052	0.022024789999999995	1.3323948010766664
2.755874888899046	0.02031189	1.3251288187999999
2.7576202181510405	0.01904873	1.3176242589
2.7593655474030343	0.01902562333333333	1.3125076589
2.761110876655029	0.019087454999999996	1.3080495577066664
2.762856205907024	0.01764189966666667	1.30301785138
2.7646015351590183	0.017284086666666663	1.3023314665333332
2.7663468644110116	0.01849923	1.3067806959066666
2.768092193663006	0.019262216666666665	1.3114472493733333
2.769837522915	0.018763223333333332	1.31361069461
2.7715828521669956	0.01925636	1.3173464077133332
2.77332818141899	0.01997609	1.3230892404866665
2.775073510670984	0.020136036666666662	1.327633288763333
2.7768188399229783	0.01962262	1.32924030278
2.7785641691749725	0.018946416666666667	1.3301943513333332
2.780309498426967	0.017714019999999997	1.3299318167199998
2.782054827678961	0.01695426	1.32654223661
2.7838001569309556	0.016311613	1.3200209703299999
2.7855454861829494	0.016465852	1.3150448802766666
2.787290815434944	0.01756443	1.31361411289
2.7890361446869383	0.018869496666666666	1.3142871345966667
2.7907814739389325	0.019064943333333334	1.3150651424066666
2.7925268031909276	0.019432093333333334	1.3164665569433334
2.794272132442922	0.019283386666666666	1.3163676255833332
2.796017461694916	0.018551193333333334	1.3139122484966665
2.7977627909469107	0.018208209999999996	1.3109094273
2.799508120198905	0.018053343333333333	1.3095921823799999
2.801253449450899	0.015940805333333332	1.3092758359999999
2.8029987787028934	0.014471484333333333	1.31128571784
2.8047441079548876	0.014706592666666666	1.3145945159066665
2.8064894372068823	0.014087647666666665	1.3154430332266667
2.808234766458876	0.011998716	1.31206437916
2.8099800957108707	0.011978682333333332	1.3086715632033332
2.8117254249628645	0.013236699333333332	1.3075176654066665
2.813470754214859	0.014537288666666665	1.30897357008
2.8152160834668534	0.015890555999999997	1.31237795261
2.8169614127188476	0.016866765666666665	1.3171948292933333
2.818706741970842	0.016099338999999997	1.3203491245333332
2.820452071222836	0.015126193333333333	1.3192213004666666
2.8221974004748303	0.013606940666666666	1.3126907857333332
2.8239427297268254	0.011988329666666665	1.30559429817
2.8256880589788196	0.01156757	1.3026109173866667
2.827433388230814	0.011700260666666665	1.3032025183333333
2.829178717482808	0.010043235	1.30439313286
2.8309240467348022	0.009606113	1.3085026722066666
2.832669375986797	0.011404664733333333	1.3143215454233332
2.834414705238791	0.012545679999999998	1.3159350961933334
2.8361600344907854	0.012208759	1.3121721467433334
2.8379053637427796	0.013727986	1.3107029722633332
2.839650692994774	0.016208443666666666	1.3141544663599998
2.841396022246768	0.017727903333333333	1.31852698839
2.8431413514987627	0.017601187666666664	1.32042340515
2.8448866807507565	0.016949294333333333	1.3219402480133333
2.846632010002751	0.015969909999999997	1.3225399983
2.8483773392547453	0.014658377666666667	1.3189710716966667
2.8501226685067405	0.011958109999999997	1.3115798979466666
2.8518679977587347	0.010398053333333332	1.3087537605500001
2.853613327010729	0.011065396	1.3136543217133332
2.855358656262723	0.011347710333333332	1.32071412093
2.8571039855147173	0.009664661333333333	1.32551844019
2.858849314766712	0.009653988666666665	1.33107328961
2.8605946440187062	0.011065098333333332	1.3360616192766666
2.8623399732707004	0.011855520333333334	1.3364391853833333
2.8640853025226947	0.012243253666666665	1.3331118307566667
2.865830631774689	0.013281784999999999	1.33141012376
2.8675759610266836	0.013239527666666667	1.3310985904133332
2.8693212902786778	0.012978748	1.329576087343333
2.871066619530672	0.012816756333333333	1.3250905014733334
2.872811948782666	0.012129872	1.3188196925233333
2.87455727803466	0.010763863333333333	1.3114895016133332
2.8763026072866555	0.010289007333333332	1.30469522818
2.8780479365386498	0.009965801333333333	1.30012716332
2.879793265790644	0.009908954333333332	1.3008278679633332
2.881538595042638	0.009802646333333333	1.3060578461333334
2.8832839242946324	0.009827965666666666	1.3130701628199999
2.885029253546627	0.009950888666666666	1.3191697600766665
2.8867745827986213	0.010390405666666665	1.3237431817399998
2.8885199120506155	0.009789228	1.32546768675
2.8902652413026098	0.009633988999999999	1.32599400355
2.892010570554604	0.010422695999999999	1.32689612174
2.893755899806598	0.010513587	1.3279547953933333
2.895501229058593	0.008947466333333334	1.32732283497
2.8972465583105866	0.008574043666666666	1.3257364266466667
2.8989918875625813	0.009317543	1.322190700583333
2.900737216814575	0.009828612666666667	1.3152479992933332
2.9024825460665697	0.009570437666666666	1.3052665752366668
2.904227875318564	0.010118089	1.297117506003333
2.905973204570558	0.011415163666666667	1.2936806354033332
2.9077185338225524	0.01246455	1.2941735778733332
2.9094638630745466	0.011666687333333332	1.2963871268633334
2.9112091923265417	0.011684316333333333	1.3026783687066665
2.912954521578536	0.013694260666666668	1.31262016666
2.91469985083053	0.014400158	1.3209163503533332
2.916445180082525	0.011764674999999999	1.3251735082866667
2.918190509334519	0.010838475	1.3318548711433333
2.9199358385865133	0.012323537666666665	1.3422021622466667
2.921681167838508	0.012254005666666666	1.3498563013033333
2.9234264970905017	0.010069007	1.3511358596333332
2.9251718263424964	0.009789956333333332	1.3496197619133332
2.92691715559449	0.010764945666666666	1.34418242338
2.928662484846485	0.010717711666666666	1.33050419893
2.930407814098479	0.009086057666666666	1.30976818635
2.9321531433504733	0.008440764666666666	1.2911526128066666
2.9338984726024675	0.009153946999999999	1.27877551004
2.9356438018544617	0.009481578333333332	1.2699602011866666
2.937389131106457	0.008177748666666665	1.26327830943
2.939134460358451	0.008253129666666666	1.2634097879566666
2.9408797896104453	0.009548267999999999	1.2698045409599998
2.9426251188624395	0.009943997333333333	1.2778314032833333
2.9443704481144337	0.009705274	1.2870389160299998
2.9461157773664284	0.010734445333333332	1.3015663905800001
2.9478611066184226	0.011286607333333332	1.3189105126166665
2.949606435870417	0.011902724333333331	1.3331200297633332
2.951351765122411	0.012944105666666667	1.3399464593899997
2.9530970943744053	0.012751719666666664	1.3394866051266665
2.9548424236264	0.0107167596	1.3320195414333331
2.956587752878394	0.009465965699999999	1.31869122974
2.9583330821303884	0.008126735333333333	1.3020026355433334
2.960078411382382	0.006992211933333333	1.289060616033333
2.961823740634377	0.007158412166666667	1.2826911464833333
2.963569069886372	0.007382091366666667	1.2790196942199998
2.965314399138366	0.006154498820000001	1.27573703665
2.9670597283903604	0.006570508466666667	1.2782612697466667
2.9688050576423537	0.008247958333333333	1.2875419073566665
2.970550386894349	0.00991773	1.3002809306233334
2.9722957161463435	0.012341311966666666	1.3155535025999998
2.9740410453983377	0.015167342833333333	1.3342674565200001
2.975786374650332	0.015677766333333336	1.35107167556
2.977531703902326	0.015774679666666666	1.3598335714966665
2.9792770331543204	0.015471252	1.3579461459933333
2.981022362406315	0.013229849999999998	1.3491216291266666
2.982767691658309	0.010358705666666666	1.3375255687166665
2.9845130209103035	0.008891676666666664	1.3249306135666665
2.9862583501622977	0.007038602666666666	1.3121594958766667
2.988003679414292	0.0064163243333333324	1.3039281010666666
2.989749008666286	0.007276361433333333	1.2999493530566666
2.9914943379182812	0.007450664533333332	1.2964126372266664
2.9932396671702755	0.007611384333333333	1.2943877415699998
2.9949849964222697	0.009816409	1.29912743797
2.996730325674264	0.011225493333333331	1.30942943673
2.9984756549262586	0.013775170333333331	1.3230963782066665
3.000220984178253	0.018861689333333334	1.3371911879499998
3.001966313430247	0.020383543	1.3462917166166666
3.0037116426822412	0.015932689833333333	1.346881533283333
3.0054569719342354	0.01301154803333333	1.3429880167466666
3.00720230118623	0.011583674466666668	1.33748393608
3.008947630438224	0.008496760966666666	1.3333465274866665
3.0106929596902186	0.006314301233333333	1.33307956249
3.0124382889422123	0.006229344626666666	1.3346880084966666
3.014183618194207	0.005129362966666666	1.3331624095933332
3.015928947446201	0.0053055967999999995	1.3295389654299998
3.0176742766981954	0.0067136060000000004	1.3247789671366665
3.0194196059501897	0.008031760333333334	1.3206978084066665
3.021164935202184	0.011597083599999997	1.3218677454766665
3.022910264454178	0.016632877433333332	1.3295540994833335
3.024655593706173	0.01793268563333333	1.3371053605866667
3.0264009229581674	0.019807692666666665	1.3410880994166665
3.0281462522101616	0.02355779603333333	1.3381510257633331
3.029891581462156	0.021224453999999997	1.32433088175
3.03163691071415	0.013122478666666668	1.30424300988
3.0333822399661448	0.009403730133333333	1.2915475224966664
3.035127569218139	0.009369050333333333	1.2915054052566666
3.036872898470133	0.008722215333333333	1.3012583124333332
3.0386182277221274	0.007936869333333332	1.3155400029133333
3.040363556974122	0.008292380666666667	1.32995955868
3.042108886226116	0.0094674737	1.33978699402
3.0438542154781105	0.010787069333333333	1.3423050663433334
3.0455995447301047	0.009751660666666667	1.3387279390966667
3.047344873982099	0.012893969333333333	1.33961650572
3.049090203234093	0.02369776733333333	1.34883105152
3.0508355324860883	0.029547098999999997	1.3547542980899998
3.0525808617380825	0.024547064333333334	1.34966350591
3.0543261909900767	0.022551781933333327	1.34164425976
3.056071520242071	0.023612140999999996	1.3315913423399999
3.057816849494065	0.01727313566666667	1.31600575368
3.05956217874606	0.009234712666666667	1.30375770712
3.061307507998054	0.007716616666666667	1.3052798453399999
3.0630528372500487	0.006916154000000001	1.3163390221533333
3.0647981665020425	0.006993831333333333	1.3316447008333334
3.0665434957540367	0.009317600333333332	1.3471928957233335
3.0682888250060314	0.008844903333333333	1.3589798200566667
3.0700341542580256	0.007411414333333333	1.3679255093866667
3.07177948351002	0.010256359999999999	1.3773570221033333
3.073524812762014	0.012812636000000002	1.3852397880566667
3.075270142014008	0.018012697	1.3945443163299998
3.0770154712660034	0.02869382383333333	1.4055641802133334
3.0787608005179976	0.032370273266666666	1.4083823601733334
3.080506129769992	0.024926096	1.4009223307899998
3.082251459021986	0.020854711333333335	1.3969943601366666
3.0839967882739803	0.020069407833333334	1.3994328015166666
3.085742117525975	0.015003000333333332	1.4012203270999999
3.087487446777969	0.010737285333333334	1.4021767478333331
3.0892327760299634	0.010565136333333332	1.4046110645366667
3.0909781052819576	0.009384218666666666	1.4034477849466667
3.092723434533952	0.008646411	1.3956986027699998
3.094468763785946	0.007584820466666666	1.3827564130366667
3.0962140930379407	0.006269169733333334	1.3721805488933332
3.0979594222899345	0.010274564333333333	1.3689481816266664
3.099704751541929	0.015256477499999999	1.3667543406566667
3.101450080793923	0.013860916999999997	1.3618114820466665
3.1031954100459176	0.018103096333333332	1.3680077750866666
3.104940739297912	0.02919649	1.3891900061166667
3.106686068549906	0.029401809666666667	1.4123141360833333
3.1084313978019003	0.020911875	1.43426737896
3.1101767270538954	0.019218	1.4583232862633333
3.1119220563058896	0.018825008999999997	1.4696649951366667
3.113667385557884	0.015587181	1.4557909905766666
3.1154127148098785	0.014555296666666665	1.4244389308033334
3.1171580440618727	0.012161411333333334	1.3950722868233332
3.118903373313867	0.008076260333333331	1.38757783215
3.120648702565861	0.007757781	1.409104182543333
3.122394031817856	0.0045182651333333336	1.446304503933333
3.1241393610698496	0.004945030499999999	1.4889405364099997
3.1258846903218442	0.021220339999999997	1.5250162109833334
3.127630019573838	0.029006076666666665	1.52881640565
3.1293753488258327	0.014529863333333332	1.5200796588099998
3.131120678077827	0.019506243333333333	1.5942275205966665
3.132866007329821	0.05310715333333334	1.816569404413333
3.1346113365818153	0.0633975	2.1571800467266664
3.1363566658338096	0.047926579999999996	2.5715167580133333
3.1381019950858047	0.06058917666666667	3.0259602034933337
3.139847324337799	0.11506914999999998	3.42540803707
3.141592653589793	0.19849019	3.6459907411400003