# O(3P)+CO2(000; j=0) -> O(3P)+CO2(000; j') scattering, statistically averaged (3A2+3B2+3B1) potential energy surfaces
# Differential cross sections; packaged by M. Gacesa (marko.gacesa@nasa.gov), Apr 30 2019
# E = 2.13749 eV
# theta(rad)                 elastic DCS                total DCS (both in units of 1E-16 cm^2/Sr)
0.	3.325852333333333e6	3.400261423381094e6
0.0017453292519943296	2.3462496666666665e6	2.3918011513866666e6
0.003490658503988659	817172.2999999999	826992.7236203334
0.005235987755982989	185769.19999999998	191715.42863533334
0.006981317007977318	84968.20333333332	92789.43677989999
0.008726646259971648	56920.70033333334	62389.103133389995
0.010471975511965978	34345.066666666666	38104.62922076666
0.012217304763960305	14572.903333333335	18195.795242133332
0.013962634015954637	11909.107666666667	15520.043981776664
0.015707963267948967	13167.298666666666	15489.77283043
0.017453292519943295	7119.830666666666	8688.459629013334
0.019198621771937624	3740.1306666666665	5915.390003533333
0.020943951023931956	3957.911	6279.64645343
0.02268928027592628	3674.6858666666667	5293.717252806666
0.02443460952792061	2345.285866666666	3446.713748846666
0.02617993877991494	796.9929666666667	2000.4338733333334
0.027925268031909273	796.1890333333333	2170.764335523333
0.029670597283903602	1265.5012	2320.5486985333337
0.031415926535897934	834.5186666666666	1540.2643111333332
0.03316125578789226	329.1627033333333	1112.2125229516664
0.03490658503988659	274.2291333333333	1178.4251344159998
0.03665191429188092	380.07276666666667	1118.3602691833332
0.03839724354387525	334.73336666666665	818.2696179759998
0.040142572795869566	127.73726666666667	558.7491499099999
0.04188790204786391	68.268273	609.0799839536667
0.043633231299858244	146.28546666666665	681.9971421466666
0.04537856055185256	155.84465999999998	538.0960637466667
0.047123889803846894	91.47477333333333	378.8598524053333
0.04886921905584122	52.38947333333333	358.8572920413333
0.05061454830783555	74.66884333333333	403.413278136
0.05235987755982988	87.63565	377.82691073666666
0.054105206811824215	65.50200333333333	299.21737225466666
0.05585053606381855	56.71581666666666	273.1131933213333
0.05759586531581287	51.689093333333325	270.3753491686666
0.059341194567807204	49.652089999999994	251.21447966866666
0.061086523819801536	53.69515666666667	230.79371696933333
0.06283185307179587	46.80473333333333	215.60478783333332
0.0645771823237902	50.520313333333334	221.56218610566663
0.06632251157578452	51.08256333333333	214.2265987543333
0.06806784082777885	32.60545	177.26924049266665
0.06981317007977318	31.59679	164.65864337166664
0.0715584993317675	37.504793333333325	168.038227004
0.07330382858376185	34.989383333333336	164.51598363266666
0.07504915783575618	37.10294666666667	162.70379479933334
0.0767944870877505	30.335033999999997	148.00787933366666
0.07853981633974483	25.96082	138.389315733
0.08028514559173913	30.820096666666664	140.12286012099997
0.08203047484373349	23.906546666666664	127.73998080906665
0.08377580409572782	19.392058	120.20090635720001
0.08552113334772216	21.759374666666666	120.43520790633332
0.08726646259971649	19.871942333333333	114.9645016462
0.08901179185171079	23.258129999999998	116.92153658363334
0.09075712110370512	21.480399999999996	112.55161691269998
0.09250245035569944	14.50657	101.99395771083331
0.09424777960769379	15.476786666666666	100.62990703156666
0.09599310885968812	13.586781333333331	94.59423388829998
0.09773843811168244	12.292206333333334	91.15046670703333
0.09948376736367677	15.51011	95.28006588703332
0.1012290966156711	12.74704	91.21556909673333
0.10297442586766543	13.295379333333333	89.3982297157
0.10471975511965977	13.91688	86.6197716858
0.10646508437165408	8.381461666666667	77.57773431936667
0.10821041362364843	8.374969	77.7287339174
0.10995574287564276	8.604703666666666	78.10834647993333
0.1117010721276371	7.228289666666666	75.03560276809999
0.11344640137963143	10.968779999999999	77.13379323083333
0.11519173063162574	9.613884333333333	72.96190267589999
0.11693705988362009	6.703439	68.322062928
0.11868238913561441	7.329499666666667	68.70856283313333
0.12042771838760875	4.786727	64.58939114516667
0.12217304763960307	4.9351579999999995	63.59373938526666
0.12391837689159738	7.077703333333334	64.66703677783332
0.12566370614359174	5.480030666666666	60.9490052939
0.12740903539558604	6.629356666666666	61.04440094680001
0.1291543646475804	6.646966666666666	59.8077381132
0.13089969389957473	4.241015666666667	55.802263839666665
0.13264502315156904	4.881024666666667	55.902833981566665
0.1343903524035634	4.082968666666666	53.707373758299994
0.1361356816555577	3.6872066666666665	51.57399710739999
0.13788101090755206	6.190086666666666	53.0712184163
0.13962634015954636	5.516811999999999	51.039191813766664
0.1413716694115407	5.094773999999999	49.976249433133326
0.143116998663535	5.2338526666666665	49.66787304296666
0.14486232791552936	3.2753853333333334	46.1165260928
0.1466076571675237	3.9962723333333328	45.44800475883333
0.148352986419518	5.129714333333333	45.423202064899996
0.15009831567151236	4.443732	43.863290082800006
0.15184364492350666	5.628355666666666	45.13926865513333
0.153588974175501	5.15034	44.26330044456666
0.15533430342749535	3.8475376666666663	41.95465033753332
0.15707963267948966	4.535584666666666	41.68668994383333
0.158824961931484	3.8484336666666668	39.805540851833335
0.16057029118347826	3.6060636666666666	39.04865974116667
0.16231562043547265	4.853899666666667	40.402263808066664
0.16406094968746698	4.1010513333333325	39.471618214066666
0.16580627893946132	3.8024826666666662	39.06752382843333
0.16755160819145565	3.763965333333333	38.461606908099995
0.16929693744344992	2.5121136666666666	36.12913688086667
0.1710422666954443	2.6210799999999996	35.63999709626666
0.17278759594743864	2.9379029999999995	35.5813500033
0.17453292519943298	2.3837279999999996	34.92996191563333
0.17627825445142725	2.7122336666666667	35.4825237456
0.17802358370342158	2.3262936666666665	34.6276604131
0.17976891295541597	1.7677211333333331	33.18990665983333
0.18151424220741025	1.9640933333333335	32.64807124863333
0.18325957145940458	1.539668	31.537944447100003
0.18500490071139888	1.453799	31.227044535233336
0.18675022996339324	1.9473000000000003	31.612341264966663
0.18849555921538758	1.728673	30.796762972166665
0.1902408884673819	1.9648596666666667	30.326908325899996
0.19198621771937624	2.0026779999999995	29.625774762733332
0.19373154697137057	1.4839938666666666	28.414792705266667
0.19547687622336488	1.7582536666666666	28.283608122833332
0.19722220547535924	2.063378	28.172132663200003
0.19896753472735354	1.9998349999999996	27.663716880033334
0.2007128639793479	2.3715846666666662	27.673775058799997
0.2024581932313422	2.144705333333333	26.929596043933334
0.20420352248333656	1.8646930000000002	26.057815580666663
0.20594885173533087	2.203345333333333	25.814908719199998
0.20769418098732523	2.199847666666667	25.335263757633335
0.20943951023931953	2.0742789999999998	25.083799535
0.2111848394913139	2.206253333333333	25.225408278333333
0.21293016874330817	1.8811309999999999	24.730652922166662
0.21467549799530256	1.8004823333333333	24.295097617066666
0.21642082724729686	1.9870219999999998	23.988107306799996
0.2181661564992912	1.7598126666666665	23.427909106866665
0.21991148575128552	1.5429973333333333	23.167120919633334
0.22165681500327983	1.5847436	23.175743954633333
0.2234021442552742	1.407708	22.87774780273333
0.22514747350726852	1.3762603333333332	22.6933311471
0.22689280275926285	1.3404903333333333	22.497212081533334
0.22863813201125716	1.0233045333333333	22.10617973283333
0.2303834612632515	0.8552614333333333	21.823391372799996
0.23212879051524585	1.0224296666666666	21.681774485266665
0.23387411976724018	1.0462379666666666	21.377973672666663
0.23561944901923448	1.0083676	21.207392298366663
0.23736477827122882	0.8394879999999999	21.039399526
0.23911010752322315	0.6100480333333334	20.748901965466665
0.2408554367752175	0.6840552	20.533933564466665
0.24260076602721184	0.9966048666666666	20.354662904033333
0.24434609527920614	1.0916877666666667	20.0455245667
0.24609142453120048	1.0480870333333332	19.90505747403333
0.24783675378319475	0.8385388666666667	19.6591087626
0.24958208303518917	0.7794260333333334	19.3501025697
0.25132741228718347	1.0585652333333333	19.20695640343333
0.2530727415391778	1.2948371333333333	19.006505856366665
0.2548180707911721	1.2960581666666666	18.802122495366664
0.25656340004316636	1.2312516666666664	18.787565719666667
0.2583087292951608	1.0270048333333333	18.47787455463333
0.26005405854715513	1.1133510666666666	18.180253850533333
0.26179938779914946	1.3429453333333332	17.9844480136
0.2635447170511437	1.2741905666666666	17.62735038493333
0.26529004630313807	1.1656746666666664	17.512011924599996
0.26703537555513246	1.1165746666666667	17.559617808066665
0.2687807048071268	1.0123089666666667	17.2904599361
0.270526034059121	1.2285936333333334	17.1885058883
0.2722713633111154	1.2273466666666666	16.93445269653333
0.2740166925631097	0.8652085333333333	16.454308226066665
0.2757620218151041	0.7519595999999998	16.377094388499998
0.27750735106709834	0.7518827	16.321920237133334
0.2792526803190927	0.807434	16.124577064633332
0.280998009571087	1.1044269333333332	16.2194063107
0.2827433388230814	0.9030744	15.912344609433333
0.2844886680750758	0.5043150333333333	15.463496239033333
0.28623399732707	0.4855462666666666	15.386828024066666
0.28797932657906433	0.5027511666666666	15.197407065966667
0.2897246558310587	0.6477094666666666	15.158079020966667
0.291469985083053	0.8721817333333332	15.381031709200002
0.2932153143350474	0.5913119333333332	15.098293458166667
0.29496064358704166	0.4064242	14.808366056433332
0.296705972839036	0.47811596666666667	14.599320127366667
0.2984513020910303	0.4614840666666667	14.221216348
0.3001966313430247	0.5936648666666666	14.267324114966666
0.301941960595019	0.6376059	14.468109021666667
0.3036872898470133	0.4205212333333333	14.337674321866666
0.30543261909900765	0.5326885666666666	14.329709629666667
0.307177948351002	0.6162568333333334	14.011809155666665
0.3089232776029963	0.5493079999999999	13.533442308766666
0.3106686068549907	0.6094591666666667	13.5240883084
0.312413936106985	0.49610163333333335	13.525240662266668
0.3141592653589793	0.4489764333333333	13.538690228599998
0.31590459461097364	0.7658254	13.747613827966667
0.317649923862968	0.7903384666666666	13.433645957133333
0.3193952531149623	0.6957643333333332	13.058996047199999
0.32114058236695653	0.6457666	12.950582334366667
0.32288591161895097	0.43399829999999995	12.724310668066666
0.3246312408709453	0.5275873999999999	12.789555444933335
0.32637657012293964	0.8442978666666666	12.991306335266666
0.32812189937493397	0.7891816	12.714835385366664
0.32986722862692824	0.7281682999999999	12.533780433133332
0.33161255787892263	0.6017847	12.3498282124
0.3333578871309169	0.3835724333333333	12.046858133566666
0.3351032163829113	0.5210576666666666	12.151420943466665
0.3368485456349056	0.6709719666666667	12.233124686799998
0.33859387488689985	0.5631215999999999	12.011213599800001
0.34033920413889424	0.5789092666666666	11.947094252
0.3420845333908886	0.46867960000000003	11.6760626095
0.3438298626428829	0.36362133333333335	11.426467857766667
0.3455751918948773	0.48456923333333324	11.575471408133332
0.34732052114687156	0.4427878333333333	11.606507794399999
0.34906585039886595	0.33813156666666666	11.551803311266667
0.3508111796508603	0.40905923333333327	11.561880712766666
0.3525565089028545	0.36166946666666666	11.234465783166666
0.3543018381548489	0.40861206666666666	11.040794079666668
0.35604716740684317	0.46898699999999993	11.0877232437
0.35779249665883756	0.30176056999999995	11.028617167683333
0.35953782591083194	0.24991166666666664	11.10265125356
0.3612831551628262	0.3316710666666667	11.130175134096667
0.3630284844148205	0.3415646	10.84494138591
0.3647738136668149	0.48893713333333333	10.74385283357
0.36651914291880916	0.4626824666666667	10.656076889323334
0.36826447217080355	0.25171483333333333	10.514767706726667
0.37000980142279777	0.25232419999999994	10.607162979626667
0.3717551306747922	0.30163006666666664	10.561473185653334
0.3735004599267865	0.34174913333333334	10.330273256156666
0.3752457891787809	0.5190474999999999	10.28519560756
0.37699111843077515	0.4447901666666666	10.115957827463333
0.3787364476827695	0.2896030333333333	9.997720986393333
0.3804817769347638	0.33066486666666667	10.108256945263333
0.38222710618675815	0.3312069999999999	10.038910319163334
0.3839724354387525	0.3674844666666666	9.897056454313333
0.38571776469074687	0.5054714333333333	9.849601821463333
0.38746309394274114	0.4297141666666667	9.623029139996667
0.3892084231947355	0.3858530666666667	9.541871477179999
0.39095375244672975	0.44749219999999995	9.634753699076667
0.39269908169872414	0.4064356333333333	9.604827281619999
0.39444441095071847	0.40938273333333336	9.602377655946665
0.3961897402027128	0.4534718	9.571419399023332
0.3979350694547071	0.37665346666666666	9.341187512119998
0.39968039870670136	0.4092319333333333	9.244254229516665
0.4014257279586958	0.4524149	9.200966458153333
0.4031710572106902	0.3908958	9.12294661855
0.4049163864626844	0.3701056333333333	9.1620843364
0.4066617157146788	0.34111226666666666	9.14514758838
0.4084070449666731	0.27939586666666666	9.009822843376668
0.41015237421866746	0.3400535	8.972747174326667
0.41189770347066174	0.3430751666666666	8.872793700016667
0.413643032722656	0.28042866666666666	8.767966699196666
0.41538836197465046	0.2507568333333333	8.755636954673333
0.4171336912266447	0.1943162333333333	8.66984542941
0.41887902047863906	0.16903998666666667	8.565064191976665
0.42062434973063334	0.2364337	8.55306345666
0.4223696789826278	0.21641693333333328	8.47404111347
0.4241150082346221	0.18185511000000001	8.445373934276667
0.42586033748661634	0.16977973333333332	8.45771710484
0.4276056667386108	0.13022507	8.370481146493333
0.4293509959906051	0.1489665	8.279974794166666
0.43109632524259933	0.21520103333333332	8.221842615313333
0.4328416544945937	0.18785343333333332	8.102174226543333
0.434586983746588	0.18471876666666667	8.079399667726666
0.4363323129985824	0.20511900666666666	8.099792835236666
0.43807764225057666	0.20701693333333332	8.061712877883332
0.43982297150257105	0.25667476666666666	8.028288081383334
0.44156830075456543	0.31146853333333335	7.966591080013332
0.44331363000655966	0.27263496666666664	7.816104258196667
0.445058959258554	0.2664079	7.7343706078
0.4468042885105484	0.2927322333333333	7.694775905763333
0.44854961776254265	0.31585129999999995	7.656926902886665
0.45029494701453704	0.3607094	7.65103887866
0.4520402762665313	0.39356979999999997	7.6267047974699995
0.4537856055185257	0.3508844	7.526211546013333
0.45553093477052	0.33143279999999997	7.45603423198
0.4572762640225143	0.3415973333333333	7.407982078683333
0.45902159327450864	0.3518477666666667	7.368001069633333
0.460766922526503	0.3548384333333333	7.336432059923333
0.46251225177849725	0.3490215666666666	7.285730678163333
0.4642575810304917	0.3070986333333333	7.181447346543334
0.46600291028248597	0.2908224	7.1091179954333334
0.46774823953448036	0.2938254	7.08327309559
0.4694935687864746	0.29079689999999997	7.099660857726667
0.47123889803846897	0.2611115333333333	7.124375090793333
0.4729842272904633	0.2243592	7.109091173023334
0.47472955654245763	0.18394213333333334	7.005780720680001
0.4764748857944519	0.17940043333333333	6.885812453023334
0.4782202150464463	0.18117146666666664	6.78678057574
0.4799655442984406	0.17589379	6.757842497843333
0.481710873550435	0.14747630666666667	6.79852937446
0.48345620280242924	0.11126592333333332	6.845191701569999
0.4852015320544237	0.08859822333333334	6.822402267299999
0.48694686130641796	0.10614735999999998	6.7524701312366675
0.4886921905584123	0.1083075	6.6275298346366665
0.49043751981040656	0.10733438666666667	6.53191924121
0.49218284906240095	0.09873352333333332	6.519237272233333
0.4939281783143953	0.07829075666666666	6.543134110543333
0.4956735075663895	0.08573518666666666	6.56032990347
0.4974188368183839	0.13358683	6.563136059936667
0.49916416607037833	0.13624218666666665	6.4703691003833335
0.5009094953223726	0.14395279666666666	6.374098882756667
0.5026548245743669	0.16073984666666666	6.34026856355
0.5044001538263612	0.15373083333333332	6.323206051410001
0.5061454830783556	0.18506616666666667	6.339005227556666
0.5078908123303499	0.2505678333333333	6.37081759173
0.5096361415823442	0.23554496666666663	6.286726489156667
0.5113814708343385	0.23406086666666664	6.1982906834566665
0.5131268000863327	0.2585534666666667	6.164433652246666
0.5148721293383272	0.24878919999999996	6.129326058396666
0.5166174585903216	0.28253863333333334	6.154672869936666
0.5183627878423158	0.34150240000000004	6.203810213246666
0.5201081170943103	0.29566146666666665	6.112779719019999
0.5218534463463045	0.26837713333333335	6.009289543833333
0.5235987755982989	0.27539393333333334	5.94076806071
0.5253441048502931	0.2459041	5.8678868224933325
0.5270894341022874	0.2605007	5.8947453410933335
0.5288347633542818	0.29567926666666666	5.970765638619999
0.5305800926062761	0.23560530000000002	5.928561142596665
0.5323254218582705	0.20245269999999999	5.8753928906666655
0.5340707511102649	0.19584956666666664	5.808721091860001
0.5358160803622593	0.15628550333333333	5.7083303872933335
0.5375614096142536	0.15261419666666667	5.697682674606666
0.5393067388662478	0.16133846666666665	5.731717176289999
0.541052068118242	0.11398958333333332	5.705136152453333
0.5427973973702365	0.10590396666666665	5.710189574436666
0.5445427266222308	0.10119137666666667	5.6895793309033325
0.5462880558742251	0.07344751999999999	5.642465082279999
0.5480333851262194	0.07131599	5.658173998473332
0.5497787143782138	0.06669667666666666	5.66433658998
0.5515240436302082	0.05320191333333333	5.624630743126667
0.5532693728822025	0.08470652000000001	5.616205762716666
0.5550147021341967	0.08161494333333333	5.5609739182333335
0.5567600313861911	0.06647706666666667	5.522943678223332
0.5585053606381855	0.07220946666666667	5.565659130776666
0.5602506898901798	0.06215185333333334	5.584721858336666
0.561996019142174	0.08396991666666666	5.581686310323333
0.5637413483941685	0.14682979999999998	5.577825386673332
0.5654866776461628	0.13408516666666664	5.467820168626666
0.5672320068981571	0.11726047	5.383343953173332
0.5689773361501516	0.12097031999999999	5.386233103996666
0.5707226654021459	0.10409832999999999	5.383668747496666
0.57246799465414	0.14848316666666667	5.417980727903334
0.5742133239061344	0.2239733	5.4475191751433325
0.5759586531581287	0.195808	5.33443315373
0.5777039824101231	0.17024316666666667	5.236595990016665
0.5794493116621174	0.1639319	5.201021225633333
0.5811946409141118	0.14022986666666665	5.16888174324
0.582939970166106	0.19573546666666666	5.222583634863334
0.5846852994181004	0.2699640666666666	5.27650705368
0.5864306286700948	0.22947999999999996	5.180012079746666
0.5881759579220891	0.19636123333333333	5.0893659473033335
0.5899212871740833	0.17726066666666665	5.031608689723333
0.5916666164260775	0.14555246666666666	4.99206468505
0.593411945678072	0.19576063333333332	5.077415222233333
0.5951572749300664	0.2525119333333333	5.171131013729999
0.5969026041820606	0.20165216666666666	5.11691030559
0.5986479334340549	0.16358666666666666	5.0355544299599995
0.6003932626860494	0.13669733333333334	4.9335080838500005
0.6021385919380438	0.10454630999999999	4.85301446964
0.603883921190038	0.13962106666666665	4.924662207733332
0.6056292504420324	0.1696051666666667	5.038844080243333
0.6073745796940266	0.11841141333333334	5.054387419879999
0.609119908946021	0.08698827333333332	5.021240669136667
0.6108652381980153	0.06461561	4.901201079723333
0.6126105674500095	0.04800706999999999	4.77679532192
0.614355896702004	0.07318821	4.7902591061466655
0.6161012259539983	0.08130940666666667	4.874665032813333
0.6178465552059926	0.048730626666666665	4.941864039493333
0.6195918844579871	0.04261063999999999	4.968752449366667
0.6213372137099814	0.03370681	4.855227745766666
0.6230825429619757	0.03879397333333333	4.69891471349
0.62482787221397	0.06172414333333333	4.638657042503333
0.6265732014659642	0.05642248	4.66389953472
0.6283185307179586	0.05122006666666666	4.765369449033333
0.630063859969953	0.07806273333333333	4.871772239519999
0.6318091892219473	0.07953413	4.816171166696667
0.6335545184739415	0.09299344999999999	4.672396135736666
0.635299847725936	0.10969601333333334	4.550491681183333
0.6370451769779303	0.09210733333333333	4.48557409412
0.6387905062299246	0.10193980333333333	4.554309929253333
0.6405358354819191	0.14897191333333332	4.6931157953366665
0.6422811647339131	0.15350876666666666	4.708676300693334
0.6440264939859075	0.1601569333333333	4.628047706266667
0.6457718232379019	0.16035433333333332	4.50195258688
0.6475171524898962	0.12693404	4.378242588296667
0.6492624817418906	0.13185985	4.389528166173333
0.6510078109938849	0.17650356666666667	4.512575624033333
0.6527531402458793	0.17963409999999996	4.578843813073333
0.6544984694978735	0.17911736666666667	4.57176501571
0.6562437987498679	0.16424823333333333	4.468646009816666
0.6579891280018623	0.12381379666666666	4.307429676203332
0.6597344572538565	0.12585193333333333	4.2474964854133335
0.6614797865058508	0.16255673333333331	4.31564013495
0.6632251157578453	0.1625644	4.40483160225
0.6649704450098396	0.15585744999999998	4.479373992856666
0.6667157742618338	0.13019361333333332	4.446962297126666
0.668461103513828	0.09170406999999998	4.305975468276666
0.6702064327658226	0.09826371666666667	4.199265618623333
0.6719517620178169	0.13049343333333333	4.188396193019999
0.6736970912698113	0.12669741333333334	4.2425269853500005
0.6754424205218055	0.11175010999999999	4.347702424386666
0.6771877497737997	0.07888812333333332	4.385615508513333
0.6789330790257941	0.04714565333333333	4.310929918496667
0.6806784082777885	0.05672546666666667	4.21024168963
0.6824237375297828	0.08290255999999999	4.148847176676666
0.6841690667817772	0.07901307666666665	4.155754061926666
0.6859143960337715	0.06272036	4.248563189083333
0.6876597252857658	0.03199857	4.319559581349999
0.6894050545377601	0.016015103333333336	4.30303851161
0.6911503837897546	0.03262756	4.22223671936
0.6928957130417489	0.053485379999999985	4.125297492323334
0.6946410422937431	0.054144733333333334	4.082294283066666
0.6963863715457373	0.04633714	4.13855713957
0.6981317007977319	0.02464783333333333	4.2112170104399995
0.6998770300497262	0.028380146666666668	4.240568059029999
0.7016223593017206	0.060709306666666664	4.20155011303
0.7033676885537148	0.08229583666666665	4.101699422416666
0.705113017805709	0.08429859666666667	4.018359581953334
0.7068583470577035	0.08292316	4.020466910103334
0.7086036763096978	0.06757981999999998	4.05998216328
0.710349005561692	0.08007123666666667	4.103429098663334
0.7120943348136863	0.12053762000000001	4.109572769976666
0.7138396640656808	0.13808903333333333	4.040747658213333
0.7155849933176751	0.1254328	3.943589666533333
0.7173303225696694	0.11625393666666664	3.9004752186699996
0.7190756518216639	0.10694107999999998	3.9056523445
0.7208209810736581	0.12549661999999998	3.95326582001
0.7225663103256524	0.16471989999999997	4.00647671458
0.7243116395776467	0.1713928	4.000370088133333
0.726056968829641	0.13285093333333334	3.9289284328866665
0.7278022980816354	0.09984006666666667	3.85916939224
0.7295476273336298	0.08977559999999998	3.818661273863333
0.7312929565856241	0.11413763333333334	3.82826836761
0.7330382858376183	0.1503174333333333	3.875316487473333
0.7347836150896128	0.1536304	3.912269048056667
0.7365289443416071	0.10979321	3.90352055755
0.7382742735936013	0.06852855666666666	3.874992827956666
0.7400196028455955	0.05963988999999999	3.8462650832066663
0.7417649320975901	0.08688067	3.8390957926200002
0.7435102613495844	0.11622980333333334	3.8542345963866667
0.7452555906015788	0.11561754666666665	3.874669711786667
0.747000919853573	0.07864200666666667	3.8715993688966663
0.7487462491055674	0.04628579	3.850056513823333
0.7504915783575618	0.044410519999999995	3.8152778129166665
0.752236907609556	0.07403416333333332	3.788338858716666
0.7539822368615503	0.09870010333333332	3.78228466059
0.7557275661135445	0.09333650666666667	3.79823986201
0.757472895365539	0.06019751999999999	3.81561566071
0.7592182246175333	0.03789828333333333	3.82883781483
0.7609635538695276	0.04372139	3.81707339446
0.7627088831215221	0.07365026333333333	3.77858988644
0.7644542123735163	0.09282534333333332	3.7260071134133335
0.7661995416255106	0.07987257666666667	3.6752983720199994
0.767944870877505	0.04336854333333334	3.63332427004
0.7696902001294994	0.025550389999999996	3.627366154573333
0.7714355293814937	0.03850305666666666	3.645060835453333
0.773180858633488	0.07229711	3.6621292558533334
0.7749261878854823	0.09217338	3.65984664342
0.7766715171374765	0.07763512666666667	3.6244491655099997
0.778416846389471	0.041506716666666665	3.553467625846667
0.7801621756414653	0.027542683333333335	3.4953900055166667
0.7819075048934595	0.04218491666666666	3.4690338278566664
0.7836528341454538	0.07678517333333335	3.473662199963333
0.7853981633974483	0.10234573	3.49537456648
0.7871434926494427	0.09436969333333334	3.4971770394966666
0.7888888219014369	0.06457784999999999	3.4496899301566666
0.7906341511534312	0.05532594133333333	3.3898184945666667
0.7923794804054256	0.06286497999999999	3.339506940473333
0.7941248096574199	0.08461347999999999	3.32398003116
0.7958701389094142	0.10991748333333332	3.35772588923
0.7976154681614087	0.11054243999999999	3.3956361233266663
0.7993607974134027	0.08995255666666666	3.3831352899966665
0.8011061266653973	0.09023961999999999	3.338942715576666
0.8028514559173916	0.09487605666666665	3.2705832272466666
0.8045967851693858	0.09684276666666665	3.21524528559
0.8063421144213804	0.10534076999999999	3.2264319984866665
0.8080874436733746	0.09811235666666665	3.275143563933333
0.8098327729253688	0.07291437666666667	3.29648779291
0.8115781021773631	0.07862683666666666	3.2945277462633333
0.8133234314293576	0.09466975666666666	3.250267813593333
0.815068760681352	0.09665678666666666	3.1808704095466664
0.8168140899333463	0.09618018666666667	3.1581909296533333
0.8185594191853405	0.08013382999999999	3.1856237168166666
0.8203047484373349	0.04448996333333333	3.2159049821466668
0.8220500776893291	0.04317059666666666	3.2544777904066664
0.8237954069413235	0.06316745333333332	3.2600564350999996
0.8255407361933177	0.07082556333333333	3.209919241533333
0.827286065445312	0.07064673666666665	3.1577455235999996
0.8290313946973066	0.057081059999999996	3.12842998533
0.8307767239493009	0.02736609	3.1137452740833327
0.8325220532012951	0.0268686	3.147997521973333
0.8342673824532894	0.04415096666666666	3.1966190995833337
0.8360127117052839	0.05163187333333333	3.21467270649
0.8377580409572781	0.05304435999999999	3.2148011223366666
0.8395033702092725	0.045556096666666664	3.1946001036666662
0.8412486994612667	0.030066966666666667	3.15014006104
0.8429940287132611	0.039449283333333335	3.135018913183333
0.8447393579652556	0.051959326666666666	3.1395912995399997
0.8464846872172498	0.050729163333333334	3.143254735516667
0.8482300164692442	0.049572743333333336	3.159852059086667
0.8499753457212386	0.04362869	3.1654747718699996
0.8517206749732327	0.03543546933333333	3.1419597798633334
0.853466004225227	0.05575947333333332	3.1399558168566664
0.8552113334772216	0.07174613666666665	3.1501976330066666
0.8569566627292158	0.06647301666666666	3.1593529337266664
0.8587019919812102	0.06234782333333334	3.1839775551800003
0.8604473212332044	0.05152401666666667	3.1847181651699996
0.8621926504851987	0.034456636666666665	3.131087803553333
0.8639379797371932	0.05071330999999999	3.0824575970833337
0.8656833089891874	0.06954267666666666	3.049414720873333
0.8674286382411818	0.06768184999999999	3.0395484965599993
0.869173967493176	0.06765868333333333	3.0851762133166667
0.8709192967451702	0.060520036666666666	3.13980677232
0.8726646259971648	0.040388549999999995	3.1418328785866665
0.8744099552491591	0.04942865666666667	3.1194256249899994
0.8761552845011533	0.06474611333333333	3.0690886825433332
0.8779006137531478	0.06122128333333333	3.0030038065699998
0.8796459430051421	0.05991698666666666	2.9808731774799995
0.8813912722571363	0.05641113333333332	2.9942359436599997
0.8831366015091309	0.042319536666666664	3.00027479385
0.8848819307611251	0.053287966666666665	3.017181093703333
0.8866272600131193	0.06804436666666666	3.017841643253333
0.8883725892651138	0.06294122333333332	2.987478343296666
0.890117918517108	0.05805885	2.9702085001133334
0.8918632477691024	0.05280475666666666	2.9658532214266664
0.8936085770210968	0.04094050333333333	2.9506739455366664
0.895353906273091	0.053740079999999996	2.953868845096667
0.8970992355250853	0.06892669666666665	2.9510418311700004
0.8988445647770799	0.06456287666666666	2.92280481766
0.9005898940290741	0.05987181999999999	2.9058027884433333
0.9023352232810684	0.053038010000000003	2.89978874113
0.9040805525330626	0.037950883	2.8890335615166665
0.9058258817850569	0.04703750999999999	2.9096269664833327
0.9075712110370514	0.06102882666666666	2.93561137038
0.9093165402890456	0.05880867333333334	2.9334252379233328
0.91106186954104	0.05819142	2.92236870016
0.9128071987930344	0.05459014666666667	2.894696734703333
0.9145525280450286	0.03765994	2.8426584532200003
0.9162978572970231	0.04013825333333333	2.82663973549
0.9180431865490173	0.04913700333333333	2.847701804573333
0.9197885158010117	0.045924660000000006	2.8772278401899998
0.921533845053006	0.04834480666666666	2.9174401039966664
0.9232791743050003	0.052537919999999995	2.9339926783399997
0.9250245035569945	0.042913043333333324	2.8910916049766664
0.9267698328089891	0.045954709999999996	2.840680264423333
0.9285151620609834	0.050799206666666666	2.8061969600499994
0.9302604913129776	0.04124471666666667	2.7886319515799998
0.9320058205649719	0.03773112866666666	2.812684514013333
0.9337511498169662	0.04262395333333333	2.8541435931699994
0.9354964790689607	0.040783208	2.85970943812
0.9372418083209549	0.05271342633333333	2.8480781389566663
0.9389871375729492	0.06464687999999999	2.8246723149833333
0.9407324668249435	0.057160746666666665	2.7885627713266663
0.9424777960769379	0.048734016666666664	2.7764831987666665
0.9442231253289324	0.04596568000000001	2.7894912820166664
0.9459684545809266	0.037584726666666665	2.787498733603333
0.9477137838329208	0.04638107	2.7803376343233333
0.9494591130849153	0.062207750000000006	2.762939626723333
0.9512044423369096	0.06251683333333333	2.7274079652899994
0.9529497715889038	0.05983296666666667	2.7106142511366667
0.9546951008408984	0.059412429999999995	2.7275859633066664
0.9564404300928926	0.04762839666666666	2.747205634043333
0.9581857593448869	0.047564996666666665	2.768632667293333
0.9599310885968813	0.05686649666666667	2.7691199652699994
0.9616764178488755	0.05450281333333333	2.7237959474066664
0.96342174710087	0.05068447333333334	2.6655513672166666
0.9651670763528643	0.053690749999999995	2.63192234584
0.9669124056048585	0.046971776666666666	2.62383265159
0.9686577348568528	0.04720804666666667	2.6587820871199996
0.9704030641088474	0.05548159666666667	2.712154647086667
0.9721483933608416	0.05100047666666666	2.730158373263333
0.9738937226128359	0.040720887	2.7066588915133334
0.9756390518648301	0.04050877333333333	2.66312523567
0.9773843811168246	0.03739548666666666	2.610462179823333
0.9791297103688189	0.04026665333333333	2.5919141853300003
0.9808750396208131	0.05032687	2.6164040091566667
0.9826203688728073	0.04754154666666666	2.6430112752266663
0.9843656981248019	0.032673313333333336	2.649484745553333
0.9861110273767961	0.02634692	2.6375277997466666
0.9878563566287906	0.023672089999999996	2.60286321167
0.9896016858807848	0.027909726666666666	2.5803087694766664
0.991347015132779	0.038615753333333336	2.5914946984033334
0.9930923443847736	0.04085847333333333	2.612504088806667
0.9948376736367678	0.03071199333333333	2.6204469810299997
0.9965830028887621	0.02437995	2.6102043727566664
0.9983283321407567	0.02082213	2.5707279900933333
1.0000736613927508	0.021962843333333332	2.5291497259966667
1.0018189906447452	0.026639573333333333	2.51639322714
1.0035643198967397	0.027840729999999998	2.5300389682866666
1.0053096491487339	0.02431709	2.5550600701099997
1.007054978400728	0.02573690666666667	2.5780936614733334
1.0088003076527223	0.027584126666666667	2.5709149282099997
1.0105456369047165	0.031626049999999996	2.5391305425766664
1.0122909661567112	0.03556860666666667	2.5067468504866666
1.0140362954087054	0.03283671333333334	2.48542378819
1.0157816246606999	0.02614056766666667	2.4806100391166663
1.017526953912694	0.027599639999999998	2.494539553436667
1.0192722831646883	0.031570006666666664	2.501635973613333
1.0210176124166828	0.04029276666666666	2.4950348354133336
1.022762941668677	0.05230708333333334	2.484720768213333
1.0245082709206712	0.053673069999999996	2.47370859962
1.0262536001726654	0.041742016666666666	2.466303104323333
1.02799892942466	0.036004296666666664	2.474732957513333
1.0297442586766543	0.03642098333333333	2.48110704924
1.0314895879286488	0.043980019999999995	2.4731944849166663
1.0332349171806432	0.06135321333333333	2.4576816002766666
1.0349802464326374	0.07289303333333333	2.4390692142566666
1.0367255756846316	0.06412731666666666	2.42258673595
1.0384709049366259	0.054919496666666665	2.43121041531
1.0402162341886205	0.051541696666666664	2.4567229353033335
1.041961563440615	0.048956466666666656	2.4730234752599998
1.043706892692609	0.05247072	2.46934878291
1.0454522219446034	0.060748079999999996	2.44688387466
1.0471975511965979	0.05799843333333333	2.40988985469
1.048942880448592	0.056478879999999995	2.390712793053333
1.0506882097005863	0.06336707	2.40479732201
1.0524335389525805	0.06440942999999999	2.4323346753766666
1.0541788682045747	0.05601862	2.449667177403333
1.0559241974565694	0.04972489	2.4485727512433333
1.0576695267085636	0.039365496666666666	2.42026803315
1.059414855960558	0.031627506666666666	2.384539713173333
1.0611601852125523	0.036959716	2.37026969318
1.0629055144645467	0.045052272333333324	2.3804955879599996
1.064650843716541	0.04374692	2.3982665694433334
1.0663961729685352	0.04256706	2.41381581323
1.0681415022205298	0.038027134	2.4075146375533327
1.069886831472524	0.02846623433333333	2.3768036597933335
1.0716321607245185	0.022839461666666665	2.3454518316366664
1.0733774899765127	0.02184330433333333	2.3344615355466662
1.0751228192285072	0.016734923999999998	2.3422612342566667
1.0768681484805014	0.016210306333333334	2.3653961559433334
1.0786134777324956	0.01996284533333333	2.38115438604
1.0803588069844898	0.02165711033333333	2.3677452566499997
1.082104136236484	0.022648098999999998	2.3328443204866667
1.0838494654884787	0.024130574333333335	2.30224063972
1.085594794740473	0.01755648893333333	2.288678807126667
1.0873401239924672	0.010878084333333333	2.30317662359
1.0890854532444616	0.009851858666666666	2.331912899983333
1.0908307824964558	0.012293638333333332	2.3426060459266664
1.0925761117484503	0.01841533	2.3224137460266667
1.0943214410004445	0.028740909999999998	2.2875990641666664
1.0960667702524387	0.030931423333333333	2.2538415750666663
1.0978120995044334	0.02737635733333333	2.2458963647833334
1.0995574287564276	0.025032923666666665	2.2699398931633334
1.101302758008422	0.024663937666666667	2.2980968349199995
1.1030480872604165	0.0284954041	2.303185723826666
1.1047934165124107	0.041496698666666665	2.2862703767999997
1.106538745764405	0.05103714699999999	2.251828125496667
1.1082840750163991	0.05301890299999999	2.2229729325066665
1.1100294042683934	0.05229885599999999	2.2234716792700002
1.111774733520388	0.04979419366666667	2.2440153577433333
1.1135200627723822	0.04810850166666667	2.259528860766667
1.1152653920243765	0.05845496866666666	2.2644077704833334
1.117010721276371	0.07207409966666667	2.2496838312233334
1.1187560505283651	0.07934606999999999	2.2220003712133334
1.1205013797803596	0.08141325666666667	2.2069471387566666
1.1222467090323538	0.07813194333333334	2.212324488923333
1.123992038284348	0.06969774333333334	2.2240170551833334
1.1257373675363422	0.07150350333333333	2.23933877218
1.127482696788337	0.08137285333333333	2.24341892513
1.1292280260403311	0.08746189	2.22540303592
1.1309733552923256	0.08864393333333333	2.2018815557099995
1.13271868454432	0.08548735333333332	2.189365289643333
1.1344640137963142	0.07467477	2.18558689781
1.1362093430483085	0.07159114333333333	2.1982595611799995
1.1379546723003031	0.07935321333333331	2.2171557807266664
1.139700001552297	0.08404745	2.2191273835733334
1.1414453308042918	0.08130304333333332	2.2051623952333332
1.143190660056286	0.07421661666666667	2.1882254701566666
1.14493598930828	0.05798729666666667	2.1683679332466665
1.1466813185602747	0.046477736666666665	2.1619553339
1.1484266478122689	0.049248443333333336	2.1727317667533335
1.150171977064263	0.05437899333333333	2.1789449358599997
1.1519173063162573	0.054310096666666655	2.17353675645
1.1536626355682515	0.053228623333333336	2.1660576847299997
1.1554079648202462	0.04327085333333333	2.1516490494033333
1.1571532940722404	0.030123736666666668	2.142354848786667
1.1588986233242349	0.024800056	2.148395753683333
1.160643952576229	0.021877709333333335	2.1521055464433334
1.1623892818282235	0.01660412333333333	2.1434891075299998
1.1641346110802178	0.017183511	2.13400092917
1.165879940332212	0.016997711666666665	2.11935774013
1.1676252695842066	0.014428337666666666	2.1074683476866665
1.1693705988362009	0.015103801666666666	2.1123518329466666
1.171115928088195	0.014014900333333333	2.1206975353099997
1.1728612573401895	0.007173620666666667	2.1184159437233334
1.1746065865921838	0.004680468	2.11415411514
1.1763519158441782	0.003603647	2.101563942203333
1.1780972450961724	0.004877086333333332	2.0846983766066667
1.1798425743481666	0.014308933999999999	2.0825063605
1.1815879036001609	0.022430417999999997	2.08875918048
1.183333232852155	0.0206912813	2.08891015775
1.18507856210415	0.019456248666666665	2.0909827314766662
1.186823891356144	0.016033682	2.0850976258666667
1.1885692206081382	0.013287410333333333	2.06721977603
1.1903145498601329	0.024220177666666665	2.0593808401133336
1.192059879112127	0.03856947633333333	2.063410961713333
1.1938052083641213	0.04115708633333333	2.065603411783333
1.1955505376161155	0.04561390366666666	2.0776574101999996
1.1972958668681097	0.049174335333333326	2.087960121876667
1.1990411961201044	0.044153951000000004	2.0747178884533333
1.2007865253720988	0.046569046666666655	2.0548009277066663
1.2025318546240933	0.05568423	2.0430525417366665
1.2042771838760875	0.05342714	2.03288096991
1.2060225131280817	0.05724397333333334	2.04570144113
1.207767842380076	0.07130594333333332	2.0791066180133333
1.2095131716320702	0.07276283333333333	2.0915464751966666
1.2112585008840648	0.06917209666666665	2.0781370173
1.213003830136059	0.07456979999999999	2.0593984076666665
1.2147491593880533	0.07152785333333334	2.03310328497
1.2164944886400477	0.07005090333333333	2.0242916536699997
1.218239817892042	0.08371862666666666	2.05252352625
1.2199851471440364	0.08646340333333333	2.079840168263333
1.2217304763960306	0.07369662666666667	2.0814773899266665
1.2234758056480248	0.07393661999999998	2.0748265423266665
1.225221134900019	0.07804130666666667	2.05404049349
1.2269664641520137	0.07750699666666666	2.0279340538266664
1.228711793404008	0.08625459999999999	2.0300699323033333
1.2304571226560024	0.08931257	2.0498112822999994
1.2322024519079966	0.07205902333333332	2.060051842123333
1.233947781159991	0.06456021999999999	2.071704754453333
1.2356931104119853	0.07113927333333334	2.0737729751466665
1.23743843966398	0.07007414000000001	2.04802272241
1.2391837689159741	0.06777018666666668	2.0211716428466664
1.240929098167968	0.06877475	2.0143501137866666
1.2426744274199628	0.05765279333333333	2.017199202433333
1.244419756671957	0.04911736333333333	2.0380843012466663
1.2461650859239515	0.05437566666666666	2.06718228064
1.2479104151759457	0.053436010000000006	2.067020589156667
1.24965574442794	0.043254976	2.0386304852366663
1.2514010736799341	0.03979920866666666	2.011983525783333
1.2531464029319284	0.035345878	1.9942610831133332
1.254891732183923	0.028273924566666667	1.9980001468766666
1.2566370614359172	0.028143678999999998	2.0265007034999996
1.2583823906879115	0.02765032433333333	2.0474790107266667
1.260127719939906	0.019919654996666668	2.0406364660066667
1.2618730491919004	0.0167887128	2.02076038244
1.2636183784438946	0.0163884349	1.99595031285
1.2653637076958888	0.012417241333333332	1.9803386919333335
1.267109036947883	0.009610397333333333	1.9911528839300001
1.2688543661998777	0.00917932	2.0150322190633334
1.270599695451872	0.006468789333333333	2.0271918165233336
1.2723450247038663	0.005817954	2.0241654372899998
1.2740903539558606	0.005704107666666666	2.002495353713333
1.2758356832078548	0.0043215756666666666	1.97176172951
1.2775810124598492	0.005391941433333333	1.9583407005133333
1.2793263417118435	0.0079483227	1.96859872552
1.2810716709638381	0.008036598199999998	1.9873316167066666
1.282817000215832	0.010732033999999998	2.0059907095666665
1.2845623294678261	0.013422607533333334	2.0069955780766664
1.286307658719821	0.014253449833333334	1.9816606581433334
1.288052987971815	0.019061081666666667	1.95137433632
1.2897983172238097	0.024301044666666667	1.9350718247766667
1.2915436464758039	0.022421470000000002	1.9330760977766668
1.293288975727798	0.024591329999999998	1.9504461105466666
1.2950343049797923	0.03228987666666666	1.9720043592066667
1.296779634231787	0.035644876666666665	1.9691098989866664
1.2985249634837812	0.03949843333333333	1.9444275388533332
1.3002702927357757	0.047476859999999996	1.9184560043266665
1.3020156219877699	0.048190529999999995	1.8984034194999997
1.3037609512397643	0.04885893	1.9000602090366665
1.3055062804917585	0.05632574666666666	1.92421846491
1.3072516097437528	0.05661814999999999	1.9383354085299997
1.308996938995747	0.05043342666666667	1.9261771147966666
1.3107422682477412	0.05457814666666667	1.9029379249033331
1.3124875974997359	0.06184293999999999	1.8748460061766665
1.31423292675173	0.06595530333333333	1.8555017536999998
1.3159782560037245	0.07219634	1.8629746549833333
1.3177235852557188	0.07103467666666666	1.8830811911866665
1.319468914507713	0.057360096666666666	1.8925787649899999
1.3212142437597074	0.05121758999999999	1.8933203042033333
1.3229595730117016	0.05538708666666667	1.8804587181066668
1.3247049022636959	0.05831859666666667	1.8515160167666664
1.3264502315156905	0.06169996999999999	1.82879866368
1.3281955607676847	0.06380069333333334	1.8267293194566667
1.3299408900196792	0.055529513333333336	1.83755744509
1.3316862192716734	0.04725387	1.8597008543533333
1.3334315485236676	0.04586022666666667	1.8799907890066667
1.3351768777756619	0.043679626666666665	1.8752002679999997
1.336922207027656	0.04113725	1.8486055322333332
1.338667536279651	0.04175362666666667	1.8218799088366666
1.3404128655316452	0.037664373333333334	1.8054910178833332
1.3421581947836396	0.031568516666666664	1.8109167519466665
1.3439035240356338	0.030008056999999994	1.8374253461533332
1.345648853287628	0.028993718666666668	1.8600050574033333
1.3473941825396225	0.027341871999999996	1.8607712827033334
1.3491395117916167	0.029453467666666667	1.8454461989733333
1.350884841043611	0.028826853666666666	1.8218132015866666
1.3526301702956052	0.023562341	1.8056854430433333
1.3543754995475994	0.019655602666666664	1.8131333730199999
1.356120828799594	0.016878981333333334	1.83567184912
1.3578661580515883	0.014089847666666665	1.85145149284
1.3596114873035827	0.01788157533333333	1.8520587812266665
1.361356816555577	0.02449203333333333	1.8335765236566666
1.3631021458075712	0.025728333333333332	1.802682091593333
1.3648474750595656	0.023163496666666665	1.782731207123333
1.3665928043115598	0.02041082	1.78873851533
1.3683381335635545	0.016331748333333333	1.8111457061433334
1.3700834628155487	0.01668908	1.8357229574999998
1.371828792067543	0.023209043333333332	1.8459296260500002
1.3735741213195374	0.02734759333333333	1.8287609462966667
1.3753194505715316	0.025918049999999998	1.7942826518366666
1.377064779823526	0.025886196666666667	1.76912823276
1.3788101090755203	0.026900343	1.7645067395566667
1.3805554383275145	0.027100711666666666	1.7769738679833333
1.3823007675795091	0.029181243333333332	1.7958554535133333
1.384046096831503	0.031342629999999996	1.8040484924866667
1.3857914260834978	0.02864681333333333	1.7920169975933335
1.387536755335492	0.026903219666666665	1.77223715475
1.3892820845874863	0.029495746666666663	1.7583759413066666
1.3910274138394805	0.031171495666666667	1.7537380219399998
1.3927727430914747	0.03147981333333333	1.7582362898833335
1.3945180723434691	0.03464345	1.7676421692766664
1.3962634015954638	0.035892639999999996	1.7697956558366665
1.398008730847458	0.03308123666666666	1.7615791697233334
1.3997540600994525	0.03046472	1.7495903353099997
1.4014993893514467	0.02829660666666666	1.7390590519133333
1.4032447186034411	0.025595331	1.733786213323333
1.4049900478554354	0.027947334666666664	1.7386301020566663
1.4067353771074296	0.03366139333333333	1.7479914358
1.4084807063594238	0.03531197333333333	1.75216442275
1.410226035611418	0.03268326333333333	1.7489735885066664
1.4119713648634127	0.030076063333333333	1.7417468631066666
1.413716694115407	0.027255585666666665	1.7329590442999998
1.4154620233674011	0.026371707666666664	1.7284463951133333
1.4172073526193956	0.029033614333333332	1.7308747595433331
1.4189526818713898	0.03157853033333333	1.736127864413333
1.420698011123384	0.031117166	1.73974187248
1.4224433403753782	0.030879810666666663	1.7418957694166664
1.4241886696273727	0.03130544033333333	1.741222790703333
1.4259339988793673	0.030980297666666663	1.73792981229
1.4276793281313616	0.031029987	1.7354086812433334
1.429424657383356	0.032685585333333336	1.7356166464366667
1.4311699866353502	0.033401784233333336	1.7362368987699999
1.4329153158873444	0.0334208179	1.7369578778
1.4346606451393389	0.034165676666666665	1.736793124703333
1.436405974391333	0.034606629666666666	1.7336621661666665
1.4381513036433278	0.034225168	1.7293157718633334
1.439896632895322	0.035910732	1.72904861524
1.4416419621473162	0.038267693666666665	1.7322639756666667
1.4433872913993107	0.038424474	1.7358659001999999
1.4451326206513049	0.03737462633333333	1.737465139063333
1.446877949903299	0.03674703233333333	1.73370581818
1.4486232791552933	0.035742149	1.72366796644
1.4503686084072875	0.036583664	1.7145276091566668
1.452113937659282	0.03942394233333333	1.7108797676433332
1.4538592669112762	0.04035560566666666	1.7112155797633335
1.4556045961632709	0.03838484	1.7137098507066666
1.457349925415265	0.036685583333333334	1.7156683239900001
1.4590952546672595	0.035309578999999994	1.7116308502366666
1.460840583919254	0.034434005	1.7028626494533334
1.4625859131712482	0.03510144633333333	1.69446460252
1.4643312424232424	0.03621786466666666	1.6884312801833332
1.4660765716752366	0.035791286666666665	1.6857895804933332
1.4678219009272309	0.03463053333333333	1.6870721457199997
1.4695672301792255	0.03296250666666667	1.6867639341166667
1.4713125594312197	0.03076752333333333	1.6811607568733333
1.4730578886832142	0.028610126666666666	1.6725542889833334
1.4748032179352084	0.02776151666666667	1.6645736929833332
1.4765485471872026	0.027927546666666667	1.6604092895233333
1.478293876439197	0.02726952	1.6624107336233334
1.480039205691191	0.024782483333333334	1.66616370782
1.481784534943186	0.023311943333333335	1.6660224068333334
1.4835298641951802	0.02356562333333333	1.6603758892666667
1.4852751934471744	0.02334731333333333	1.6498592867066666
1.4870205226991688	0.022796046666666667	1.63877902354
1.488765851951163	0.022571389999999997	1.6356675576066666
1.4905111812031575	0.020118470666666666	1.6418123754333331
1.4922565104551517	0.01742214233333333	1.65179809759
1.494001839707146	0.017767151	1.6605956157100001
1.4957471689591406	0.017581481333333333	1.6615083889933333
1.4974924982111348	0.015268594	1.6503022819066668
1.4992378274631293	0.017112260666666664	1.6363161553700003
1.5009831567151235	0.022062345666666667	1.62955472714
1.5027284859671177	0.023351133666666666	1.62999865953
1.504473815219112	0.022677987666666666	1.6384601657866666
1.5062191444711062	0.022998594	1.6543874195966666
1.5079644737231006	0.020693378666666665	1.66446965656
1.5097098029750948	0.019073191999999996	1.6607883071233334
1.511455132227089	0.023028452999999997	1.6497544406833333
1.5132004614790837	0.025304718000000004	1.63577099959
1.514945790731078	0.023411223666666665	1.62613863307
1.5166911199830724	0.028406463333333333	1.6372018523566665
1.5184364492350666	0.038359908666666664	1.6635952982466666
1.520181778487061	0.04123362999999999	1.67856848397
1.5219271077390553	0.03990529333333333	1.6725773195466664
1.5236724369910495	0.038878609999999994	1.6517486576133333
1.5254177662430441	0.03342103	1.6221339783533333
1.5271630954950384	0.032001136666666666	1.6057796659166668
1.5289084247470326	0.04276550333333333	1.6215158572066664
1.530653753999027	0.05098688333333333	1.651383248693333
1.5323990832510213	0.051047390000000005	1.6721756703833333
1.5341444125030157	0.05667029999999999	1.6810268170966665
1.53588974175501	0.06274542666666666	1.6680051769233333
1.537635071007004	0.05849544333333333	1.6302639341833332
1.5393804002589988	0.05520911666666667	1.5975424709733332
1.541125729510993	0.05628069	1.5906150194699997
1.5428710587629875	0.053487973333333334	1.6022975592766664
1.5446163880149817	0.05795216999999998	1.6296754063966665
1.546361717266976	0.07235787333333332	1.6592878237133333
1.5481070465189704	0.07473004666666666	1.658907636853333
1.5498523757709646	0.06601363	1.6302021788333332
1.5515977050229588	0.06580507999999999	1.6053249210399998
1.553343034274953	0.06873794333333333	1.59264136776
1.5550883635269477	0.06797073	1.5908308337966668
1.556833692778942	0.07212539666666665	1.6069606504933334
1.5585790220309363	0.07328604	1.6258050942033333
1.5603243512829306	0.06315434666666667	1.6280978732933333
1.5620696805349248	0.05959654666666667	1.6248978652366666
1.563815009786919	0.06686850999999999	1.6210032536733332
1.5655603390389135	0.06704466666666666	1.6042265905633333
1.5673056682909077	0.06359323333333333	1.5885398951133332
1.5690509975429023	0.06798896333333332	1.59547420747
1.5707963267948966	0.06960647666666667	1.6156400959700001
1.5725416560468908	0.06441299333333333	1.6370360008899998
1.5742869852988854	0.06186000666666667	1.6554274889133334
1.5760323145508797	0.05620483666666666	1.6513026453133333
1.5777776438028739	0.04520133666666666	1.6203052807566665
1.579522973054868	0.04606444999999999	1.5929728781966666
1.5812683023068623	0.057566000000000006	1.5861861612366666
1.583013631558857	0.060100183333333335	1.593120904743333
1.5847589608108512	0.055751453333333326	1.6161301820366667
1.5865042900628454	0.053942973333333324	1.6484297631899998
1.5882496193148399	0.04873332666666667	1.6631915102366668
1.589994948566834	0.04310081333333333	1.6544858184333333
1.5917402778188283	0.04587412666666666	1.6357677884066668
1.5934856070708228	0.04658093333333333	1.610023871773333
1.5952309363228174	0.04025752333333333	1.589140174143333
1.5969762655748112	0.040227023333333334	1.5933160256066667
1.5987215948268054	0.04413001	1.6113397893766666
1.6004669240788003	0.04011165666666666	1.61847562188
1.6022122533307945	0.03595513	1.6148597377233334
1.603957582582789	0.037640176666666664	1.6057132105133332
1.6057029118347832	0.03772176666666667	1.5926440189233333
1.6074482410867772	0.038474453333333325	1.5905640222866666
1.6091935703387716	0.04218462333333334	1.6038362061
1.6109388995907659	0.03784193333333333	1.61287523749
1.6126842288427607	0.027273167	1.6104317237566665
1.614429558094755	0.023924747666666666	1.60348798274
1.6161748873467492	0.025949716666666667	1.5892335581499997
1.6179202165987434	0.026930774666666664	1.5701195275500002
1.6196655458507376	0.029683686	1.5603157741199998
1.621410875102732	0.031400427999999994	1.5614095772033334
1.6231562043547263	0.02795684	1.5693215245999999
1.624901533606721	0.025114476666666666	1.5866405122133334
1.6266468628587152	0.02512813333333333	1.605487964
1.6283921921107094	0.023490586666666664	1.6114277314766667
1.630137521362704	0.02220273333333333	1.6057312247566666
1.6318828506146983	0.023271089999999998	1.5946286747333334
1.6336281798666925	0.022879261666666668	1.5800631512133334
1.6353735091186867	0.020812601666666666	1.5701623568133334
1.637118838370681	0.01966166033333333	1.5708949140699997
1.6388641676226756	0.018138059999999998	1.5755934465199997
1.6406094968746698	0.017420539666666665	1.5810642514666666
1.642354826126664	0.020074260333333333	1.5892013264533331
1.6441001553786583	0.02369387333333333	1.5954905051066666
1.6458454846306525	0.025981726666666666	1.5977063870866666
1.647590813882647	0.027954192666666662	1.6003626735899998
1.6493361431346412	0.027343425000000005	1.6005935180899997
1.6510814723866354	0.023570292333333333	1.59482830849
1.6528268016386303	0.021473902999999996	1.5881824530933333
1.654572130890624	0.021990887	1.58137792666
1.6563174601426187	0.021553119	1.5702720905966665
1.6580627893946132	0.022236917	1.5614699137233334
1.6598081186466074	0.025676761666666666	1.5611128776966665
1.6615534478986018	0.028603527666666663	1.5649071122099998
1.663298777150596	0.03129371733333333	1.5712085358699999
1.6650441064025903	0.03518538533333333	1.5796443924833332
1.6667894356545845	0.03483761233333334	1.5808198102133333
1.6685347649065787	0.030130142	1.5736668910400002
1.6702800941585736	0.02831823533333333	1.5683298803366665
1.6720254234105678	0.029062651333333335	1.564451461773333
1.673770752662562	0.027707289333333333	1.5556257289366666
1.6755160819145563	0.027500973333333335	1.54636751354
1.6772614111665505	0.029258116666666667	1.538767774403333
1.679006740418545	0.029485368	1.530387439183333
1.6807520696705391	0.030750313333333334	1.5280662373166667
1.6824973989225334	0.03464908933333333	1.5360680785
1.684242728174528	0.034630720999999996	1.54474418039
1.6859880574265222	0.03119604233333333	1.5511583594399998
1.6877333866785167	0.03052564	1.558642478773333
1.6894787159305111	0.03060727333333333	1.5597573825
1.6912240451825054	0.027832306666666667	1.5484875330566665
1.6929693744344996	0.025910993333333333	1.5332273523933333
1.6947147036864938	0.025044416666666666	1.5198443610333332
1.6964600329384885	0.023497963333333333	1.5111539253066664
1.6982053621904827	0.024762076666666664	1.5149131760333332
1.6999506914424771	0.02922950533333333	1.5296474926666666
1.7016960206944713	0.030705321333333334	1.54114625034
1.7034413499464653	0.02954138133333333	1.5452215187533334
1.7051866791984598	0.02917479233333333	1.54533461809
1.706932008450454	0.02771745366666667	1.5398121522
1.708677337702449	0.024419650999999994	1.5308668095033333
1.7104226669544431	0.023003305333333335	1.5274312397833332
1.7121679962064373	0.022608282999999996	1.52936819604
1.7139133254584316	0.022380037999999998	1.5331730349733332
1.7156586547104258	0.024756096	1.5392788299466666
1.7174039839624204	0.028136464333333333	1.5425448766066667
1.7191493132144147	0.028212638333333335	1.5355839836566665
1.7208946424664089	0.027008890999999997	1.52451386116
1.722639971718403	0.025821673666666663	1.5184879169833334
1.7243853009703973	0.023635380666666667	1.5202386738566667
1.726130630222392	0.0229258128	1.5315966005866666
1.7278759594743864	0.02477896003333333	1.5491884486366667
1.7296212887263807	0.0244164227	1.5588570362133334
1.7313666179783749	0.022581725599999998	1.55378989826
1.733111947230369	0.022535738466666667	1.5386264788866666
1.7348572764823635	0.022377012423333332	1.5185882405433333
1.7366026057343578	0.02163277753333333	1.5016937923299998
1.738347934986352	0.02312455063333333	1.4996763975366667
1.7400932642383462	0.022857267999999993	1.5112188070166668
1.7418385934903404	0.019460749433333334	1.52664645789
1.7435839227423353	0.019117905966666664	1.54031384386
1.7453292519943295	0.021719248666666666	1.54488802971
1.7470745812463238	0.020762008	1.5323844447133332
1.7488199104983182	0.01921082333333333	1.5118284238866668
1.7505652397503124	0.020654535666666668	1.4982646590966668
1.7523105690023066	0.021328886999999998	1.4951465258566667
1.7540558982543013	0.020905950999999996	1.5010816632833333
1.7558012275062955	0.022882582666666665	1.5145313356733334
1.75754655675829	0.022558267333333333	1.52361750503
1.7592918860102842	0.019226699333333333	1.5206058244599998
1.7610372152622784	0.021488600666666666	1.5130664102133333
1.7627825445142726	0.02864483	1.5062000317133333
1.7645278737662669	0.029788669999999996	1.4968159001666665
1.7662732030182617	0.027422469999999994	1.4930521785766664
1.768018532270256	0.029198416666666664	1.5031483022066667
1.7697638615222502	0.03128125	1.5173442798499999
1.7715091907742444	0.03102725	1.5241102138733331
1.7732545200262386	0.03425189666666667	1.5239041623733334
1.7749998492782333	0.037136619999999995	1.5143087853433332
1.7767451785302275	0.03585205333333333	1.4982598469066666
1.7784905077822217	0.038997403333333326	1.4922685746266666
1.780235837034216	0.046720123333333335	1.5011378907433333
1.7819811662862102	0.045990076666666664	1.5098066410633333
1.7837264955382048	0.04117212666666666	1.5145382887533334
1.785471824790199	0.0446028	1.5191841791333334
1.7872171540421935	0.05095086	1.5154901787133332
1.7889624832941877	0.05249314	1.4995450916633333
1.790707812546182	0.05414749333333333	1.4846911813766666
1.7924531417981764	0.054140666666666656	1.4774499564766668
1.7941984710501706	0.049257773333333324	1.4774664017766663
1.7959438003021653	0.04808415	1.4892787753433332
1.7976891295541597	0.053780386666666666	1.5080272097133334
1.7994344588061533	0.05583044333333333	1.5151603367900002
1.8011797880581482	0.055200599999999996	1.5079504738466665
1.8029251173101424	0.060349813333333335	1.4975556124733331
1.8046704465621368	0.06561518666666666	1.4857830185899998
1.806415775814131	0.061307459999999994	1.4715047180766665
1.8081611050661253	0.053876466666666664	1.4662245803799998
1.8099064343181195	0.05049342333333332	1.4751703413000001
1.8116517635701137	0.04935634333333333	1.4895169254266665
1.8133970928221086	0.05094882666666667	1.5018172639099998
1.8151424220741028	0.057467766666666656	1.5089719789566667
1.816887751326097	0.060745666666666656	1.5037812384566664
1.8186330805780913	0.05774641	1.4903604915666666
1.8203784098300855	0.05700554	1.4844003615699999
1.82212373908208	0.05880385333333333	1.4889630540966667
1.8238690683340746	0.05407935	1.4926126655333332
1.8256143975860688	0.04835363666666666	1.49406595329
1.827359726838063	0.050279550000000006	1.495617131803333
1.8291050560900572	0.054221506666666655	1.4916505304299998
1.830850385342052	0.05423322333333333	1.4813238036799998
1.8325957145940461	0.0540244	1.4741493517966666
1.8343410438460404	0.051878093333333326	1.4720957740066667
1.8360863730980346	0.046858453333333334	1.4734258779466665
1.8378317023500288	0.045747819999999995	1.4801011242833333
1.8395770316020235	0.04974790333333332	1.4890553825733335
1.8413223608540177	0.05091420666666666	1.4907811070266663
1.843067690106012	0.049999056666666666	1.4866269725966668
1.8448130193580063	0.05141628999999999	1.4830976259999997
1.8465583486100006	0.051703153333333335	1.47898032122
1.8483036778619948	0.04597817	1.4704346994466664
1.850049007113989	0.03907605	1.4626670202166665
1.8517943363659835	0.035975516666666665	1.4605817500599998
1.8535396656179781	0.036067123333333326	1.463228712296667
1.8552849948699723	0.037316376666666665	1.4681875107533333
1.8570303241219668	0.04011295666666666	1.4752866274066667
1.858775653373961	0.04112428	1.4807620224833333
1.8605209826259552	0.03834849666666666	1.4830143023933333
1.8622663118779497	0.035045466666666664	1.4853398497099999
1.8640116411299439	0.03319788666666666	1.4885985876299999
1.865756970381938	0.028742396999999996	1.4867629442933332
1.8675022996339323	0.023937684	1.4799878211833333
1.8692476288859265	0.023782696666666665	1.4727867562433332
1.8709929581379214	0.02551926666666667	1.46538393037
1.8727382873899157	0.023751213333333333	1.4571783632733333
1.8744836166419099	0.02129983	1.4547928426866665
1.876228945893904	0.019872789666666668	1.4605427082666664
1.8779742751458983	0.01830606933333333	1.4696676778033333
1.8797196043978928	0.017135884666666663	1.476839688993333
1.881464933649887	0.0175875299	1.4791275843533331
1.8832102629018816	0.017006130666666668	1.4730596683833332
1.8849555921538759	0.015614334	1.4618504518866668
1.88670092140587	0.015009402	1.4525636295566664
1.8884462506578648	0.014866154333333334	1.4488720771499999
1.890191579909859	0.013051889	1.4491471136566667
1.8919369091618532	0.011030226666666667	1.4536336079266665
1.8936822384138474	0.010421271800000001	1.4611877061466667
1.8954275676658416	0.011063788933333332	1.4679147707899998
1.8971728969178363	0.010687096	1.4697206454866667
1.8989182261698305	0.010211142696666667	1.468361873953333
1.900663555421825	0.010859718936666665	1.46692160969
1.9024088846738192	0.012161764566666667	1.4681344746366665
1.9041542139258134	0.012228777599999999	1.4730381179666667
1.9058995431778076	0.012212866666666666	1.4817049494566668
1.9076448724298019	0.012424447333333333	1.4897627217433334
1.9093902016817967	0.012574902666666665	1.4928691921666666
1.911135530933791	0.012053448666666664	1.4886167083933333
1.9128808601857852	0.011799608333333333	1.47897653102
1.9146261894377794	0.011505611666666667	1.46826464536
1.9163715186897738	0.011652112666666666	1.4629936402633332
1.9181168479417683	0.012339981333333333	1.4659206435133334
1.9198621771937625	0.014025974	1.4755986383566664
1.9216075064457567	0.015090896666666666	1.4857565479566666
1.923352835697751	0.015479793333333334	1.49070771418
1.9250981649497452	0.016317291333333334	1.4875291647233333
1.92684349420174	0.018018212333333332	1.4776020560699998
1.9285888234537343	0.017513552333333335	1.4626224533833334
1.9303341527057285	0.015906431	1.44835288238
1.9320794819577227	0.01655779166666667	1.4416448627233331
1.933824811209717	0.01883488233333333	1.4445476457666664
1.9355701404617114	0.018442445666666668	1.4525776616699997
1.9373154697137056	0.017546614000000002	1.4644444757066666
1.9390607989656998	0.018767554666666665	1.4780858299733333
1.9408061282176947	0.020328486666666666	1.4873336713566667
1.9425514574696887	0.020359223333333332	1.4874149089366668
1.9442967867216832	0.02125206233333333	1.4818591099433331
1.9460421159736774	0.021243669666666666	1.4737912015733334
1.9477874452256718	0.019490443333333333	1.4675342353033332
1.949532774477666	0.019766086666666665	1.4696048948066665
1.9512781037296603	0.02261719333333333	1.4805278128566663
1.953023432981655	0.021343666666666667	1.4903542330066666
1.9547687622336491	0.018115636999999997	1.496152298093333
1.9565140914856434	0.019418619999999998	1.5009780986733334
1.9582594207376378	0.02235226	1.5020685313466666
1.960004749989632	0.020585553333333333	1.4951410656366666
1.9617500792416263	0.018593699666666665	1.4874115923833333
1.9634954084936205	0.01916583	1.483945591043333
1.9652407377456147	0.019473253333333333	1.48232450268
1.9669860669976096	0.019420866666666665	1.4815284262
1.9687313962496038	0.021232809999999998	1.4832611034899998
1.970476725501598	0.020656383333333334	1.4824489004833332
1.9722220547535922	0.01788426	1.4781988919266666
1.9739673840055865	0.018208049999999996	1.4754856519833333
1.9757127132575811	0.02087740333333333	1.4736484825766667
1.9774580425095754	0.019178223333333334	1.4665131896533332
1.9792033717615696	0.016634133333333332	1.4601142035833334
1.9809487010135638	0.01923045333333333	1.46303409097
1.982694030265558	0.02352741	1.4722817326733333
1.9844393595175527	0.023387223333333332	1.48052666306
1.9861846887695471	0.022467263333333334	1.4886987784066665
1.9879300180215413	0.02235591333333333	1.4941650646266667
1.9896753472735356	0.020852173333333335	1.4925441246499997
1.9914206765255298	0.020043193333333334	1.4868661043499998
1.9931660057775242	0.022742926666666663	1.4817449125166666
1.9949113350295185	0.023042276666666667	1.47383401031
1.9966566642815133	0.02135202	1.46774065213
1.9984019935335076	0.02357032666666667	1.4722348795166664
2.0001473227855016	0.02642012333333333	1.4834060413666665
2.0018926520374962	0.022735546666666665	1.4907883520633334
2.0036379812894904	0.01841987566666667	1.4956256764466667
2.0053833105414847	0.018005715999999998	1.4973039621133335
2.0071286397934793	0.018384226666666663	1.4902074729966668
2.0088739690454736	0.018666302333333332	1.47608726247
2.0106192982974678	0.02077603	1.4627983547366665
2.012364627549462	0.020302138333333334	1.4511573707566665
2.014109956801456	0.01743267533333333	1.4450850222033331
2.0158552860534504	0.016560507666666665	1.44933671678
2.0176006153054447	0.017103947666666664	1.4575029849566665
2.019345944557439	0.014690096	1.4577690061033333
2.021091273809433	0.012757205666666667	1.4524569258833333
2.022836603061428	0.014398148666666666	1.4477995983566665
2.0245819323134224	0.017067925666666664	1.4440282451699997
2.0263272615654166	0.017218181666666665	1.440681013
2.028072590817411	0.016979995666666664	1.4413732487366666
2.029817920069405	0.016228936	1.4428936929999998
2.0315632493213998	0.014255525666666666	1.4423594078666666
2.033308578573394	0.013099207666666668	1.44309182767
2.035053907825388	0.014676560333333333	1.4462872837499998
2.036799237077383	0.014763301	1.4451791374333331
2.0385445663293766	0.014226583000000001	1.4417659844333333
2.0402898955813713	0.016461723333333334	1.4417860063766668
2.0420352248333655	0.018519319666666666	1.4425021724366665
2.0437805540853597	0.015723305333333333	1.4405919245066667
2.045525883337354	0.012882571333333332	1.44389835528
2.047271212589348	0.01208991333333333	1.4530853324133333
2.0490165418413424	0.011896031000000001	1.4601858671233334
2.0507618710933366	0.013549199666666666	1.4607973108699999
2.052507200345331	0.017299656	1.4536113968699997
2.054252529597326	0.017029615666666664	1.4353085105166665
2.05599785884932	0.014138651333333332	1.4163456363166667
2.0577431881013144	0.013300823666666666	1.4114570730600002
2.0594885173533086	0.013235264333333333	1.4193039196966666
2.0612338466053033	0.011019065666666668	1.42751474311
2.0629791758572975	0.010719839666666665	1.4329114135666665
2.0647245051092917	0.012819366666666665	1.4331116533933335
2.0664698343612864	0.014797686666666667	1.4247284441599999
2.0682151636132806	0.015997626666666667	1.4115818490733334
2.069960492865275	0.01733921	1.4021452660733333
2.071705822117269	0.015676486666666666	1.3948194999233332
2.0734511513692633	0.01257108	1.3884440295866665
2.0751964806212575	0.012775465666666666	1.3870126798966667
2.0769418098732517	0.015994460000000002	1.3897513296999997
2.078687139125246	0.01631835	1.3897899374766667
2.080432468377241	0.01639460733333333	1.3919160748933335
2.0821777976292353	0.01982241	1.4006616648066665
2.08392312688123	0.022585286666666666	1.4068099804333332
2.0856684561332237	0.020931436666666667	1.4019313667333333
2.087413785385218	0.019868446666666664	1.3944644485166666
2.0891591146372126	0.01931346	1.390790582663333
2.090904443889207	0.01831754	1.3923301527333334
2.0926497731412015	0.021128286666666666	1.4017395948233333
2.0943951023931957	0.02717788	1.4141822468666665
2.0961404316451895	0.027077379999999998	1.41357293472
2.097885760897184	0.02386022	1.4003627525399998
2.0996310901491784	0.025439363333333333	1.3880806568333333
2.1013764194011726	0.027926780000000002	1.37962063233
2.103121748653167	0.02484848	1.37075297148
2.104867077905161	0.023128838	1.3693141137366667
2.1066124071571553	0.026340133333333335	1.3771955169833332
2.1083577364091495	0.029893226666666665	1.3833956353366665
2.1101030656611446	0.031787326666666664	1.38241934536
2.111848394913139	0.03450158	1.3807591482000001
2.113593724165133	0.0339678	1.3776321647833332
2.1153390534171272	0.030455376666666662	1.3719125504066665
2.1170843826691215	0.030862503333333333	1.3685099607233333
2.118829711921116	0.034938953333333335	1.3659043661299999
2.1205750411731104	0.033228273333333336	1.35474045288
2.1223203704251046	0.030531609999999994	1.3450186839999998
2.124065699677099	0.03634568333333333	1.352908729483333
2.1258110289290935	0.043726839999999996	1.3715111796666666
2.1275563581810877	0.041768056666666664	1.3836398474533331
2.129301687433082	0.038672816666666665	1.39176486085
2.131047016685076	0.04029007999999999	1.3983159109566667
2.1327923459370703	0.041062023333333336	1.396370762543333
2.1345376751890646	0.040599706666666666	1.3885677155
2.1362830044410597	0.04359791999999999	1.3860859623233335
2.138028333693054	0.043584939999999996	1.3854299535866663
2.139773662945048	0.0404842	1.3843062753233335
2.141518992197043	0.043286363333333334	1.3887229724
2.143264321449037	0.048849613333333326	1.393292981423333
2.1450096507010312	0.04506491333333333	1.384171836103333
2.1467549799530254	0.039832967999999996	1.3712460463733334
2.1485003092050197	0.044529399666666664	1.3696132154566665
2.1502456384570143	0.05120069666666666	1.3711931290366666
2.1519909677090086	0.049101766666666664	1.36359274995
2.1537362969610028	0.04661507666666667	1.35747419632
2.155481626212997	0.04894108666666667	1.3608292002866667
2.157226955464991	0.049810756666666664	1.3671298490233332
2.1589722847169854	0.047630026666666665	1.3733498353133333
2.1607176139689797	0.04794814666666666	1.38230030737
2.162462943220974	0.046794876666666665	1.384499936073333
2.164208272472968	0.04391857	1.37632207928
2.1659536017249623	0.047215719999999996	1.36797997153
2.1676989309769574	0.05414491333333333	1.3620888352933331
2.1694442602289516	0.05176192333333333	1.3512982048266666
2.171189589480946	0.04666944666666667	1.3480023092766666
2.17293491873294	0.05103623666666666	1.3654971662266666
2.1746802479849343	0.056764873333333334	1.3889895193933333
2.176425577236929	0.05215656999999999	1.3976503326066665
2.178170906488923	0.04761282333333333	1.3969676504266666
2.179916235740918	0.05035988333333333	1.3931613462133332
2.1816615649929116	0.052656046666666664	1.3805450693533334
2.183406894244906	0.050975566666666666	1.36119931617
2.1851522234969005	0.05130298666666667	1.3474853544166667
2.1868975527488947	0.05065155333333333	1.3395867462900002
2.188642882000889	0.04776488333333334	1.3374560164933333
2.190388211252883	0.048569549999999996	1.3469946902166665
2.1921335405048774	0.05188227666666667	1.36331512158
2.1938788697568716	0.04802209333333333	1.3706023728966668
2.1956241990088667	0.04263475666666667	1.3714076668933333
2.197369528260861	0.04524296999999999	1.3746614254599998
2.199114857512855	0.04951467	1.3732928421233332
2.20086018676485	0.0451809	1.3593594577866668
2.202605516016844	0.04035809666666666	1.3482638709966666
2.2043508452688383	0.04223154666666666	1.35256329913
2.206096174520833	0.044210360000000004	1.365195540083333
2.207841503772827	0.04040088	1.37638918413
2.2095868330248214	0.03759327333333333	1.3864002004366667
2.2113321622768156	0.03756485333333333	1.3891835695933334
2.21307749152881	0.03698971333333333	1.3794581041900003
2.214822820780804	0.036732173333333326	1.3632308006399998
2.2165681500327983	0.03903056666666666	1.3489017463599997
2.2183134792847925	0.038166149999999996	1.33609870472
2.2200588085367867	0.035623206666666664	1.33184930758
2.221804137788781	0.037746263333333335	1.3431887442833332
2.223549467040776	0.040920540000000005	1.3601594881966665
2.2252947962927703	0.036562519999999994	1.3669422084266665
2.2270401255447645	0.03185318999999999	1.3677568049733333
2.2287854547967587	0.03376145333333333	1.3690278858966665
2.230530784048753	0.036549689999999996	1.3655562385366666
2.2322761133007476	0.03435977	1.3543351687966665
2.234021442552742	0.032534306666666665	1.3452440429966668
2.235766771804736	0.03221271666666667	1.3425204091366665
2.2375121010567303	0.03035719333333333	1.34512472399
2.239257430308725	0.026199436666666666	1.3533233103999998
2.241002759560719	0.02292216	1.3667577648933333
2.2427480888127134	0.020062243333333334	1.3771825907633333
2.2444934180647076	0.01811065333333333	1.38042061787
2.246238747316702	0.017931716666666663	1.3769236363800001
2.247984076568696	0.019497883333333334	1.3673486524399998
2.2497294058206903	0.018955273333333335	1.3523928080733332
2.2514747350726845	0.017834846666666668	1.34268291293
2.2532200643246787	0.019083633333333332	1.3456377504433332
2.254965393576674	0.020660183333333332	1.3553283713233335
2.256710722828668	0.017825429999999996	1.36036676153
2.2584560520806622	0.015158496666666669	1.3601194450199998
2.260201381332657	0.015715516666666665	1.3551851201033334
2.261946710584651	0.01698122333333333	1.3456690351499998
2.2636920398366454	0.017038661	1.3353775111433333
2.26543736908864	0.01822751233333333	1.3307841826166666
2.2671826983406342	0.018434377	1.3306946943533333
2.2689280275926285	0.01730839333333333	1.3347442472866664
2.2706733568446227	0.015613040666666664	1.3435533669166668
2.272418686096617	0.014034727333333333	1.3561016460466666
2.274164015348611	0.012348034999999997	1.3686222870066667
2.2759093446006062	0.012444918	1.3800764144366666
2.2776546738525996	0.012611207333333334	1.3854216164233333
2.279400003104594	0.012704545666666666	1.3801220169333333
2.281145332356588	0.012571595	1.3642245795966663
2.2828906616085836	0.011874257666666665	1.3455491326266664
2.284635990860578	0.009664573333333332	1.3320507917766666
2.286381320112572	0.008003830333333333	1.3294990067599999
2.288126649364566	0.006287308333333333	1.3357265648699999
2.28987197861656	0.005150342	1.3453375788166666
2.291617307868555	0.004786386	1.3510776927933332
2.2933626371205493	0.005558561	1.350632980673333
2.2951079663725436	0.006580466	1.3457732598233332
2.2968532956245378	0.008697852999999998	1.3414762949599999
2.2985986248765315	0.010168797333333333	1.3385949755899997
2.300343954128526	0.011051450333333332	1.3373858679466668
2.3020892833805204	0.010779783666666667	1.3357250448700002
2.3038346126325147	0.009768058999999999	1.3331841737366665
2.305579941884509	0.008644352333333334	1.331409251413333
2.307325271136503	0.008931135	1.33447266437
2.309070600388498	0.008128084	1.3406650377233333
2.3108159296404924	0.00731132	1.3472148183266666
2.3125612588924866	0.007858191666666667	1.3499213605966667
2.314306588144481	0.008260629666666667	1.3458312875566665
2.316051917396475	0.005907960666666667	1.3350793616966667
2.3177972466484698	0.004379169333333333	1.325817669663333
2.319542575900464	0.0046886409999999995	1.3234669717966665
2.321287905152458	0.005742443666666666	1.3282715415966666
2.3230332344044524	0.006019497066666666	1.3353126788399998
2.324778563656447	0.006885762166666667	1.3410202054366664
2.3265238929084413	0.008157471699999998	1.3422745422599998
2.3282692221604355	0.009860490999999999	1.3399188822633334
2.3300145514124297	0.010137126666666666	1.335118708053333
2.331759880664424	0.010287617333333332	1.3311443580899998
2.333505209916418	0.010443895666666664	1.3278918386833332
2.3352505391684133	0.010080578333333333	1.3244136214433333
2.3369958684204075	0.008758097	1.32028946827
2.3387411976724017	0.008617750233333334	1.3188707253733332
2.340486526924396	0.007889044933333332	1.3206797560899999
2.34223185617639	0.007506184999999999	1.32727207175
2.343977185428385	0.009445438666666667	1.3376760820199998
2.345722514680379	0.012402814666666666	1.3468824880266665
2.3474678439323733	0.012011560999999999	1.3479741057033334
2.3492131731843675	0.011701387	1.3435233832233333
2.3509585024363617	0.013915799	1.3378976384966665
2.3527038316883564	0.015937751666666666	1.3329278866433332
2.3544491609403506	0.014328137666666666	1.3283794767333332
2.356194490192345	0.012853429333333333	1.3274410064533333
2.357939819444339	0.013072067	1.32914615911
2.3596851486963333	0.013351728	1.3308222460166665
2.3614304779483275	0.011771126	1.3303862837233333
2.3631758072003217	0.011302517333333333	1.3298005228366665
2.364921136452316	0.011907061333333333	1.3281046352233332
2.36666646570431	0.012655290666666666	1.3248981606633334
2.3684117949563044	0.013240903666666666	1.3200430603633333
2.3701571242083	0.014799113333333332	1.31476689429
2.371902453460294	0.014770713333333333	1.3083485283666665
2.373647782712288	0.014443467666666668	1.30459792236
2.375393111964282	0.015593175666666667	1.30574909635
2.3771384412162764	0.016969941	1.30942206898
2.3788837704682715	0.015154749333333332	1.3101559340566666
2.3806290997202657	0.013584717666666666	1.30892748572
2.38237442897226	0.014160997333333331	1.3065903003266668
2.384119758224254	0.015004101666666667	1.3035932306466667
2.3858650874762484	0.013575615999999999	1.3006749217233333
2.3876104167282426	0.013170506333333333	1.30196906838
2.389355745980237	0.014695522666666664	1.30709359152
2.391101075232231	0.01660317633333333	1.3139503660966665
2.3928464044842253	0.01669494	1.319778771233333
2.3945917337362195	0.017127456666666666	1.3250546917799997
2.3963370629882146	0.017723873333333334	1.3287110029966667
2.398082392240209	0.01787594	1.3311461359333334
2.3998277214922035	0.016917054333333334	1.33148453123
2.4015730507441977	0.016492163999999997	1.3294804140333334
2.403318379996192	0.015695863666666664	1.3235652051066666
2.4050637092481866	0.015352166666666667	1.3164540576466666
2.406809038500181	0.015543252333333334	1.3105405356766666
2.408554367752175	0.016490790999999998	1.3075147781299998
2.4102996970041692	0.016522993333333333	1.30596445675
2.4120450262561635	0.01687973	1.3062237819
2.4137903555081577	0.017604336666666665	1.3066469248433332
2.415535684760152	0.018483555999999998	1.3068335241733333
2.417281014012146	0.017770356666666667	1.3068146759800001
2.4190263432641403	0.017408516666666665	1.3099869549499998
2.4207716725161346	0.018054053333333334	1.3166356225133333
2.4225170017681297	0.01908339	1.325264633143333
2.424262331020124	0.018506869999999998	1.33169808799
2.426007660272118	0.018244796333333334	1.3341600299966665
2.4277529895241123	0.018114446666666666	1.3306194401999998
2.4294983187761066	0.01771778	1.3229617966333331
2.4312436480281012	0.016373942666666665	1.3137454407366667
2.4329889772800954	0.015771122	1.3065619925266667
2.4347343065320897	0.015500994999999998	1.30220307525
2.436479635784084	0.01621847333333333	1.3026954160933333
2.438224965036078	0.016873184	1.3070674307766668
2.4399702942880728	0.017952594	1.3138914839
2.441715623540067	0.01872599133333333	1.3199684187933332
2.443460952792061	0.019135536666666664	1.3239380112733334
2.4452062820440554	0.01787034033333333	1.32315194964
2.4469516112960497	0.01645314033333333	1.31817832526
2.448696940548044	0.014725391999999999	1.3101131824799999
2.450442269800038	0.013485942333333334	1.3024334673333335
2.4521875990520323	0.012631916666666663	1.2969791200966667
2.4539329283040274	0.013031799666666666	1.2964839983099998
2.4556782575560216	0.013579898	1.30050321681
2.457423586808016	0.015048393	1.30773020616
2.4591689160600105	0.016384921	1.3139547207766666
2.4609142453120048	0.01777851	1.31735801626
2.462659574563999	0.018387309999999997	1.3154922185
2.464404903815993	0.018757918666666665	1.3082695036166667
2.466150233067988	0.018513646666666665	1.29706714724
2.467895562319982	0.01880204133333333	1.2876036977533332
2.4696408915719763	0.018201745999999998	1.2834747251366667
2.4713862208239705	0.017915683666666668	1.2882151282066667
2.4731315500759647	0.018392410999999997	1.3011322111766666
2.47487687932796	0.018737459666666664	1.3185015471833332
2.476622208579954	0.01698763333333333	1.3331965720966665
2.4783675378319483	0.01582867933333333	1.3415408164933331
2.4801128670839416	0.015075465333333333	1.3400345876866666
2.481858196335936	0.014659701666666667	1.3296169368966666
2.4836035255879314	0.014771754333333331	1.3135141795433332
2.4853488548399256	0.015802652666666667	1.2973110790566666
2.48709418409192	0.015567018333333332	1.2844930596766666
2.488839513343914	0.015745053666666665	1.27980226238
2.490584842595908	0.016058191666666666	1.2832233006633333
2.492330171847903	0.016043659999999998	1.2927040801266667
2.494075501099897	0.015306784999999998	1.3037345556
2.4958208303518914	0.015067240666666665	1.3129285957533332
2.4975661596038856	0.014237342	1.31617741912
2.49931148885588	0.014495389333333332	1.3142829119533332
2.501056818107874	0.015599987	1.3082712021599998
2.5028021473598683	0.017396738666666665	1.30088161599
2.5045474766118625	0.018717562	1.2942100451833334
2.5062928058638567	0.019627366	1.2923029701766666
2.508038135115851	0.018827113	1.2967123783733334
2.509783464367846	0.017806505	1.3084361163799998
2.5115287936198403	0.016025195666666665	1.3233564416133334
2.5132741228718345	0.014729380666666667	1.336971676963333
2.5150194521238287	0.014548484333333334	1.3431541398799998
2.516764781375823	0.014837962333333333	1.3382429350299998
2.5185101106278176	0.013086088333333332	1.3223227221666667
2.520255439879812	0.011888540666666666	1.30400790229
2.522000769131806	0.011304134	1.2903075777199997
2.5237460983838007	0.010838169333333331	1.2854098160733332
2.525491427635795	0.010500421333333333	1.2882741188766667
2.527236756887789	0.011074296666666667	1.2954836778966667
2.5289820861397834	0.010568925	1.3013400145
2.5307274153917776	0.011322394999999999	1.3059706291666666
2.532472744643772	0.013838857333333333	1.30964167998
2.534218073895766	0.017571983333333333	1.3129198644866666
2.535963403147761	0.021389826	1.3141623662533333
2.5377087323997554	0.024922925333333335	1.3118758760999998
2.5394540616517496	0.025024626666666664	1.3039406157499998
2.541199390903744	0.023083059999999996	1.29553571183
2.542944720155738	0.019972186666666666	1.2923337666333332
2.5446900494077327	0.016873596666666664	1.2980787270366667
2.546435378659727	0.01484845	1.3108679535866665
2.548180707911721	0.015182133333333334	1.3254238831266667
2.5499260371637154	0.015051986666666666	1.33218586397
2.5516713664157096	0.015520850999999999	1.3282197829333333
2.5534166956677042	0.01681045333333333	1.3153142142099998
2.5551620249196985	0.017881519999999998	1.2988451664633334
2.5569073541716927	0.01745043333333333	1.2830112043766664
2.558652683423687	0.017667369999999998	1.2724005429866665
2.560398012675681	0.01770808	1.2666989434433333
2.5621433419276762	0.017766373333333335	1.2655736098266666
2.5638886711796696	0.01725365	1.2680896407699997
2.565634000431664	0.018202476666666665	1.2769260288000002
2.567379329683658	0.02158603333333333	1.2920517456799998
2.5691246589356522	0.026371766666666664	1.3090680444833334
2.570869988187648	0.028398939999999998	1.3198048227866668
2.572615317439642	0.029353433333333335	1.323280898733333
2.5743606466916362	0.02954109333333333	1.3198285951433333
2.57610597594363	0.02748735	1.31088407534
2.5778513051956247	0.023248596666666666	1.2997541000366666
2.5795966344476193	0.020861179999999997	1.2929219175366664
2.5813419636996136	0.019502396666666665	1.2904634730266666
2.5830872929516078	0.01952665333333333	1.2915769937266666
2.584832622203602	0.021017579999999998	1.2946342035599998
2.586577951455596	0.023394360000000003	1.2987127371
2.5883232807075904	0.024591709999999996	1.3008958484633333
2.5900686099595847	0.02635563333333333	1.3010863309033331
2.591813939211579	0.028030916666666662	1.2977581384066665
2.593559268463574	0.029061259999999995	1.2915276587533333
2.595304597715568	0.028145013333333333	1.2832373504433332
2.5970499269675624	0.027414517333333333	1.2774905848366667
2.598795256219557	0.028172426666666667	1.27724029508
2.6005405854715513	0.0303036	1.2828762118533332
2.6022859147235455	0.030730236666666664	1.2902520974733331
2.6040312439755398	0.032120121333333335	1.299720890403333
2.6057765732275344	0.03551337333333333	1.3100995801666666
2.6075219024795286	0.03753858333333333	1.3170094808333332
2.609267231731523	0.03503295666666666	1.3159718373766665
2.611012560983517	0.03300565933333333	1.3104787356133332
2.6127578902355113	0.032796885666666664	1.301781769163333
2.6145032194875055	0.032325492666666664	1.2897531528433333
2.6162485487394997	0.030317956666666663	1.2762290297433332
2.617993877991494	0.030281297333333335	1.2687237528933333
2.619739207243488	0.03204268066666666	1.2698596839033334
2.6214845364954824	0.03444957933333333	1.2780893277566667
2.6232298657474775	0.035951359999999995	1.2887447947233333
2.6249751949994717	0.038287626666666665	1.300089057903333
2.626720524251466	0.0406027	1.3080374068733331
2.62846585350346	0.04235351999999999	1.30987927092
2.6302111827554544	0.04276494333333333	1.3050487074900001
2.631956512007449	0.04315793	1.2977999829166667
2.6337018412594433	0.04208394333333333	1.2899506535066667
2.6354471705114375	0.040846630999999994	1.2849484400533333
2.6371924997634317	0.04046378666666666	1.2847766574566666
2.638937829015426	0.04067879	1.2892276653599999
2.6406831582674206	0.03895796666666667	1.29408400685
2.642428487519415	0.038720093	1.2999871871666666
2.644173816771409	0.04155894333333333	1.3060953233033334
2.6459191460234033	0.04468876666666666	1.3085060709933334
2.6476644752753975	0.04446634333333333	1.3028453052966666
2.6494098045273917	0.045122166666666665	1.2932850623033332
2.651155133779386	0.04783117666666667	1.2826850482333332
2.652900463031381	0.048907820000000005	1.2710070549866668
2.6546457922833753	0.04530274000000001	1.2593913781966664
2.6563911215353695	0.042565940000000003	1.2570802248166666
2.658136450787364	0.043007406666666664	1.2669905227033333
2.6598817800393584	0.04361030666666666	1.28214061074
2.6616271092913526	0.04141962333333333	1.292978895313333
2.663372438543347	0.041947193333333334	1.299571504013333
2.665117767795341	0.04654099666666667	1.3010605068633332
2.6668630970473353	0.05040127333333333	1.2951898777766666
2.66860842629933	0.05007186333333333	1.2839166613499997
2.6703537555513237	0.05037858333333334	1.27647719591
2.6720990848033184	0.051098563333333326	1.2741243503666668
2.673844414055312	0.050000710000000004	1.2740739224466664
2.6755897433073077	0.04781246	1.2753582325733333
2.677335072559302	0.04754617333333333	1.2802382625799997
2.679080401811296	0.04723633333333333	1.2868592292766667
2.6808257310632904	0.04865539666666666	1.2958293637433334
2.6825710603152837	0.05262371666666667	1.30482722537
2.6843163895672792	0.05658787	1.3080107218099999
2.6860617188192735	0.05702423666666667	1.3001609843
2.6878070480712677	0.057099519999999994	1.2872149497333334
2.689552377323262	0.057363880000000006	1.2764371107833332
2.691297706575256	0.05582458666666666	1.2720230290599999
2.6930430358272504	0.05055364333333333	1.2741416896666666
2.694788365079245	0.04684023333333333	1.2855086871966666
2.696533694331239	0.04779907	1.3022911095066667
2.6982790235832335	0.05038326	1.3145156930966664
2.7000243528352272	0.049927766666666665	1.3148142323166667
2.701769682087222	0.052092596666666664	1.3102514044733333
2.703515011339216	0.05857743666666666	1.3057962359166666
2.7052603405912103	0.06229795999999999	1.2978239877866664
2.7070056698432046	0.058807229999999995	1.2834575082566666
2.708750999095199	0.05612006666666666	1.2717371430199997
2.710496328347194	0.05684600333333334	1.2673184427966666
2.712241657599188	0.05614273333333333	1.2674202834233332
2.7139869868511823	0.051302419999999994	1.2699954906766666
2.7157323161031766	0.04990269333333334	1.2810762034599998
2.7174776453551712	0.054404459999999995	1.2977172579099998
2.7192229746071654	0.05864072666666667	1.3074895900833332
2.7209683038591597	0.05773220666666666	1.3029210636233333
2.722713633111154	0.05822423333333333	1.2926891278400001
2.7244589623631486	0.06055837333333333	1.28295659392
2.7262042916151423	0.059310923333333335	1.27536592793
2.727949620867137	0.054543060000000004	1.2730110807266668
2.729694950119131	0.05226375	1.2795501248366665
2.7314402793711254	0.05076943666666667	1.2887730987833335
2.7331856086231197	0.050677766666666665	1.2977383704799998
2.734930937875114	0.05373147	1.3067081993133334
2.736676267127109	0.05758497333333333	1.3135649981533333
2.738421596379103	0.05815653666666666	1.3137558352833332
2.7401669256310974	0.05958444666666666	1.3107121135866668
2.7419122548830916	0.06232409666666667	1.3047504494099997
2.743657584135086	0.06252787666666666	1.2927797803166667
2.7454029133870805	0.05763204	1.2764968622933333
2.7471482426390748	0.05348078666666667	1.2696036753666666
2.748893571891069	0.053289953333333334	1.2786221718533333
2.750638901143063	0.05386415333333333	1.2952786501133333
2.7523842303950574	0.050784953333333334	1.3065799341
2.754129559647052	0.05075104333333333	1.3125279597666666
2.755874888899046	0.055887806666666665	1.3128757441599999
2.7576202181510405	0.05789389666666667	1.30281858353
2.7593655474030343	0.05209286	1.2843585203633332
2.761110876655029	0.04853263	1.27295625459
2.762856205907024	0.05049595	1.2722853392333333
2.7646015351590183	0.05107440666666666	1.2717993573033333
2.7663468644110116	0.046397579999999994	1.2660996563233333
2.768092193663006	0.046199439999999994	1.2687169366833333
2.769837522915	0.054595036666666666	1.2872181315433333
2.7715828521669956	0.06240853	1.31117788678
2.77332818141899	0.06222725	1.3268293302733334
2.775073510670984	0.06443083	1.3349907110099999
2.7768188399229783	0.07120031666666665	1.3317028645433333
2.7785641691749725	0.07042204666666665	1.3090192937666665
2.780309498426967	0.059531293333333325	1.2755056505866667
2.782054827678961	0.05212563666666667	1.2553567883566665
2.7838001569309556	0.04984132	1.25438110938
2.7855454861829494	0.04758166666666667	1.2629429219766666
2.787290815434944	0.045683339999999996	1.2726311978533333
2.7890361446869383	0.04783019666666666	1.2823278877699997
2.7907814739389325	0.05183025	1.2909419440399998
2.7925268031909276	0.0567599	1.3022125695633333
2.794272132442922	0.060814726666666666	1.3165819746433334
2.796017461694916	0.06393058333333333	1.3284633043133334
2.7977627909469107	0.06386491333333333	1.32695436916
2.799508120198905	0.060410153333333334	1.31008803377
2.801253449450899	0.05513137666666666	1.284869092293333
2.8029987787028934	0.05051956	1.2623777918333332
2.8047441079548876	0.04499809	1.2495508225266665
2.8064894372068823	0.043367326666666664	1.2539888013799998
2.808234766458876	0.04768600333333334	1.2711129866966664
2.8099800957108707	0.051079009999999994	1.2838248586466667
2.8117254249628645	0.048181749999999995	1.28195949872
2.813470754214859	0.04698983666666666	1.2784097654366668
2.8152160834668534	0.04951131	1.2829971944966667
2.8169614127188476	0.04969709333333333	1.2908503103466664
2.818706741970842	0.04443626666666667	1.29471116654
2.820452071222836	0.04149407333333333	1.2992344161666667
2.8221974004748303	0.04432079333333333	1.30431351684
2.8239427297268254	0.04672107	1.3016043246066666
2.8256880589788196	0.04325079	1.2906969148333334
2.827433388230814	0.045857826666666664	1.2910755926833333
2.829178717482808	0.05888038666666666	1.3073111193133333
2.8309240467348022	0.06633856333333332	1.3175038484366666
2.832669375986797	0.059723530000000004	1.3076754418466665
2.834414705238791	0.05544719666666667	1.2937917932499998
2.8361600344907854	0.057643593333333326	1.28392491979
2.8379053637427796	0.05384569333333333	1.2700048150366667
2.839650692994774	0.04231834666666667	1.2533268095566665
2.841396022246768	0.037285429999999994	1.2497261537599997
2.8431413514987627	0.04066553666666666	1.2579200382033333
2.8448866807507565	0.04269489666666666	1.2626055538499998
2.846632010002751	0.03917171333333333	1.2588303167433335
2.8483773392547453	0.041343939999999996	1.26140547791
2.8501226685067405	0.05163743333333333	1.2752678921833334
2.8518679977587347	0.05731504	1.2887051019166667
2.853613327010729	0.05228704333333334	1.294172392893333
2.855358656262723	0.04941363333333333	1.300431945883333
2.8571039855147173	0.050752889999999995	1.3063676181766666
2.858849314766712	0.047204659999999996	1.3028496738833333
2.8605946440187062	0.03879725666666667	1.2914490418633333
2.8623399732707004	0.03571049	1.2844317648366665
2.8640853025226947	0.037204459999999995	1.2816668333933334
2.865830631774689	0.03839405333333333	1.2774374638466668
2.8675759610266836	0.03803706333333333	1.2698084777033334
2.8693212902786778	0.04027358	1.2627307203133333
2.871066619530672	0.04426848	1.2571476678033333
2.872811948782666	0.04697056333333333	1.255859666773333
2.87455727803466	0.04656475333333333	1.2608444786866666
2.8763026072866555	0.04646312666666667	1.27214429191
2.8780479365386498	0.04554293666666666	1.2834432255433332
2.879793265790644	0.04344581333333333	1.2924821470533332
2.881538595042638	0.041530653333333334	1.29848321383
2.8832839242946324	0.04054100333333333	1.29952357621
2.885029253546627	0.037448999999999996	1.2939445337266666
2.8867745827986213	0.036015946666666666	1.29034904239
2.8885199120506155	0.03794525	1.2910353738766664
2.8902652413026098	0.038992139999999995	1.28673205181
2.892010570554604	0.035706539999999995	1.2718732199966665
2.893755899806598	0.03541161666666666	1.2593593037466668
2.895501229058593	0.04013356	1.25664455911
2.8972465583105866	0.042880633333333334	1.2572436111333334
2.8989918875625813	0.039358309999999994	1.2570054628633331
2.900737216814575	0.03953210333333333	1.2666029192566666
2.9024825460665697	0.04636215666666666	1.28436609548
2.904227875318564	0.049251006666666666	1.29224777624
2.905973204570558	0.04271230666666666	1.28393126839
2.9077185338225524	0.04058980333333333	1.2801563779866667
2.9094638630745466	0.046725743333333326	1.2891958187466666
2.9112091923265417	0.047291363333333336	1.2944526918466666
2.912954521578536	0.03723050333333333	1.2868486868666666
2.91469985083053	0.033669163333333335	1.2828036236566667
2.916445180082525	0.04005979666666666	1.2850583412666667
2.918190509334519	0.04073946666666666	1.2777743147066665
2.9199358385865133	0.03143691666666666	1.2617902779599999
2.921681167838508	0.02927143	1.2618390582666665
2.9234264970905017	0.03625697333333333	1.2794733154333333
2.9251718263424964	0.03771969333333333	1.2905241075133331
2.92691715559449	0.030046733333333332	1.2843470098299998
2.928662484846485	0.028589176666666664	1.2789666339266665
2.930407814098479	0.03580950333333333	1.2823454153733334
2.9321531433504733	0.03814061	1.28371718103
2.9338984726024675	0.03069992333333333	1.2801318282266667
2.9356438018544617	0.02996067	1.2873192243733333
2.937389131106457	0.03967859666666666	1.3015463198466666
2.939134460358451	0.042813233333333325	1.29917865972
2.9408797896104453	0.03368743333333333	1.2781868088700001
2.9426251188624395	0.03184474333333333	1.26858711046
2.9443704481144337	0.040112636666666666	1.2794836052899998
2.9461157773664284	0.0410237	1.2905990062966666
2.9478611066184226	0.03169674333333333	1.29057317028
2.949606435870417	0.030220796666666667	1.2911700235033332
2.951351765122411	0.03779485666666666	1.2938795201933333
2.9530970943744053	0.03992725	1.2911498972366666
2.9548424236264	0.03349484	1.2880045399699998
2.956587752878394	0.03361176333333333	1.2998175776233332
2.9583330821303884	0.04163839333333333	1.3175670557633332
2.960078411382382	0.04347243333333334	1.3164397218166666
2.961823740634377	0.03575685333333333	1.2917095417266666
2.963569069886372	0.03329869333333333	1.2673919154899997
2.965314399138366	0.03658545666666666	1.2580393199133333
2.9670597283903604	0.03471025666666667	1.26062828817
2.9688050576423537	0.027462213333333332	1.2685111651733332
2.970550386894349	0.025574649999999994	1.2790135986433333
2.9722957161463435	0.028304303333333336	1.2847548802166666
2.9740410453983377	0.029275836666666666	1.2857116384033334
2.975786374650332	0.026800643333333336	1.2928127978333332
2.977531703902326	0.028264373333333332	1.3178472435333335
2.9792770331543204	0.03409425666666666	1.3499710030166665
2.981022362406315	0.03681572666666666	1.3642427484166666
2.982767691658309	0.03364888666666666	1.34713521627
2.9845130209103035	0.033540226666666666	1.3121263944
2.9862583501622977	0.03605303666666666	1.2800078798766665
2.988003679414292	0.03568925333333333	1.2681906541799999
2.989749008666286	0.03320554333333333	1.2788721465433333
2.9914943379182812	0.032997313333333333	1.29591801192
2.9932396671702755	0.03249344	1.2971978704333333
2.9949849964222697	0.03175520666666666	1.2832239781866666
2.996730325674264	0.030874473333333333	1.27071928684
2.9984756549262586	0.031053123333333328	1.2760652914599997
3.000220984178253	0.03179904	1.3006002811633333
3.001966313430247	0.03239712	1.3314471615233332
3.0037116426822412	0.03137724	1.3449022039966665
3.0054569719342354	0.03095790333333333	1.3285703926966665
3.00720230118623	0.02949889	1.2948913418533332
3.008947630438224	0.02963403333333333	1.2785167979466667
3.0106929596902186	0.03393020333333333	1.2966126875933333
3.0124382889422123	0.037012713333333336	1.3296562532
3.014183618194207	0.033351313333333334	1.3477407335366665
3.015928947446201	0.03211023	1.3464319025366667
3.0176742766981954	0.034925816666666665	1.3317117322499998
3.0194196059501897	0.034268983333333336	1.31200700492
3.021164935202184	0.029828896666666667	1.30244613396
3.022910264454178	0.029905486666666665	1.3149841192166667
3.024655593706173	0.0329917	1.3317928729333333
3.0264009229581674	0.032441	1.3238654981833333
3.0281462522101616	0.025824133333333332	1.2898977817833333
3.029891581462156	0.025139416666666664	1.2673535732933332
3.03163691071415	0.035060060000000004	1.2795423159266666
3.0333822399661448	0.041001803333333336	1.3082005833166666
3.035127569218139	0.03541872333333333	1.3301705128933332
3.036872898470133	0.03466357333333333	1.3488318500333332
3.0386182277221274	0.038793006666666664	1.3600848776233332
3.040363556974122	0.03426202666666667	1.3540394795233333
3.042108886226116	0.024871063333333332	1.3443545224566666
3.0438542154781105	0.02371759	1.3534529786366662
3.0455995447301047	0.02716144	1.3680619509633332
3.047344873982099	0.02713212	1.3573283998833334
3.049090203234093	0.02024537333333333	1.3174838233933333
3.0508355324860883	0.018866809999999998	1.2861341989566668
3.0525808617380825	0.032034966666666664	1.2878981989766667
3.0543261909900767	0.04247727333333333	1.3015221978233333
3.056071520242071	0.03759726333333333	1.3054999882499998
3.057816849494065	0.04188332333333333	1.3169986672333334
3.05956217874606	0.056850349999999994	1.3354799453566666
3.061307507998054	0.052557353333333334	1.3369016710566666
3.0630528372500487	0.032823606666666665	1.3334288438600002
3.0647981665020425	0.02866253666666666	1.3588785288033334
3.0665434957540367	0.03569021	1.3932653343166665
3.0682888250060314	0.034194199999999994	1.3890642674999998
3.0700341542580256	0.02288135	1.34149116393
3.07177948351002	0.018009483333333333	1.29613852425
3.073524812762014	0.0267221	1.2847550324066666
3.075270142014008	0.03301167666666666	1.2947619199166667
3.0770154712660034	0.026817863333333334	1.3095216029266665
3.0787608005179976	0.03411176666666666	1.3416651830400002
3.080506129769992	0.055067723333333325	1.3778975904166668
3.082251459021986	0.05231888666666666	1.3800564111166667
3.0839967882739803	0.028086383333333333	1.3620924891800001
3.085742117525975	0.021190396666666667	1.37785531954
3.087487446777969	0.02939397333333333	1.4213816203
3.0892327760299634	0.03071182	1.4400480497366666
3.0909781052819576	0.024317366666666663	1.4145488860366666
3.092723434533952	0.024193543666666668	1.3764551328099999
3.094468763785946	0.03558528066666666	1.3504710972133331
3.0962140930379407	0.04111606666666666	1.3281784298466666
3.0979594222899345	0.029251983333333332	1.3145225583566664
3.099704751541929	0.03922240666666666	1.3545071477933333
3.101450080793923	0.07904357000000001	1.4327047440033334
3.1031954100459176	0.08480265333333332	1.4574636039933333
3.104940739297912	0.04757256	1.4096581039
3.106686068549906	0.03418918333333333	1.3687345707533334
3.1084313978019003	0.043131539999999996	1.3624613284899998
3.1101767270538954	0.03263529333333333	1.3700320624333333
3.1119220563058896	0.018640932333333332	1.4107914308199998
3.113667385557884	0.022486327999999993	1.4961980664266665
3.1154127148098785	0.028004046666666664	1.5671800996466665
3.1171580440618727	0.02571372233333333	1.5586711308999999
3.118903373313867	0.013306452999999998	1.4734297533633334
3.120648702565861	0.014284622999999998	1.403122136993333
3.122394031817856	0.05430485999999999	1.4330412940733332
3.1241393610698496	0.08208622	1.5248602339099997
3.1258846903218442	0.05806874766666667	1.59646329702
3.127630019573838	0.06104177866666667	1.647074012293333
3.1293753488258327	0.10706766333333334	1.6555581035699998
3.131120678077827	0.09143950333333331	1.5858871945133333
3.132866007329821	0.034887760000000004	1.6264335434166663
3.1346113365818153	0.05781309633333333	2.0995463472899996
3.1363566658338096	0.13597843999999998	3.039731552836667
3.1381019950858047	0.18729105000000001	4.117323005546666
3.139847324337799	0.24361192933333334	4.959508291816666
3.141592653589793	0.3816249833333333	5.38797136972