# O(3P)+CO2(000; j=0) -> O(3P)+CO2(000; j') scattering, statistically averaged (3A2+3B2+3B1) potential energy surfaces
# Differential cross sections; packaged by M. Gacesa (marko.gacesa@nasa.gov), Apr 30 2019
# E = 1.64155 eV
# theta(rad)                 elastic DCS                total DCS (both in units of 1E-16 cm^2/Sr)
0.	2.9594e6	3.02880002326621e6
0.0017453292519943296	2.194859e6	2.240683204056666e6
0.003490658503988659	914597.6666666666	927711.8358733334
0.005235987755982989	257731.89999999997	262658.691665
0.006981317007977318	84261.47333333333	90568.64834373334
0.008726646259971648	51136.870333333325	57414.8128977
0.010471975511965978	44282.63966666666	48774.31224475667
0.012217304763960305	26130.776666666665	28906.044958399994
0.013962634015954637	12087.632666666666	14982.371618553334
0.015707963267948967	11518.036666666667	14754.947052273332
0.017453292519943295	11575.399999999998	14042.110794726666
0.019198621771937624	8501.159333333333	10130.189057923333
0.020943951023931956	4762.325999999999	6291.668712623334
0.02268928027592628	2614.041	4489.072710253333
0.02443460952792061	3106.2843	4991.413654569999
0.02617993877991494	3230.960333333333	4534.84202484
0.027925268031909273	1994.8292666666669	2869.5461423133333
0.029670597283903602	1084.7495333333334	2067.21927378
0.031415926535897934	922.3589	2089.422592406667
0.03316125578789226	1114.0820666666664	2172.332422056
0.03490658503988659	1046.596	1794.8166496159997
0.03665191429188092	514.7537666666667	1088.1592100536666
0.03839724354387525	205.40183166666662	869.6721755813334
0.040142572795869566	307.7976	1050.474102743
0.04188790204786391	422.7821	1039.9615131806668
0.043633231299858244	364.6130666666666	805.6212745646667
0.04537856055185256	172.19323666666665	559.3662002513333
0.047123889803846894	56.00841333333333	501.0400345016667
0.04886921905584122	112.38053	588.6874282816666
0.05061454830783555	160.78283333333331	555.214933891
0.05235987755982988	126.21810666666666	414.5971436466666
0.054105206811824215	70.52300333333332	335.26909012
0.05585053606381855	38.92348333333334	333.48449430066665
0.05759586531581287	60.438786666666665	359.34613929499994
0.059341194567807204	81.58527999999998	334.5316692723333
0.061086523819801536	59.34961	256.8692218066667
0.06283185307179587	41.94526	223.99896824300004
0.0645771823237902	39.56284333333333	233.65411797133333
0.06632251157578452	40.882781	231.425992758
0.06806784082777885	50.95028666666667	215.41858808566667
0.06981317007977318	46.40364666666666	184.9276514596666
0.0715584993317675	35.252206666666666	167.16365726266667
0.07330382858376185	37.87314000000001	176.51044281533336
0.07504915783575618	33.716096666666665	170.71254885033332
0.0767944870877505	27.925395999999996	151.53775102966665
0.07853981633974483	32.516511666666666	143.22922096899998
0.08028514559173913	31.39528	137.06807156899998
0.08203047484373349	30.159399999999998	138.421225812
0.08377580409572782	29.24525333333333	138.54958750966665
0.08552113334772216	19.408390999999995	122.8489416191
0.08726646259971649	17.695770333333332	114.67349723733332
0.08901179185171079	24.035810666666666	116.39288342589998
0.09075712110370512	24.704396666666668	113.54047600393335
0.09250245035569944	25.311546666666665	112.69480236306666
0.09424777960769379	21.050359999999998	105.4828596735
0.09599310885968812	13.347145666666666	93.33967660806667
0.09773843811168244	15.615453666666667	93.02120642186665
0.09948376736367677	18.69964	93.58502254123334
0.1012290966156711	17.730763333333332	90.94190481386667
0.10297442586766543	18.783679999999997	92.1389921389
0.10471975511965977	15.058679999999999	86.2969063075
0.10646508437165408	11.567712666666665	78.87035485703333
0.10821041362364843	13.997226666666664	77.81295325389999
0.10995574287564276	12.938295333333333	74.10996987409999
0.1117010721276371	11.544561999999999	73.745497022
0.11344640137963143	12.83197	78.01276583863333
0.11519173063162574	10.440666666666667	75.32132072729999
0.11693705988362009	10.250060999999999	71.8090038354
0.11868238913561441	11.735553333333332	68.53980806816665
0.12042771838760875	8.763259666666666	61.9343523702
0.12217304763960307	7.704714666666666	61.8586713961
0.12391837689159738	8.133415666666666	65.1505055702
0.12566370614359174	6.225233666666666	64.04674242446666
0.12740903539558604	7.203657333333333	63.613687112466664
0.1291543646475804	7.646632666666666	60.37778601713334
0.13089969389957473	5.003302	54.468558603999995
0.13264502315156904	4.486307666666667	53.976948092233336
0.1343903524035634	4.074241	54.74836580419999
0.1361356816555577	3.334258666666667	54.663659653233324
0.13788101090755206	5.207255	56.188298998833325
0.13962634015954636	5.400485000000001	53.861844769499996
0.1413716694115407	4.183129	49.9196154179
0.143116998663535	4.076076666666666	48.618034256866665
0.14486232791552936	3.118091666666667	46.95679975116667
0.1466076571675237	3.5322103333333335	47.28095956453333
0.148352986419518	5.7295159999999985	49.49163894523333
0.15009831567151236	5.641028333333333	48.19479657473333
0.15184364492350666	5.082148666666667	46.15931536096666
0.153588974175501	4.604168666666666	44.258840598899994
0.15533430342749535	3.1977953333333335	41.18610966986666
0.15707963267948966	3.889188	41.08744989459999
0.158824961931484	5.465258666666665	42.6276122752
0.16057029118347826	5.158926333333333	42.29308062689999
0.16231562043547265	4.976389666666666	42.14500821596666
0.16406094968746698	4.190197666666666	40.54214165936666
0.16580627893946132	2.9030956666666663	37.41733925849999
0.16755160819145565	3.6810246666666666	36.59837116263333
0.16929693744344992	4.620670666666666	36.672607242299996
0.1710422666954443	4.481292333333332	36.6564878298
0.17278759594743864	4.7339416666666665	37.751957776599994
0.17453292519943298	3.9772653333333334	37.0994672804
0.17627825445142725	3.003757333333333	35.088300257
0.17802358370342158	3.5557739999999995	34.1259986991
0.17976891295541597	3.815011666666666	33.090842815066665
0.18151424220741025	3.5322803333333335	32.67176664523333
0.18325957145940458	3.6142253333333336	33.60247795953333
0.18500490071139888	2.932713666666667	33.50557881613333
0.18675022996339324	2.4571039999999997	32.86174068683333
0.18849555921538758	2.854653	32.344887993899995
0.1902408884673819	2.7690736666666664	31.079749249099997
0.19198621771937624	2.4378279999999997	30.236215989999994
0.19373154697137057	2.2491496666666664	30.152408272166667
0.19547687622336488	1.7128963333333331	29.696798942566666
0.19722220547535924	1.7589401333333332	29.57551279683333
0.19896753472735354	2.1829615333333336	29.42606769933333
0.2007128639793479	2.108422533333333	28.67292690716667
0.2024581932313422	1.9552039333333333	28.24153820053333
0.20420352248333656	1.7284836666666665	27.931720762766663
0.20594885173533087	1.315045	27.314969129333328
0.20769418098732523	1.5075679666666666	27.130863312666666
0.20943951023931953	1.831062666666667	26.878318013266664
0.2111848394913139	1.7869002333333333	26.40902193583333
0.21293016874330817	1.7187240000000001	26.292322222699998
0.21467549799530256	1.5185673333333334	26.104655179966663
0.21642082724729686	1.2499074666666665	25.643024289399996
0.2181661564992912	1.4598156666666668	25.34685459476667
0.21991148575128552	1.7042760000000001	24.836513181466664
0.22165681500327983	1.7256743333333333	24.247833747999998
0.2234021442552742	1.7300379999999997	23.93954304133333
0.22514747350726852	1.6498926666666667	23.645776178533332
0.22689280275926285	1.578813933333333	23.2697641895
0.22863813201125716	1.8275013333333334	22.97590305723333
0.2303834612632515	2.022162	22.475538181399997
0.23212879051524585	1.9890456666666667	21.8914789555
0.23387411976724018	1.9176819999999997	21.490376832833334
0.23561944901923448	1.8495720000000002	21.227952015933333
0.23736477827122882	1.7753766666666666	20.967669363866666
0.23911010752322315	1.9056479999999998	20.79438010253333
0.2408554367752175	2.0117199999999995	20.544778325466666
0.24260076602721184	1.8766109999999998	20.146229339266668
0.24434609527920614	1.6714876666666667	19.786813041333332
0.24609142453120048	1.5345446666666664	19.5706445972
0.24783675378319475	1.3517096666666666	19.304332493233332
0.24958208303518917	1.31954	19.157554685233332
0.25132741228718347	1.3649263333333332	19.1135546141
0.2530727415391778	1.2443198333333332	18.942442379633334
0.2548180707911721	1.0692197666666665	18.737485915133334
0.25656340004316636	0.9762581333333333	18.57909298926667
0.2583087292951608	0.8282808333333334	18.26419181223333
0.26005405854715513	0.8001919333333333	18.080990789399998
0.26179938779914946	0.8292202000000001	18.063057023666666
0.2635447170511437	0.7435858333333334	17.997361916166668
0.26529004630313807	0.6663565666666666	17.9700650841
0.26703537555513246	0.6478823333333332	17.882405727166663
0.2687807048071268	0.6023438666666666	17.526473411466668
0.270526034059121	0.6828552999999999	17.255589765033335
0.2722713633111154	0.6972592999999999	17.0483400075
0.2740166925631097	0.5989779666666666	16.887972438333332
0.2757620218151041	0.5954002333333333	17.000158259366664
0.27750735106709834	0.6200451333333334	17.093563097133334
0.2792526803190927	0.6715294666666667	16.936222074099998
0.280998009571087	0.8886672333333332	16.7837604542
0.2827433388230814	0.9052848333333332	16.396440577066663
0.2844886680750758	0.7887841666666666	15.9602977758
0.28623399732707	0.8177100666666666	15.905503368566665
0.28797932657906433	0.8236160666666665	15.921826991366666
0.2897246558310587	0.912509	15.9145194036
0.291469985083053	1.2160183333333334	16.020546232633333
0.2932153143350474	1.2298589999999998	15.710284784233332
0.29496064358704166	1.1069253666666665	15.222662584033332
0.296705972839036	1.1349909666666664	15.028609038299999
0.2984513020910303	1.0609766666666665	14.851983783733333
0.3001966313430247	1.080484633333333	14.838527741233332
0.301941960595019	1.3174719999999998	15.090156134399999
0.3036872898470133	1.2205770999999999	14.911466364366664
0.30543261909900765	1.0264368999999998	14.522988898400001
0.307177948351002	1.0149913666666666	14.275818297433332
0.3089232776029963	0.8978007666666665	13.910003012833332
0.3106686068549907	0.8878401333333332	13.778077081899998
0.312413936106985	1.0586417	14.008086604933334
0.3141592653589793	0.8887201	13.942024432833332
0.31590459461097364	0.6486221999999999	13.777086732733332
0.317649923862968	0.5763708666666666	13.634242052866664
0.3193952531149623	0.44386913333333333	13.223174316599998
0.32114058236695653	0.4574962333333333	12.957015210433333
0.32288591161895097	0.6175492666666667	12.9616910457
0.3246312408709453	0.5147514666666667	12.808281325266666
0.32637657012293964	0.38664286666666664	12.757875929533334
0.32812189937493397	0.3242259333333333	12.730894909333333
0.32986722862692824	0.20851557999999998	12.459194260666667
0.33161255787892263	0.26425106666666665	12.3120577367
0.3333578871309169	0.4053822999999999	12.281836839966667
0.3351032163829113	0.3798726333333333	12.142302863066664
0.3368485456349056	0.39989243333333335	12.202560740566668
0.33859387488689985	0.3681000666666666	12.211781823666666
0.34033920413889424	0.26927879999999993	11.99065820423333
0.3420845333908886	0.3696788333333334	11.887383188833333
0.3438298626428829	0.4878148666666667	11.752110174899999
0.3455751918948773	0.4876714333333333	11.5210638916
0.34732052114687156	0.5858412333333333	11.572336601699998
0.34906585039886595	0.5633264	11.594012146566666
0.3508111796508603	0.47918206666666663	11.514310774633334
0.3525565089028545	0.6119798	11.614475275766665
0.3543018381548489	0.7016246333333332	11.562773155366665
0.35604716740684317	0.6725893999999999	11.312223688566664
0.35779249665883756	0.7366013999999999	11.214836215633333
0.35953782591083194	0.6416984333333333	10.989097064533334
0.3612831551628262	0.5227238333333333	10.756771522676667
0.3630284844148205	0.6536645999999999	10.832867635523332
0.3647738136668149	0.7434913333333333	10.860000136596668
0.36651914291880916	0.7432276	10.801112082463334
0.36826447217080355	0.8039276	10.854564797933332
0.37000980142279777	0.6459480666666666	10.657624784816665
0.3717551306747922	0.4509312666666666	10.38745300055
0.3735004599267865	0.4950331	10.35020179262
0.3752457891787809	0.528265	10.264088688276665
0.37699111843077515	0.5350776333333334	10.18591647174
0.3787364476827695	0.6144145333333333	10.255072438783333
0.3804817769347638	0.4932857	10.114022754059999
0.38222710618675815	0.3330415333333333	9.934838246426667
0.3839724354387525	0.3413955333333333	9.92732136037
0.38571776469074687	0.32564873333333333	9.85637186484
0.38746309394274114	0.30238846666666663	9.81752216441
0.3892084231947355	0.3374181333333333	9.889886083593332
0.39095375244672975	0.24601763333333332	9.792252763286665
0.39269908169872414	0.18068673333333332	9.694812483126668
0.39444441095071847	0.22277793333333334	9.67885546845
0.3961897402027128	0.22831890000000002	9.571033758523331
0.3979350694547071	0.25535553333333333	9.521516609849998
0.39968039870670136	0.29281586666666665	9.53945275353
0.4014257279586958	0.21125106333333332	9.416984742276664
0.4031710572106902	0.2006701333333333	9.36054271322
0.4049163864626844	0.26169519999999996	9.362412547946665
0.4066617157146788	0.2883724666666667	9.289387146753333
0.4084070449666731	0.3887367	9.31719901384
0.41015237421866746	0.4683278333333333	9.354266498443334
0.41189770347066174	0.372604	9.179025497696665
0.413643032722656	0.32747649999999995	9.019862375043333
0.41538836197465046	0.34230569999999994	8.878974080706666
0.4171336912266447	0.34423163333333334	8.704304871226666
0.41887902047863906	0.4643367666666667	8.719998081049999
0.42062434973063334	0.5808137	8.820411918483334
0.4223696789826278	0.5068045999999999	8.765680944776665
0.4241150082346221	0.4414324333333333	8.709086309823334
0.42586033748661634	0.40590069999999995	8.602389044083333
0.4276056667386108	0.35189293333333327	8.407800845616665
0.4293509959906051	0.4102812	8.351028181863333
0.43109632524259933	0.4915546666666667	8.379226084159999
0.4328416544945937	0.43253149999999996	8.321102878966666
0.434586983746588	0.39104389999999994	8.290794151553332
0.4363323129985824	0.38312426666666666	8.210371515283335
0.43807764225057666	0.3580668666666667	8.040574853689998
0.43982297150257105	0.3993061333333333	7.9694595857833335
0.44156830075456543	0.43845093333333335	7.986920675823333
0.44331363000655966	0.34973489999999996	7.989584024159999
0.445058959258554	0.268605	8.053326647743333
0.4468042885105484	0.24870383	8.07286792504
0.44854961776254265	0.2619642333333333	7.967642432763332
0.45029494701453704	0.3218142	7.828124270669999
0.4520402762665313	0.3656664666666667	7.682471327233333
0.4537856055185257	0.3042439333333333	7.553008868003333
0.45553093477052	0.21676600000000001	7.558297368233333
0.4572762640225143	0.16688626666666664	7.644687515766667
0.45902159327450864	0.18223843333333334	7.736316815349999
0.460766922526503	0.23865711666666667	7.783382465303333
0.46251225177849725	0.27674086666666664	7.72265260019
0.4642575810304917	0.2607356666666667	7.583118318173334
0.46600291028248597	0.21211630000000004	7.470738021543333
0.46774823953448036	0.14613326666666665	7.390376671399999
0.4694935687864746	0.14693900999999998	7.38995775282
0.47123889803846897	0.21175669	7.452285340326666
0.4729842272904633	0.26191481333333333	7.473412387663332
0.47472955654245763	0.27638256333333333	7.432089938223333
0.4764748857944519	0.25765176666666667	7.3645780289600005
0.4782202150464463	0.177083	7.247634652123333
0.4799655442984406	0.14378596666666665	7.180719185679999
0.481710873550435	0.2067705	7.218682802596666
0.48345620280242924	0.27543826666666665	7.2751350482833335
0.4852015320544237	0.2997854333333333	7.284272791443334
0.48694686130641796	0.28719510000000004	7.230733348403334
0.4886921905584123	0.2028169333333333	7.05766952974
0.49043751981040656	0.14548245333333334	6.855623003300001
0.49218284906240095	0.202415	6.748935523623333
0.4939281783143953	0.29836276666666667	6.747296452623333
0.4956735075663895	0.3447623333333333	6.8110041420866665
0.4974188368183839	0.3446594333333333	6.910216000506666
0.49916416607037833	0.26947963333333336	6.9323680010099995
0.5009094953223726	0.18696178	6.844289253326666
0.5026548245743669	0.20413674000000004	6.706740420956667
0.5044001538263612	0.2887441	6.570278492449999
0.5061454830783556	0.3346321	6.457159967663333
0.5078908123303499	0.34360463333333335	6.434714359519999
0.5096361415823442	0.3045739333333333	6.479134653476667
0.5113814708343385	0.2393286233333333	6.519354326746666
0.5131268000863327	0.23652569	6.530890918273333
0.5148721293383272	0.30180959999999996	6.511038342786667
0.5166174585903216	0.3229165666666667	6.4254082122866665
0.5183627878423158	0.29925189999999996	6.3450857591466665
0.5201081170943103	0.256138	6.325864014526666
0.5218534463463045	0.19465909999999997	6.327270197320001
0.5235987755982989	0.17763671666666664	6.319735489589999
0.5253441048502931	0.24700129999999998	6.31065034952
0.5270894341022874	0.2947196333333333	6.237675792173333
0.5288347633542818	0.2866165333333333	6.140059797316667
0.5305800926062761	0.24839391333333333	6.098983842246666
0.5323254218582705	0.17123460999999998	6.094320237973332
0.5340707511102649	0.10385476999999999	6.098784372793333
0.5358160803622593	0.13224633333333335	6.134739833186666
0.5375614096142536	0.19043186666666667	6.126535789229999
0.5393067388662478	0.22347366333333332	6.065366511616666
0.541052068118242	0.22521053666666663	6.0072831165133325
0.5427973973702365	0.16663923666666666	5.939321855956667
0.5445427266222308	0.07981858	5.861061894739999
0.5462880558742251	0.06478496333333333	5.834457637803333
0.5480333851262194	0.09898177	5.817466828459999
0.5497787143782138	0.14605774	5.805269956376667
0.5515240436302082	0.1820049133333333	5.82643186152
0.5532693728822025	0.15949328666666668	5.835884898096666
0.5550147021341967	0.09988584333333334	5.815612698039999
0.5567600313861911	0.08552244666666665	5.805166177076666
0.5585053606381855	0.09741224333333333	5.750893845706667
0.5602506898901798	0.1323913233333333	5.673459338039999
0.561996019142174	0.17997463333333333	5.628899102096668
0.5637413483941685	0.17927359999999998	5.584415816929999
0.5654866776461628	0.1477657	5.547515926103333
0.5672320068981571	0.15626042	5.567003141906666
0.5689773361501516	0.16663842333333334	5.56576637256
0.5707226654021459	0.19082309999999997	5.551833879979999
0.57246799465414	0.23990246666666665	5.57012667078
0.5742133239061344	0.2366959	5.550585142156667
0.5759586531581287	0.18897999999999998	5.486150234459999
0.5777039824101231	0.18319642333333333	5.448520478059999
0.5794493116621174	0.18624522333333332	5.383324626623333
0.5811946409141118	0.21402376666666667	5.324555607703333
0.582939970166106	0.2879553333333333	5.3449542928566665
0.5846852994181004	0.30826116666666664	5.365436090493333
0.5864306286700948	0.25056016666666664	5.349416254936665
0.5881759579220891	0.20833279999999998	5.353682691616666
0.5899212871740833	0.17051299666666667	5.312769790439999
0.5916666164260775	0.1669898	5.252603040246666
0.593411945678072	0.24014423333333335	5.259963465563333
0.5951572749300664	0.2884604333333333	5.268465895156666
0.5969026041820606	0.25179053333333334	5.237893925703333
0.5986479334340549	0.2064835333333333	5.22683834244
0.6003932626860494	0.1501105633333333	5.174087747923333
0.6021385919380438	0.11488141333333332	5.098202643703333
0.603883921190038	0.16002752666666667	5.091999566886666
0.6056292504420324	0.20716843666666665	5.1061990608466665
0.6073745796940266	0.18237370999999997	5.098724999336667
0.609119908946021	0.14276823333333333	5.119700918626666
0.6108652381980153	0.09288792666666665	5.103268809013333
0.6126105674500095	0.056765013333333336	5.04146119564
0.614355896702004	0.08543878999999999	5.005741598833333
0.6161012259539983	0.12816566333333332	4.967950581179999
0.6178465552059926	0.12130732999999999	4.915460058003333
0.6195918844579871	0.09658028999999999	4.91259975517
0.6213372137099814	0.055078583333333334	4.91036824142
0.6230825429619757	0.024568156666666664	4.895245799136666
0.62482787221397	0.04452875666666667	4.902893331096665
0.6265732014659642	0.08168678666666666	4.8876374108233325
0.6283185307179586	0.09782242666666666	4.840973153936666
0.630063859969953	0.10034602333333333	4.8215702729766665
0.6318091892219473	0.06552163666666666	4.787263333566667
0.6335545184739415	0.03468729166666666	4.750789576916667
0.635299847725936	0.05389853666666666	4.754604290076667
0.6370451769779303	0.08892146333333334	4.739924309913333
0.6387905062299246	0.11862403666666667	4.693877834149999
0.6405358354819191	0.14569279999999998	4.670436799519999
0.6422811647339131	0.11990303333333333	4.621724839056666
0.6440264939859075	0.08829	4.575775638063334
0.6457718232379019	0.11522898666666666	4.593716632496666
0.6475171524898962	0.15615463333333332	4.604722477866667
0.6492624817418906	0.18599396666666662	4.575955494973333
0.6510078109938849	0.21723646666666666	4.556493756359999
0.6527531402458793	0.1879124	4.49228628496
0.6544984694978735	0.1394445	4.4136186724533335
0.6562437987498679	0.15955393333333334	4.409879486996666
0.6579891280018623	0.2057020333333333	4.425265212886666
0.6597344572538565	0.23793366666666663	4.417912813026666
0.6614797865058508	0.27693216666666665	4.43675620618
0.6632251157578453	0.25552586666666666	4.417724352633333
0.6649704450098396	0.1871006	4.359133722713333
0.6667157742618338	0.16723553333333332	4.346836596766666
0.668461103513828	0.17631860000000002	4.342227195486666
0.6702064327658226	0.17593383333333334	4.30789667572
0.6719517620178169	0.20496589999999998	4.31393465372
0.6736970912698113	0.21098916666666667	4.319799603443333
0.6754424205218055	0.16863759999999997	4.299644412679999
0.6771877497737997	0.14363779999999998	4.3137881231533335
0.6789330790257941	0.1313142333333333	4.32867470982
0.6806784082777885	0.10114693666666666	4.30168675874
0.6824237375297828	0.10266006666666666	4.302930235223333
0.6841690667817772	0.11179197666666665	4.31421561336
0.6859143960337715	0.09272305	4.30246389338
0.6876597252857658	0.08021711	4.30557058536
0.6894050545377601	0.07466869666666666	4.29751895539
0.6911503837897546	0.05205548	4.241995614306667
0.6928957130417489	0.05148621666666667	4.2073161342033325
0.6946410422937431	0.059195769999999995	4.196773493703333
0.6963863715457373	0.048225996666666666	4.190624905749999
0.6981317007977319	0.040972299999999996	4.2149205064599995
0.6998770300497262	0.03934927333333333	4.235278239013333
0.7016223593017206	0.028653695999999996	4.2021939712866665
0.7033676885537148	0.037938596666666664	4.161590523406667
0.705113017805709	0.0485864	4.118768585393333
0.7068583470577035	0.042031516666666664	4.074939414859999
0.7086036763096978	0.039537296666666666	4.073457922116667
0.710349005561692	0.03950114	4.09364568787
0.7120943348136863	0.03449785333333333	4.086233991086666
0.7138396640656808	0.055049536666666676	4.076339016633334
0.7155849933176751	0.07514578666666666	4.04809251991
0.7173303225696694	0.07678349333333333	3.996671524916666
0.7190756518216639	0.08552678333333333	3.97587515219
0.7208209810736581	0.09099747999999999	3.981332246513333
0.7225663103256524	0.08110450999999999	3.9744679326366663
0.7243116395776467	0.10145527333333333	3.98499587263
0.726056968829641	0.13326912	3.9881593911866666
0.7278022980816354	0.1477176	3.954491517096667
0.7295476273336298	0.16827169999999997	3.9283175274666666
0.7312929565856241	0.1791783	3.91564862798
0.7330382858376183	0.1528081	3.888079825543333
0.7347836150896128	0.14986593333333334	3.8975573883833334
0.7365289443416071	0.1795863	3.9395449333166663
0.7382742735936013	0.2005188	3.9578069554266664
0.7400196028455955	0.21932973333333333	3.957991814983334
0.7417649320975901	0.22673726666666666	3.939865992176667
0.7435102613495844	0.18564646666666665	3.875031173083333
0.7452555906015788	0.15160249999999997	3.8281874802799996
0.747000919853573	0.1607638	3.83856334063
0.7487462491055674	0.176508	3.86820037729
0.7504915783575618	0.18937929999999997	3.9036840372699997
0.752236907609556	0.1988906666666667	3.932609414403333
0.7539822368615503	0.16604159999999998	3.9040817338766667
0.7557275661135445	0.12171093666666667	3.8487505935733326
0.757472895365539	0.10834503333333331	3.81464442053
0.7592182246175333	0.10719646	3.7974181873266666
0.7609635538695276	0.10746508	3.8025991797566663
0.7627088831215221	0.11864467666666664	3.8356009872933328
0.7644542123735163	0.10759462666666665	3.8430077788433334
0.7661995416255106	0.08004353333333333	3.8145300329266663
0.767944870877505	0.06731903666666667	3.7718667153966665
0.7696902001294994	0.06056556333333333	3.71602614303
0.7714355293814937	0.04816664	3.6670960976366667
0.773180858633488	0.04869169333333333	3.6657757208266664
0.7749261878854823	0.046224959999999995	3.6920772711766667
0.7766715171374765	0.03422719	3.7192510676733335
0.778416846389471	0.029490923333333335	3.7305912802066663
0.7801621756414653	0.030524429666666665	3.700764213273333
0.7819075048934595	0.024216150999999998	3.6292373177133332
0.7836528341454538	0.023831079999999998	3.5646360513566666
0.7853981633974483	0.023690033333333332	3.531848543153333
0.7871434926494427	0.017130029999999997	3.537072466533333
0.7888888219014369	0.013072506333333333	3.5696306228133334
0.7906341511534312	0.019443369	3.5970404656066663
0.7923794804054256	0.029632993333333333	3.587630058303333
0.7941248096574199	0.04559391666666666	3.54952802859
0.7958701389094142	0.05521678333333333	3.498557459693333
0.7976154681614087	0.05299704666666666	3.462350980626667
0.7993607974134027	0.047526099999999995	3.4606184926
0.8011061266653973	0.050159086666666665	3.484689449036667
0.8028514559173916	0.061445513333333326	3.50253873672
0.8045967851693858	0.08726992666666666	3.4988540476
0.8063421144213804	0.11359681333333332	3.464282544583334
0.8080874436733746	0.1254173633333333	3.41354074768
0.8098327729253688	0.12287710666666665	3.3775954205833334
0.8115781021773631	0.11626357	3.37799545459
0.8133234314293576	0.10933261999999999	3.4038578759299996
0.815068760681352	0.11940377999999999	3.440319095683333
0.8168140899333463	0.1464372	3.46073631757
0.8185594191853405	0.16888983333333332	3.4419665335966667
0.8203047484373349	0.1696543333333333	3.3850992187433335
0.8220500776893291	0.15619896666666666	3.3242543788966668
0.8237954069413235	0.13397816666666668	3.2840063894766667
0.8255407361933177	0.12016623333333332	3.278571066853333
0.827286065445312	0.12835443333333332	3.3033310822966664
0.8290313946973066	0.14903616666666666	3.332927101016667
0.8307767239493009	0.1579447333333333	3.334260465083333
0.8325220532012951	0.15404993333333333	3.3107414191033335
0.8342673824532894	0.13755706666666664	3.2776839964433333
0.8360127117052839	0.11419383999999999	3.2501969239533333
0.8377580409572781	0.09915461333333332	3.2424099986466666
0.8395033702092725	0.10145837666666666	3.257645306233333
0.8412486994612667	0.10606125333333334	3.268212146183333
0.8429940287132611	0.109456	3.26103213699
0.8447393579652556	0.10783111000000001	3.2357011276166667
0.8464846872172498	0.09493852333333333	3.195364272173333
0.8482300164692442	0.07643723	3.1576058111133336
0.8499753457212386	0.06791380666666666	3.1516155547433335
0.8517206749732327	0.06321045666666666	3.171386113393333
0.853466004225227	0.06193463666666666	3.2039797761399997
0.8552113334772216	0.06402796333333333	3.23490939533
0.8569566627292158	0.059453856666666666	3.2386424212800002
0.8587019919812102	0.04418664	3.2047410378133336
0.8604473212332044	0.03400715333333333	3.1631171059666667
0.8621926504851987	0.027651	3.130585604183333
0.8639379797371932	0.024125806666666666	3.118295889253333
0.8656833089891874	0.025514170000000003	3.1344053086866666
0.8674286382411818	0.025223103333333333	3.160768475333333
0.869173967493176	0.016518329999999998	3.1692226499366662
0.8709192967451702	0.012245662999999999	3.166836623283333
0.8726646259971648	0.011362475666666665	3.15659189426
0.8744099552491591	0.012200286333333333	3.1433662426566666
0.8761552845011533	0.017406347	3.143472088036667
0.8779006137531478	0.021708980000000003	3.1545164953666665
0.8796459430051421	0.01883067	3.1536969279866662
0.8813912722571363	0.021701513333333332	3.1432070517533335
0.8831366015091309	0.027463853333333333	3.1183130695266668
0.8848819307611251	0.03463149	3.079712820166667
0.8866272600131193	0.04982902	3.05353311934
0.8883725892651138	0.06237022333333334	3.0523659035899997
0.890117918517108	0.05761378	3.0612583442599997
0.8918632477691024	0.05602762333333333	3.086760544796667
0.8936085770210968	0.06231790666666666	3.11377656679
0.895353906273091	0.06970922666666665	3.110898563816666
0.8970992355250853	0.08760828666666666	3.0831983247666668
0.8988445647770799	0.10804535333333332	3.0450608218633333
0.9005898940290741	0.10359165	2.9909250785366663
0.9023352232810684	0.09502972666666666	2.9558301961766666
0.9040805525330626	0.09974467	2.960129574653333
0.9058258817850569	0.10182627333333334	2.969926092193333
0.9075712110370514	0.10505309666666665	2.9688123069766665
0.9093165402890456	0.11923293333333332	2.9640274139399994
0.91106186954104	0.11711237	2.933887010723333
0.9128071987930344	0.10569714999999999	2.8974462000933334
0.9145525280450286	0.10805668666666668	2.8919465266333333
0.9162978572970231	0.10679176333333332	2.8982214189166666
0.9180431865490173	0.09504693333333332	2.8960537439666663
0.9197885158010117	0.09924304333333334	2.90213089115
0.921533845053006	0.10479348333333333	2.8934586978400003
0.9232791743050003	0.09938706666666666	2.859119549313333
0.9250245035569945	0.09917720333333332	2.8305477596133333
0.9267698328089891	0.09417021333333334	2.8090923584766667
0.9285151620609834	0.07057543666666666	2.7851084230366667
0.9302604913129776	0.06036191	2.7933400136066666
0.9320058205649719	0.06683077333333333	2.8271167738933327
0.9337511498169662	0.06848062333333332	2.85020580582
0.9354964790689607	0.06937966	2.8618925372666664
0.9372418083209549	0.06828361999999999	2.8566799934400002
0.9389871375729492	0.048644133333333325	2.8175200569866665
0.9407324668249435	0.03340352666666667	2.78298843315
0.9424777960769379	0.03568809666666667	2.77765441563
0.9442231253289324	0.03759828333333333	2.7832973251299995
0.9459684545809266	0.036359543333333334	2.7987377517999996
0.9477137838329208	0.03737285666666666	2.8224203422199996
0.9494591130849153	0.02694913666666667	2.8245479941133333
0.9512044423369096	0.015976887666666665	2.816092918333333
0.9529497715889038	0.016806124999999998	2.8157754479566663
0.9546951008408984	0.019466413333333335	2.812210677736666
0.9564404300928926	0.020904038	2.8094028113766667
0.9581857593448869	0.026171902	2.819651864786666
0.9599310885968813	0.022507901666666667	2.819885813513333
0.9616764178488755	0.01622724366666666	2.810155948046666
0.96342174710087	0.01799418	2.8029764252266665
0.9651670763528643	0.02126632333333333	2.787273252366666
0.9669124056048585	0.02570741	2.769030327603333
0.9686577348568528	0.03639215	2.772179804366667
0.9704030641088474	0.03720999666666667	2.7818397669433335
0.9721483933608416	0.033748219999999995	2.7930829795233336
0.9738937226128359	0.040086866666666665	2.81126402956
0.9756390518648301	0.04564266	2.8098913431199994
0.9773843811168246	0.047087823333333334	2.7790649063399995
0.9791297103688189	0.058293396666666664	2.75217329873
0.9808750396208131	0.06400301333333333	2.732315086923333
0.9826203688728073	0.06161796	2.722017285763333
0.9843656981248019	0.06843055666666666	2.7389333882533333
0.9861110273767961	0.07301464666666665	2.7572166233733335
0.9878563566287906	0.06389263666666667	2.7438059123233334
0.9896016858807848	0.06758378999999999	2.723735693836667
0.991347015132779	0.08095474333333333	2.7051680098733333
0.9930923443847736	0.08562705999999999	2.6816769428066665
0.9948376736367678	0.09180150666666666	2.6789700763199997
0.9965830028887621	0.09630234	2.6973248751766663
0.9983283321407567	0.08058627666666666	2.700682322343333
1.0000736613927508	0.07159997	2.69899848581
1.0018189906447452	0.08282331	2.69684927539
1.0035643198967397	0.08819218333333334	2.667934152969999
1.0053096491487339	0.08576977666666666	2.6282759511033333
1.007054978400728	0.08756407	2.6123533422699996
1.0088003076527223	0.07775717	2.6097852167599997
1.0105456369047165	0.06845306666666666	2.6262822414333336
1.0122909661567112	0.07963614666666666	2.6654081380733334
1.0140362954087054	0.08957448666666665	2.6821720530366666
1.0157816246606999	0.08353477999999999	2.6551055089866664
1.017526953912694	0.08015050333333332	2.6167328982799996
1.0192722831646883	0.07302149333333333	2.577065924013333
1.0210176124166828	0.05830515666666667	2.5493555461266664
1.022762941668677	0.05427677666666667	2.55996483857
1.0245082709206712	0.05790875666666667	2.5905124919333335
1.0262536001726654	0.054537916666666665	2.60640065644
1.02799892942466	0.057217439999999994	2.6143175879133334
1.0297442586766543	0.06322371333333332	2.6100477985333335
1.0314895879286488	0.057298009999999996	2.5866876819566667
1.0332349171806432	0.04607211333333333	2.56913446145
1.0349802464326374	0.03881427	2.5710087360733334
1.0367255756846316	0.03040523	2.57769370594
1.0384709049366259	0.02935133666666666	2.5911076160133337
1.0402162341886205	0.035200904666666664	2.59967230627
1.041961563440615	0.035453465	2.580906437256666
1.043706892692609	0.0302662738	2.54506892215
1.0454522219446034	0.02521420738333333	2.5153574210266663
1.0471975511965979	0.016543285466666665	2.4980693639333333
1.048942880448592	0.014517301333333331	2.5118917169833335
1.0506882097005863	0.022398092999999997	2.5554442623233333
1.0524335389525805	0.029289107333333335	2.5941675217266664
1.0541788682045747	0.03375229333333333	2.6084941792633334
1.0559241974565694	0.03791910666666667	2.5978168509866664
1.0576695267085636	0.03217293333333333	2.55624245858
1.059414855960558	0.02836717	2.511173692273333
1.0611601852125523	0.03824783	2.49449723015
1.0629055144645467	0.04709273666666667	2.4965693024899993
1.064650843716541	0.04760701666666667	2.5038026589899998
1.0663961729685352	0.051419563333333335	2.5190379354466668
1.0681415022205298	0.05099295666666667	2.520669042993333
1.069886831472524	0.04759229666666666	2.50230939694
1.0716321607245185	0.05690061333333333	2.487396826463333
1.0733774899765127	0.06984963333333333	2.478726918383333
1.0751228192285072	0.07122428333333333	2.470380910233333
1.0768681484805014	0.07676345666666666	2.4829095947399997
1.0786134777324956	0.08609729333333334	2.50669287197
1.0803588069844898	0.08362316333333333	2.509096506433333
1.082104136236484	0.07733082	2.4884609930033332
1.0838494654884787	0.07586632666666666	2.4533755915766666
1.085594794740473	0.06870689999999999	2.4040881897733333
1.0873401239924672	0.06721578666666667	2.3730280097833334
1.0890854532444616	0.08000604666666666	2.38279467482
1.0908307824964558	0.08793636999999999	2.4119554532533334
1.0925761117484503	0.08503434333333333	2.4421461260266666
1.0943214410004445	0.08692232	2.4697768701999996
1.0960667702524387	0.08800010333333333	2.4723003762966664
1.0978120995044334	0.08536292666666667	2.4473407572033334
1.0995574287564276	0.08804724	2.4168952704866666
1.101302758008422	0.08748784	2.386587394803333
1.1030480872604165	0.07338632666666667	2.3592471840766667
1.1047934165124107	0.06395503333333333	2.35658318201
1.106538745764405	0.06541581333333332	2.373735846483333
1.1082840750163991	0.06728504999999999	2.3885971695599997
1.1100294042683934	0.07109760666666666	2.3969347678166666
1.111774733520388	0.07903977	2.3988936043533333
1.1135200627723822	0.07856393	2.3894733169366664
1.1152653920243765	0.07274861666666665	2.384657937683333
1.117010721276371	0.06913943333333333	2.394385020843333
1.1187560505283651	0.061303866666666665	2.4059370267866664
1.1205013797803596	0.04772261666666666	2.409310273493333
1.1222467090323538	0.04140845666666666	2.405654017543333
1.123992038284348	0.04119572	2.388682483363333
1.1257373675363422	0.03942344666666667	2.3616531918333337
1.127482696788337	0.035954803333333334	2.3380685984966663
1.1292280260403311	0.03297033666666666	2.3276953573766663
1.1309733552923256	0.028449000000000002	2.3331069998233334
1.13271868454432	0.026208703333333333	2.354289902513333
1.1344640137963142	0.02729332333333333	2.3787665817366666
1.1362093430483085	0.02804507333333333	2.393212286663333
1.1379546723003031	0.024481718333333333	2.39065708575
1.139700001552297	0.01981613	2.3736778558466667
1.1414453308042918	0.01683540366666667	2.3513350826966666
1.143190660056286	0.015170041666666665	2.3346247458700002
1.14493598930828	0.012865298999999998	2.3254899206199995
1.1466813185602747	0.015081301066666665	2.3251576658266666
1.1484266478122689	0.021662792	2.328775741276666
1.150171977064263	0.02519566333333333	2.3246963287
1.1519173063162573	0.023365655333333332	2.3088801281966664
1.1536626355682515	0.022746895999999996	2.29297216244
1.1554079648202462	0.022822576666666664	2.283837328273333
1.1571532940722404	0.02542156	2.2863143075199996
1.1588986233242349	0.03479799333333333	2.3026713652566664
1.160643952576229	0.044747383333333335	2.321370658256666
1.1623892818282235	0.04574797333333333	2.324315731603333
1.1641346110802178	0.045508133333333325	2.3118773382033333
1.165879940332212	0.04796586666666667	2.288886166373333
1.1676252695842066	0.04683879333333333	2.2589812808566663
1.1693705988362009	0.04425716666666666	2.23579009261
1.171115928088195	0.04838003	2.23482558631
1.1728612573401895	0.053828539999999994	2.2509646150433333
1.1746065865921838	0.05879409333333333	2.27337354443
1.1763519158441782	0.06663604	2.29141312847
1.1780972450961724	0.07159576	2.29106143816
1.1798425743481666	0.06843948999999999	2.267813273273333
1.1815879036001609	0.06837931666666666	2.240293958793333
1.183333232852155	0.07414323333333334	2.2240722005933335
1.18507856210415	0.07656752	2.221633686296667
1.186823891356144	0.07447211999999999	2.2318399030233333
1.1885692206081382	0.07369594666666668	2.2502903968266663
1.1903145498601329	0.07141994333333332	2.2615959030833332
1.192059879112127	0.06975968	2.2582035219366663
1.1938052083641213	0.07401790999999999	2.24466017398
1.1955505376161155	0.07966384	2.2273702752533335
1.1972958668681097	0.07947712999999999	2.2124732129166667
1.1990411961201044	0.07920770333333334	2.2125229994566666
1.2007865253720988	0.07991011666666666	2.22716804549
1.2025318546240933	0.07447337333333333	2.239799527573333
1.2042771838760875	0.06384129	2.23813582535
1.2060225131280817	0.05745909	2.224940026743333
1.207767842380076	0.054524623333333334	2.202796182673333
1.2095131716320702	0.052923736666666665	2.1796722979466665
1.2112585008840648	0.05414044666666666	2.1692430207666664
1.213003830136059	0.054535179999999996	2.1747931852799995
1.2147491593880533	0.048220469999999994	2.1863948136599998
1.2164944886400477	0.042243409999999995	2.200515580056667
1.218239817892042	0.04050912333333333	2.210338103243333
1.2199851471440364	0.036658546666666667	2.2030987274599996
1.2217304763960306	0.029420836666666665	2.18034814335
1.2234758056480248	0.025405716666666665	2.159354068826666
1.225221134900019	0.02217221	2.146634252276667
1.2269664641520137	0.018111303333333332	2.14335981988
1.228711793404008	0.0167534	2.1497413517533333
1.2304571226560024	0.016853596666666665	2.15570407027
1.2322024519079966	0.014455066666666665	2.1496641754966666
1.233947781159991	0.014146973333333333	2.1377156261999994
1.2356931104119853	0.015564773333333334	2.1269440706466662
1.23743843966398	0.013982158000000001	2.1204339601066664
1.2391837689159741	0.010806210333333333	2.1254314518666666
1.240929098167968	0.009725722666666665	2.1441396409999998
1.2426744274199628	0.008779620766666666	2.163487886086666
1.244419756671957	0.010075909333333332	2.1733599659066662
1.2461650859239515	0.013806359666666665	2.16743324732
1.2479104151759457	0.015751995666666664	2.14268672622
1.24965574442794	0.015209750000000001	2.1097752686466666
1.2514010736799341	0.014725782000000001	2.0883059093833336
1.2531464029319284	0.012218382666666666	2.086573321276666
1.254891732183923	0.011161112666666667	2.106987343086667
1.2566370614359172	0.014663304333333332	2.14223661096
1.2583823906879115	0.017817639999999996	2.1707685251966664
1.260127719939906	0.018293503333333336	2.1765640134899997
1.2618730491919004	0.020783373333333334	2.1633307750200004
1.2636183784438946	0.02257516	2.1379265776133334
1.2653637076958888	0.02375306633333333	2.1144907310733334
1.267109036947883	0.029089056333333335	2.1109335474233335
1.2688543661998777	0.03363437733333333	2.12557969614
1.270599695451872	0.03110643333333333	2.142415575433333
1.2723450247038663	0.029819880666666666	2.1558103684433334
1.2740903539558606	0.031080081	2.1558506970533333
1.2758356832078548	0.029156156999999995	2.13292443986
1.2775810124598492	0.029564894666666664	2.10186394116
1.2793263417118435	0.036691811666666664	2.0847198144466668
1.2810716709638381	0.04292076366666667	2.08614747589
1.282817000215832	0.05143323533333333	2.111288702276666
1.2845623294678261	0.06435488666666667	2.153296229246666
1.286307658719821	0.06777435333333333	2.17915681229
1.288052987971815	0.05878465333333333	2.1692847441266667
1.2897983172238097	0.052528273333333333	2.137066636823333
1.2915436464758039	0.05006311	2.0931576785166666
1.293288975727798	0.049202366666666664	2.0511462135633334
1.2950343049797923	0.056676683333333325	2.03583422046
1.296779634231787	0.06639214333333333	2.0490070978899997
1.2985249634837812	0.06674675333333333	2.0709775782133333
1.3002702927357757	0.06751555	2.0971026433466666
1.3020156219877699	0.07295210999999999	2.1165501699666667
1.3037609512397643	0.0715947	2.10669511719
1.3055062804917585	0.06632223666666666	2.07418749262
1.3072516097437528	0.06790291	2.0463421837133335
1.308996938995747	0.06935367666666667	2.030339019726666
1.3107422682477412	0.06804000666666665	2.0304601738966666
1.3124875974997359	0.06906699	2.04977902731
1.31423292675173	0.06502748333333333	2.066379923346666
1.3159782560037245	0.05253556999999999	2.06042624694
1.3177235852557188	0.04726335666666666	2.0424134592833334
1.319468914507713	0.051796593333333335	2.018620027093333
1.3212142437597074	0.05516617333333333	1.9886991155566665
1.3229595730117016	0.057359193333333336	1.9696577257433332
1.3247049022636959	0.05980041666666666	1.9736727272799999
1.3264502315156905	0.055208756666666664	1.9902591817833333
1.3281955607676847	0.04784474666666667	2.01338238971
1.3299408900196792	0.044624308333333335	2.0351030163566666
1.3316862192716734	0.04073803133333333	2.0357155244833334
1.3334315485236676	0.035479600666666666	2.0129198926333336
1.3351768777756619	0.036345552999999996	1.9857622739499998
1.336922207027656	0.0390783591	1.9629117136433332
1.338667536279651	0.0377974652	1.9501165940033334
1.3404128655316452	0.035252184	1.9552105494366665
1.3421581947836396	0.031507440666666664	1.9691014047466666
1.3439035240356338	0.02496419	1.9767324926966667
1.345648853287628	0.022601779666666662	1.9788772680433333
1.3473941825396225	0.025278564666666663	1.9736750192633332
1.3491395117916167	0.02677433	1.9575496621333333
1.350884841043611	0.026935386666666665	1.9419625673366667
1.3526301702956052	0.027004406666666664	1.9366747999233334
1.3543754995475994	0.023430102666666664	1.9373702346533332
1.356120828799594	0.02004318833333333	1.94544894113
1.3578661580515883	0.020406718666666664	1.9580015226033334
1.3596114873035827	0.019657875	1.9592500244966662
1.361356816555577	0.016872346666666666	1.9470433122533333
1.3631021458075712	0.01667109333333333	1.9348286102766665
1.3648474750595656	0.016040756666666666	1.9248017624666667
1.3665928043115598	0.01476461	1.919003863703333
1.3683381335635545	0.017348765999999998	1.9232605255233335
1.3700834628155487	0.020102492333333333	1.92753991828
1.371828792067543	0.019189471	1.9207902807433332
1.3735741213195374	0.021138211666666663	1.9121354700966666
1.3753194505715316	0.024643078000000002	1.9047989651899997
1.377064779823526	0.023356742	1.8941858345866667
1.3788101090755203	0.021233950666666668	1.8895386950033333
1.3805554383275145	0.020930643	1.8965522802633332
1.3823007675795091	0.018347470666666664	1.9042144291233332
1.384046096831503	0.020204606666666666	1.9112136583766666
1.3857914260834978	0.029892002333333334	1.91710048215
1.387536755335492	0.03581672566666666	1.9076859822799999
1.3892820845874863	0.035626590666666666	1.8845601358533335
1.3910274138394805	0.03815374833333333	1.8682027955999998
1.3927727430914747	0.03966714666666667	1.8616846775866667
1.3945180723434691	0.03858849066666667	1.8618953311866666
1.3962634015954638	0.04241073299999999	1.87300621682
1.398008730847458	0.045440486	1.8834533764899999
1.3997540600994525	0.04072825	1.8784704853933332
1.4014993893514467	0.04109671233333333	1.8692478479866665
1.4032447186034411	0.04897899	1.8624454946366664
1.4049900478554354	0.050982089999999994	1.8493709207166664
1.4067353771074296	0.05017600666666667	1.8391994609066664
1.4084807063594238	0.055342380000000004	1.8460039449533334
1.410226035611418	0.05870804333333333	1.859880232
1.4119713648634127	0.06039904333333333	1.8739323363199998
1.413716694115407	0.06653364	1.8880613340866665
1.4154620233674011	0.06576851666666667	1.8860111700066666
1.4172073526193956	0.053573533333333326	1.86206370592
1.4189526818713898	0.047908099999999995	1.839265094983333
1.420698011123384	0.05114457666666666	1.8269926501333331
1.4224433403753782	0.05065520666666666	1.8183038463166667
1.4241886696273727	0.04984221333333333	1.8203808722966666
1.4259339988793673	0.05351733333333333	1.8364300022566664
1.4276793281313616	0.05308039666666667	1.8512976329933333
1.429424657383356	0.05055758666666666	1.8612288507399999
1.4311699866353502	0.051872829999999995	1.8678426887466666
1.4329153158873444	0.048446713333333336	1.8604211280333331
1.4346606451393389	0.03863542833333333	1.8417067423266666
1.436405974391333	0.03538789666666666	1.8322114216266665
1.4381513036433278	0.037447846666666666	1.8345558014566665
1.439896632895322	0.034944819999999994	1.84017038802
1.4416419621473162	0.030471393333333326	1.84926120801
1.4433872913993107	0.027447613333333332	1.856251578333333
1.4451326206513049	0.022398696666666666	1.8509746331466668
1.446877949903299	0.018962733	1.8396260636166666
1.4486232791552933	0.020215393666666664	1.8296639622966666
1.4503686084072875	0.02020093	1.8193802244066666
1.452113937659282	0.01737958333333333	1.8149985801533335
1.4538592669112762	0.016334056333333333	1.8243146013333331
1.4556045961632709	0.014941798	1.8390883463266665
1.457349925415265	0.011438721666666667	1.85098709719
1.4590952546672595	0.009334711966666666	1.8577838214866667
1.460840583919254	0.00859379	1.85246724292
1.4625859131712482	0.007478158866666666	1.8351574455133335
1.4643312424232424	0.008785277	1.8203745052999998
1.4660765716752366	0.011307928666666665	1.8138301435666666
1.4678219009272309	0.011221790666666665	1.8117891310599998
1.4695672301792255	0.010117068666666666	1.8156501318066667
1.4713125594312197	0.009398108666666665	1.8223457816699997
1.4730578886832142	0.007426112666666667	1.8225717246999997
1.4748032179352084	0.007826239666666667	1.8192332548299999
1.4765485471872026	0.012216141666666666	1.8174225258233332
1.478293876439197	0.014664465333333335	1.812274372283333
1.480039205691191	0.014054757333333334	1.8061422725899998
1.481784534943186	0.014972594666666667	1.8081441900766664
1.4835298641951802	0.015691373333333335	1.8129213802033333
1.4852751934471744	0.015333253333333333	1.8122831668766666
1.4870205226991688	0.01765292166666667	1.808101169013333
1.488765851951163	0.020090696999999998	1.7988946657266667
1.4905111812031575	0.019141182666666666	1.7836800748966666
1.4922565104551517	0.020269250333333332	1.7743759051333332
1.494001839707146	0.023794228333333337	1.7754296434633334
1.4957471689591406	0.02339606533333333	1.7773163133966667
1.4974924982111348	0.021726259333333334	1.7784343925533332
1.4992378274631293	0.02351774966666667	1.7813671998933334
1.5009831567151235	0.025166542	1.7793340267833333
1.5027284859671177	0.027553760666666666	1.7723078535
1.504473815219112	0.03319303566666666	1.76761478052
1.5062191444711062	0.03460446066666666	1.7628619962266665
1.5079644737231006	0.029688960666666667	1.7573966790166669
1.5097098029750948	0.028303304333333328	1.76052723328
1.511455132227089	0.030966575000000003	1.7690558412933335
1.5132004614790837	0.03221984966666666	1.77084002163
1.514945790731078	0.03582319333333333	1.7663129157399997
1.5166911199830724	0.04196418333333333	1.7581059266566665
1.5184364492350666	0.04384889	1.7436274406433334
1.520181778487061	0.04518237666666666	1.7314303829833335
1.5219271077390553	0.049324436666666666	1.7303601238433333
1.5236724369910495	0.047308369999999995	1.7335205052466667
1.5254177662430441	0.03982723333333334	1.7381741593466666
1.5271630954950384	0.039758339999999996	1.7510375589033331
1.5289084247470326	0.04580452999999999	1.7643848229766665
1.530653753999027	0.04938286333333333	1.7652325849666666
1.5323990832510213	0.052972156666666666	1.7567094753533334
1.5341444125030157	0.05687797666666666	1.7446760271733333
1.53588974175501	0.05554128666666666	1.73072574152
1.537635071007004	0.05414098333333334	1.72558344527
1.5393804002589988	0.057551899999999996	1.735370832633333
1.541125729510993	0.05738995	1.74783633793
1.5428710587629875	0.05247428999999999	1.7547901574799998
1.5446163880149817	0.05351324333333333	1.7599687806333333
1.546361717266976	0.05845338666666667	1.7586216601300002
1.5481070465189704	0.05696280666666667	1.7446629636
1.5498523757709646	0.05186896666666666	1.7284176254933332
1.5515977050229588	0.04919422999999999	1.7214741568699998
1.553343034274953	0.04627216333333334	1.7239674913233334
1.5550883635269477	0.04422833333333333	1.7355428239933333
1.556833692778942	0.046719526666666664	1.7523047425333331
1.5585790220309363	0.04796984333333333	1.7603088166899998
1.5603243512829306	0.044498960000000004	1.7535377506766667
1.5620696805349248	0.04332061333333333	1.7412201582333333
1.563815009786919	0.044500406666666666	1.7293320927666667
1.5655603390389135	0.04008274333333333	1.7186457156399997
1.5673056682909077	0.03239353	1.71575094271
1.5690509975429023	0.028784274333333332	1.72387977769
1.5707963267948966	0.027242783999999996	1.7347922229333332
1.5725416560468908	0.024907346	1.7408964713466664
1.5742869852988854	0.02409520433333333	1.7398542013533334
1.5760323145508797	0.023445425666666665	1.7295055175799998
1.5777776438028739	0.020688715666666666	1.7134315753999998
1.579522973054868	0.019263942666666665	1.7018473158599998
1.5812683023068623	0.019850127	1.69904143164
1.583013631558857	0.018013056666666666	1.7018115552666666
1.5847589608108512	0.014375356200000002	1.7078790920233333
1.5865042900628454	0.0127145356	1.714111252553333
1.5882496193148399	0.011969494233333332	1.7147245139566665
1.589994948566834	0.0104708011	1.7080341179866665
1.5917402778188283	0.009799433	1.6971645480533333
1.5934856070708228	0.010163484333333334	1.6852783345966664
1.5952309363228174	0.010566917666666665	1.6766262774866665
1.5969762655748112	0.011627599666666669	1.6756097517433333
1.5987215948268054	0.013206378	1.6815457688066666
1.6004669240788003	0.013793300333333331	1.6896960978933333
1.6022122533307945	0.013783801666666666	1.6959707592133333
1.603957582582789	0.014381228333333333	1.69682767889
1.6057029118347832	0.015400772	1.6902482369433331
1.6074482410867772	0.01661779533333333	1.6785869460933331
1.6091935703387716	0.018379171666666666	1.6668897171000001
1.6109388995907659	0.019928353	1.65911360372
1.6126842288427607	0.02074681633333333	1.65822256577
1.614429558094755	0.02189604	1.665138240703333
1.6161748873467492	0.0240231	1.676035413823333
1.6179202165987434	0.026314389999999997	1.6840880571933332
1.6196655458507376	0.029136203333333333	1.6852584655833334
1.621410875102732	0.03334247	1.6794907396599998
1.6231562043547263	0.03776015333333333	1.6691001196766666
1.624901533606721	0.04085954333333333	1.6587805831833333
1.6266468628587152	0.04295069666666666	1.6542971236066664
1.6283921921107094	0.04368849666666667	1.6574530366266667
1.630137521362704	0.04309424666666667	1.6660408495699999
1.6318828506146983	0.04401538	1.6770114505833331
1.6336281798666925	0.04796227	1.6856367815899997
1.6353735091186867	0.05217499666666667	1.685809948403333
1.637118838370681	0.055932113333333325	1.677409024973333
1.6388641676226756	0.06091199666666666	1.6664955585799999
1.6406094968746698	0.06532589666666666	1.65760214086
1.642354826126664	0.06658208666666666	1.6527947463633332
1.6441001553786583	0.06667554666666665	1.6551431732233333
1.6458454846306525	0.0672992	1.6640355394
1.647590813882647	0.06828458999999999	1.6742567131166668
1.6493361431346412	0.07154803333333333	1.68224830753
1.6510814723866354	0.07764824	1.6860456490066664
1.6528268016386303	0.08192634666666666	1.6820515806866665
1.654572130890624	0.08267498000000001	1.6718920771033332
1.6563174601426187	0.08321120666666665	1.66326711485
1.6580627893946132	0.0835895	1.65956378896
1.6598081186466074	0.08121328333333333	1.6585306749666664
1.6615534478986018	0.07887313333333332	1.6608192225533334
1.663298777150596	0.08006974333333333	1.6666033219133336
1.6650441064025903	0.08309635666666666	1.671042781323333
1.6667894356545845	0.08593577	1.6710790949966665
1.6685347649065787	0.08868587333333333	1.6683462862366665
1.6702800941585736	0.08846550333333333	1.6627116771800001
1.6720254234105678	0.08393392	1.655680256833333
1.673770752662562	0.07971157000000001	1.65334520322
1.6755160819145563	0.07795217666666666	1.6567470172533332
1.6772614111665505	0.07471627333333333	1.65935491751
1.679006740418545	0.07092579999999998	1.6595821621899998
1.6807520696705391	0.07095623333333333	1.6598654296433333
1.6824973989225334	0.07219770666666667	1.6578841829266664
1.684242728174528	0.06991042	1.6518731013499999
1.6859880574265222	0.06601467333333333	1.6463378132166664
1.6877333866785167	0.06175554666666666	1.6430403037333332
1.6894787159305111	0.05605511999999999	1.6408214383466666
1.6912240451825054	0.05187334	1.6415456339199999
1.6929693744344996	0.05103263	1.6442845448299999
1.6947147036864938	0.04871145333333333	1.6424934416033334
1.6964600329384885	0.04427523333333333	1.6363550249233332
1.6982053621904827	0.042103456666666664	1.63173281501
1.6999506914424771	0.04084417666666666	1.6291929074766665
1.7016960206944713	0.03646430333333334	1.6271603904733332
1.7034413499464653	0.031555366333333335	1.6281670215566666
1.7051866791984598	0.028696640666666665	1.6313713452433334
1.706932008450454	0.026507644	1.6330134963099998
1.708677337702449	0.024819392	1.6330382263133334
1.7104226669544431	0.024354715666666665	1.6318168768233332
1.7121679962064373	0.022983549333333332	1.6270887470566664
1.7139133254584316	0.020470538	1.6213715452133333
1.7156586547104258	0.018784325666666667	1.6191869087533333
1.7174039839624204	0.017885274333333333	1.6198298998233334
1.7191493132144147	0.016307968	1.62067705105
1.7208946424664089	0.014904294333333333	1.6217600985199998
1.722639971718403	0.014573574	1.62150470889
1.7243853009703973	0.014871425	1.6189274408133332
1.726130630222392	0.014577872333333334	1.6164318229399997
1.7278759594743864	0.013742226	1.6156438405366667
1.7296212887263807	0.013263129999999998	1.615323784993333
1.7313666179783749	0.013466399999999998	1.6162082791499999
1.733111947230369	0.013061218666666666	1.6184045115433332
1.7348572764823635	0.012420870333333334	1.61926222698
1.7366026057343578	0.01288110733333333	1.6171683545999997
1.738347934986352	0.014039730333333333	1.61293016451
1.7400932642383462	0.014390008333333332	1.6059984189133332
1.7418385934903404	0.014590273333333334	1.5981162768966666
1.7435839227423353	0.014910991666666666	1.5938619715200002
1.7453292519943295	0.014820835999999999	1.5946137092766666
1.7470745812463238	0.014836538166666666	1.5975343704533334
1.7488199104983182	0.015820023766666667	1.6018048206933333
1.7505652397503124	0.016024581333333333	1.6057365237233334
1.7523105690023066	0.01518350693333333	1.6050400889166667
1.7540558982543013	0.015625330049999997	1.5982413657466665
1.7558012275062955	0.017408148	1.5880162229733332
1.75754655675829	0.017191951033333333	1.5756756914499999
1.7592918860102842	0.01572455743333333	1.5651802947300002
1.7610372152622784	0.016143723266666667	1.5632234633833333
1.7627825445142726	0.017532311666666665	1.5697848623766666
1.7645278737662669	0.01728907366666667	1.5774840075033334
1.7662732030182617	0.01708647	1.5828923931333332
1.768018532270256	0.017472243	1.5843404776666665
1.7697638615222502	0.017053859666666664	1.5782540376599998
1.7715091907742444	0.017424905999999997	1.5658158674533333
1.7732545200262386	0.019935245666666664	1.55354482973
1.7749998492782333	0.020372328666666665	1.5434872409566665
1.7767451785302275	0.018501001333333333	1.53751646456
1.7784905077822217	0.019111164333333333	1.5400792860266668
1.780235837034216	0.021124003333333335	1.548580759833333
1.7819811662862102	0.019639773333333332	1.5541877732366667
1.7837264955382048	0.017456799	1.5561755013033332
1.785471824790199	0.017751920999999997	1.5569559686933332
1.7872171540421935	0.018338976666666666	1.55381427415
1.7889624832941877	0.019134108333333334	1.54611762085
1.790707812546182	0.021919846666666666	1.5380557375966666
1.7924531417981764	0.022558150333333332	1.5292642024566665
1.7941984710501706	0.02017760233333333	1.5211759845800001
1.7959438003021653	0.020437490333333332	1.5211184839233332
1.7976891295541597	0.023217502	1.5294458247366667
1.7994344588061533	0.022683081666666664	1.5371169489599998
1.8011797880581482	0.021384396333333333	1.54174443435
1.8029251173101424	0.023643497666666666	1.5441167067466666
1.8046704465621368	0.026107923000000005	1.5392149831466666
1.806415775814131	0.026052290666666665	1.5259669017933333
1.8081611050661253	0.026141499000000002	1.5132431247266667
1.8099064343181195	0.024711901999999997	1.5059219216733333
1.8116517635701137	0.020970925	1.5054156646933334
1.8133970928221086	0.020993796999999998	1.5153258775066665
1.8151424220741028	0.025927867	1.5308936497599999
1.816887751326097	0.027965493666666664	1.5373509208633334
1.8186330805780913	0.027900359333333333	1.5324276217133335
1.8203784098300855	0.03209153666666666	1.52535951375
1.82212373908208	0.03658837599999999	1.5180275164499997
1.8238690683340746	0.034875963999999995	1.5092188025
1.8256143975860688	0.031440284666666665	1.5059118669933333
1.827359726838063	0.029164696666666663	1.5085934037666666
1.8291050560900572	0.026062502666666668	1.5094487038733333
1.830850385342052	0.025956861666666668	1.50776803866
1.8325957145940461	0.03139341833333333	1.505747912813333
1.8343410438460404	0.03404536366666666	1.4983383278133333
1.8360863730980346	0.032937912	1.4898158510566666
1.8378317023500288	0.036393331333333334	1.4923041748766668
1.8395770316020235	0.041301352	1.5015905235966667
1.8413223608540177	0.03815752233333333	1.5031263841
1.843067690106012	0.03248736866666666	1.4979237413799997
1.8448130193580063	0.03172472366666666	1.49183659754
1.8465583486100006	0.03233450733333333	1.4832818426599998
1.8483036778619948	0.032944343333333334	1.4759564453866667
1.850049007113989	0.03680744833333333	1.4776685559433331
1.8517943363659835	0.038678425999999995	1.4831225560866665
1.8535396656179781	0.03605017753333333	1.4865854138366665
1.8552849948699723	0.035947773533333324	1.4915053965733334
1.8570303241219668	0.038093521133333336	1.4939601894266668
1.858775653373961	0.03405208573333333	1.4840173915833335
1.8605209826259552	0.028198075366666665	1.4697015932833333
1.8622663118779497	0.02922374503333333	1.4647042949033333
1.8640116411299439	0.03302589763333333	1.46635737924
1.865756970381938	0.033410568	1.4676164215899998
1.8675022996339323	0.033715298	1.4703427069566666
1.8692476288859265	0.03387015133333333	1.4718175068266666
1.8709929581379214	0.030972520333333337	1.4685759213333331
1.8727382873899157	0.028792046999999994	1.4673796828499999
1.8744836166419099	0.02967397	1.4718129282633332
1.876228945893904	0.027510744333333337	1.4732443138066666
1.8779742751458983	0.023708121000000002	1.4712586753099999
1.8797196043978928	0.025760350666666668	1.4722464532733333
1.881464933649887	0.030461706666666664	1.47072773848
1.8832102629018816	0.029697106666666667	1.45925176243
1.8849555921538759	0.027171149999999998	1.4473017143733333
1.88670092140587	0.0270796	1.44425245968
1.8884462506578648	0.02622704333333333	1.4482199972766665
1.890191579909859	0.024616519999999996	1.4576988932766666
1.8919369091618532	0.025618580000000002	1.4706624774033332
1.8936822384138474	0.02526252333333333	1.47525651467
1.8954275676658416	0.022728619999999998	1.4677496373366667
1.8971728969178363	0.024212059999999997	1.4581231692166665
1.8989182261698305	0.028365449999999993	1.44971401973
1.900663555421825	0.027031266666666668	1.4383908366066667
1.9024088846738192	0.02358308666666667	1.432338563243333
1.9041542139258134	0.024747270000000002	1.4393192197566667
1.9058995431778076	0.027114199999999998	1.4509182227066664
1.9076448724298019	0.026442333333333335	1.4577200071399998
1.9093902016817967	0.026335649999999995	1.4611013016033332
1.911135530933791	0.026641810000000002	1.45961211646
1.9128808601857852	0.024953863333333333	1.4526374947533331
1.9146261894377794	0.024093976666666662	1.4480429615033332
1.9163715186897738	0.025335053333333333	1.44850164516
1.9181168479417683	0.02319068333333333	1.4455314572633333
1.9198621771937625	0.019328371333333334	1.4405550324299998
1.9216075064457567	0.02061645333333333	1.4419907096266666
1.923352835697751	0.0247055	1.4461177779466665
1.9250981649497452	0.02429016333333333	1.4450751740299999
1.92684349420174	0.022404276666666667	1.44455680772
1.9285888234537343	0.023146556666666665	1.448843634173333
1.9303341527057285	0.023204916666666665	1.452025743303333
1.9320794819577227	0.020774683333333335	1.4512141592933334
1.933824811209717	0.01942685833333333	1.4485989224433333
1.9355701404617114	0.017869594	1.4406567608433332
1.9373154697137056	0.015245482	1.4294632695433331
1.9390607989656998	0.015656807999999998	1.4255542594366664
1.9408061282176947	0.018595920000000002	1.4299874656899996
1.9425514574696887	0.01740171833333333	1.43358863825
1.9442967867216832	0.014231489333333333	1.4376422877533335
1.9460421159736774	0.014593343666666665	1.4458803446166666
1.9477874452256718	0.01582616333333333	1.4507903769433332
1.949532774477666	0.014189409333333333	1.4462451246166665
1.9512781037296603	0.013349403	1.43841123654
1.953023432981655	0.013867002333333331	1.4308044425266666
1.9547687622336491	0.013531983666666665	1.4238614500666664
1.9565140914856434	0.013707496666666666	1.4222737818
1.9582594207376378	0.015040757333333335	1.4268882178166664
1.960004749989632	0.013483642333333334	1.4298233240833333
1.9617500792416263	0.010621469333333335	1.4310912527266666
1.9634954084936205	0.010748422	1.4361373035766665
1.9652407377456147	0.012358317666666669	1.4416006289233334
1.9669860669976096	0.012115699333333334	1.44116560355
1.9687313962496038	0.012438648666666666	1.4388169530033335
1.970476725501598	0.013974256999999999	1.4374425068366667
1.9722220547535922	0.014852337333333335	1.4338719693499997
1.9739673840055865	0.015332679333333332	1.42806405947
1.9757127132575811	0.0165259111	1.4239205631266665
1.9774580425095754	0.016029975966666665	1.4206150702099998
1.9792033717615696	0.014646468499999999	1.4198092772233333
1.9809487010135638	0.015459770433333334	1.4263133956433331
1.982694030265558	0.017661526033333333	1.4376949580466667
1.9844393595175527	0.017677648299999998	1.4450692683266664
1.9861846887695471	0.017340250099999996	1.4477902778566665
1.9879300180215413	0.018751075333333332	1.4482869063066666
1.9896753472735356	0.02027988513333333	1.4439147117366666
1.9914206765255298	0.020424052066666663	1.4336997917133332
1.9931660057775242	0.0211227654	1.42472903958
1.9949113350295185	0.021712796966666663	1.42083940439
1.9966566642815133	0.021654474899999998	1.4218586669699997
1.9984019935335076	0.023025889333333334	1.4284888984966666
2.0001473227855016	0.026153926333333334	1.4384989371966665
2.0018926520374962	0.026958297	1.4434415414166666
2.0036379812894904	0.026693514666666668	1.441984993593333
2.0053833105414847	0.02939600033333333	1.4390852499533333
2.0071286397934793	0.03314064666666666	1.43459817842
2.0088739690454736	0.03323374999999999	1.4257916047966666
2.0106192982974678	0.03241349566666667	1.4188148971466665
2.012364627549462	0.03322050866666666	1.41838381235
2.014109956801456	0.033548883	1.42095266559
2.0158552860534504	0.03272889066666666	1.4231324680766666
2.0176006153054447	0.03337674833333333	1.4260557875899997
2.019345944557439	0.033838017	1.4270570047166666
2.021091273809433	0.03391250533333333	1.4254471313933332
2.022836603061428	0.037039906666666664	1.42545470034
2.0245819323134224	0.04222049666666667	1.42726128931
2.0263272615654166	0.04324266666666666	1.4251921702333332
2.028072590817411	0.04196356666666666	1.4219565217299999
2.029817920069405	0.043160076666666665	1.42354858335
2.0315632493213998	0.04425541	1.4278404396533333
2.033308578573394	0.04124301666666666	1.4304168870133331
2.035053907825388	0.03833751	1.4350569980533332
2.036799237077383	0.03796131333333333	1.4428801402933331
2.0385445663293766	0.03798906333333334	1.4491789848633332
2.0402898955813713	0.03815183666666666	1.4515464222266665
2.0420352248333655	0.03962938666666666	1.4510670081933335
2.0437805540853597	0.03908464333333333	1.4456248925866666
2.045525883337354	0.03661254833333333	1.43744247321
2.047271212589348	0.03587003666666666	1.4327209837633332
2.0490165418413424	0.03611945	1.4317082072399998
2.0507618710933366	0.03328674333333333	1.4289187372733334
2.052507200345331	0.030474429999999997	1.4260878607266663
2.054252529597326	0.03135635333333333	1.426406130623333
2.05599785884932	0.033493333333333326	1.4268713102266668
2.0577431881013144	0.03339356333333333	1.4243746351333333
2.0594885173533086	0.03296288333333333	1.42310067473
2.0612338466053033	0.03257668	1.4247739795066665
2.0629791758572975	0.030759553333333335	1.4268763835033333
2.0647245051092917	0.027666163333333334	1.4276556524933333
2.0664698343612864	0.025112569666666668	1.4268149147933333
2.0682151636132806	0.022151249333333334	1.4213415463466668
2.069960492865275	0.019781520666666667	1.4124873567933331
2.071705822117269	0.02040461533333333	1.40521162938
2.0734511513692633	0.023178023333333332	1.4013331541533331
2.0751964806212575	0.02384854	1.3989226584066667
2.0769418098732517	0.023332435333333335	1.4011942261933332
2.078687139125246	0.023720782	1.4107120682933332
2.080432468377241	0.023123963333333334	1.4235831800366665
2.0821777976292353	0.019318600666666665	1.4342560514866665
2.08392312688123	0.015546414666666668	1.4424626952433333
2.0856684561332237	0.013125959333333333	1.4465724392833332
2.087413785385218	0.011373090666666665	1.4446213511866663
2.0891591146372126	0.011149091666666666	1.4383935351666666
2.090904443889207	0.012931924666666665	1.4317904558733332
2.0926497731412015	0.012995928333333332	1.42562032925
2.0943951023931957	0.011761627999999998	1.4232994355533333
2.0961404316451895	0.012060245999999998	1.42778567001
2.097885760897184	0.012390926999999998	1.4355507985133333
2.0996310901491784	0.009475333333333332	1.4394919072833332
2.1013764194011726	0.006556944	1.4386862546799997
2.103121748653167	0.0059786629999999995	1.4335248361666668
2.104867077905161	0.006107094099999999	1.4237460039566667
2.1066124071571553	0.0058421336666666665	1.41164498821
2.1083577364091495	0.006624931333333334	1.4025465063199998
2.1101030656611446	0.006952563133333333	1.3976312098933334
2.111848394913139	0.006469048166666666	1.3972128623866666
2.113593724165133	0.006672555933333333	1.4016250289466665
2.1153390534171272	0.007549738233333334	1.40867472361
2.1170843826691215	0.006424783366666666	1.4133914654200002
2.118829711921116	0.005037362566666667	1.41591448839
2.1205750411731104	0.006100454033333333	1.4175963760633334
2.1223203704251046	0.008243500666666667	1.4163223013433335
2.124065699677099	0.007876660333333334	1.40924843891
2.1258110289290935	0.007053737499999999	1.400049934773333
2.1275563581810877	0.008046287666666666	1.3930340741933334
2.129301687433082	0.009103099333333333	1.3904594006566668
2.131047016685076	0.008068037666666666	1.3941844235533332
2.1327923459370703	0.007469943999999999	1.4063186703200001
2.1345376751890646	0.007761403333333333	1.4229743337966667
2.1362830044410597	0.008003162666666666	1.4387949500566664
2.138028333693054	0.009037190333333334	1.4501030505266668
2.139773662945048	0.011652948566666665	1.4534833283133335
2.141518992197043	0.0126730862	1.4455471033566667
2.143264321449037	0.013056529999999998	1.43179566431
2.1450096507010312	0.016024737666666667	1.4207816557966666
2.1467549799530254	0.019727696666666666	1.4145970834633332
2.1485003092050197	0.019566255666666664	1.410564346723333
2.1502456384570143	0.018452475666666666	1.4102969588633334
2.1519909677090086	0.01947558633333333	1.4130302139233333
2.1537362969610028	0.020285341999999998	1.4135769692466664
2.155481626212997	0.01847237833333333	1.40879984107
2.157226955464991	0.017087915333333332	1.4015612135033333
2.1589722847169854	0.017017200666666666	1.3931875599866665
2.1607176139689797	0.017306726999999997	1.3853951915166667
2.162462943220974	0.018202614666666665	1.3812399101366666
2.164208272472968	0.020711546666666664	1.3817745825033332
2.1659536017249623	0.022716160666666665	1.3837322796966665
2.1676989309769574	0.024559857666666664	1.38788254293
2.1694442602289516	0.028052686666666667	1.3960066227866668
2.171189589480946	0.032074837999999994	1.4047871356033332
2.17293491873294	0.03284972766666666	1.408314948693333
2.1746802479849343	0.03247993166666667	1.4079890127299999
2.176425577236929	0.034112078	1.4062220134299999
2.178170906488923	0.036008165999999994	1.40135566557
2.179916235740918	0.03486763733333333	1.3922001028399997
2.1816615649929116	0.03371293	1.3843357654966664
2.183406894244906	0.034745914999999995	1.3816494930899998
2.1851522234969005	0.036033041333333335	1.3840450512399998
2.1868975527488947	0.03574162433333333	1.3903682036966665
2.188642882000889	0.03611314266666666	1.4001737258933336
2.190388211252883	0.037303924	1.4092155246966667
2.1921335405048774	0.03872394933333333	1.4143394220833332
2.1938788697568716	0.04071859	1.4148613193266666
2.1956241990088667	0.04384335066666667	1.4107775914966665
2.197369528260861	0.04583993833333333	1.4013996344633333
2.199114857512855	0.047158134	1.3916785760866666
2.20086018676485	0.04955369999999999	1.3873665077499997
2.202605516016844	0.05201392333333333	1.3887643104466667
2.2043508452688383	0.05096391333333333	1.3918090345133332
2.206096174520833	0.04884250233333333	1.3969212906266666
2.207841503772827	0.04934522	1.4040592286566664
2.2095868330248214	0.05076037	1.4088032125099998
2.2113321622768156	0.04923371333333333	1.4069246963666668
2.21307749152881	0.04813113333333333	1.40193304612
2.214822820780804	0.05027935333333333	1.39711562994
2.2165681500327983	0.05288805333333333	1.3920488937100002
2.2183134792847925	0.05306816	1.3860087779033332
2.2200588085367867	0.05355178666666666	1.38160352526
2.221804137788781	0.05485220999999999	1.3790098536466666
2.223549467040776	0.05568236333333333	1.3783343586333334
2.2252947962927703	0.05618840333333333	1.3808030413999997
2.2270401255447645	0.057558976666666664	1.38711995118
2.2287854547967587	0.05796470999999999	1.3942026230966666
2.230530784048753	0.05806229666666666	1.4010118782466665
2.2322761133007476	0.059678183333333336	1.4068252068566667
2.234021442552742	0.06181648666666667	1.4086462953899999
2.235766771804736	0.060949953333333334	1.4029557835966664
2.2375121010567303	0.05928485333333333	1.3937971320899998
2.239257430308725	0.060153076666666666	1.3870017341666667
2.241002759560719	0.06182082666666666	1.3836718133133332
2.2427480888127134	0.060176299999999995	1.3815105078599998
2.2444934180647076	0.058581126666666664	1.3829351452099998
2.246238747316702	0.06071549666666666	1.38882649641
2.247984076568696	0.06343852333333333	1.3945157928833334
2.2497294058206903	0.062192026666666664	1.3951213331499999
2.2514747350726845	0.06056308666666667	1.3935098522933331
2.2532200643246787	0.06114811333333334	1.3920260660600001
2.254965393576674	0.06121267666666667	1.3892951075966666
2.256710722828668	0.058814889999999995	1.3840899441033332
2.2584560520806622	0.057111659999999995	1.3787173738966665
2.260201381332657	0.05611765333333333	1.3730568616433332
2.261946710584651	0.05481525333333333	1.3679919263066669
2.2636920398366454	0.054114256666666666	1.3666888789533331
2.26543736908864	0.054450463333333324	1.3711908525033332
2.2671826983406342	0.052586083333333325	1.3786400207433331
2.2689280275926285	0.05014803666666666	1.3887179223466666
2.2706733568446227	0.05087132666666666	1.4008246667399997
2.272418686096617	0.05289724666666666	1.4089750366899998
2.274164015348611	0.05114742	1.40606891968
2.2759093446006062	0.04941361666666667	1.3963007808633334
2.2776546738525996	0.052216263333333325	1.3871608352699998
2.279400003104594	0.05537812666666667	1.379718147706667
2.281145332356588	0.05313469333333333	1.3725684592133334
2.2828906616085836	0.05006971666666667	1.3710743133099998
2.284635990860578	0.049969059999999996	1.376946504413333
2.286381320112572	0.04929408333333333	1.3839587974866667
2.288126649364566	0.045324656666666664	1.3866123067933334
2.28987197861656	0.04276186	1.3873990427066665
2.291617307868555	0.04325056	1.3873134453499998
2.2933626371205493	0.04468691	1.3852084624766665
2.2951079663725436	0.04607807	1.38115290838
2.2968532956245378	0.04830912333333333	1.37646344225
2.2985986248765315	0.048924883333333336	1.3692256770566664
2.300343954128526	0.04764813666666666	1.3611491200133332
2.3020892833805204	0.04646433333333333	1.3568411327499998
2.3038346126325147	0.04522404	1.3578377875899998
2.305579941884509	0.040782526666666666	1.3611651700833332
2.307325271136503	0.036680646666666664	1.3688107570566665
2.309070600388498	0.037896976666666665	1.381849529393333
2.3108159296404924	0.04158481666666667	1.39313769047
2.3125612588924866	0.04142993	1.3943149858566666
2.314306588144481	0.041379896666666666	1.39002179183
2.316051917396475	0.04549980999999999	1.3871603275466664
2.3177972466484698	0.04819715333333333	1.38466211704
2.319542575900464	0.04404163	1.38031561751
2.321287905152458	0.039039233333333326	1.3796383245066668
2.3230332344044524	0.03711004	1.3835984213633332
2.324778563656447	0.03565823333333333	1.3866281593
2.3265238929084413	0.03391867666666667	1.3856677509933333
2.3282692221604355	0.035491739999999994	1.3835670969099998
2.3300145514124297	0.03917850999999999	1.3802188310566668
2.331759880664424	0.04290027333333333	1.3757872176533334
2.333505209916418	0.04608204999999999	1.371692920993333
2.3352505391684133	0.04762065	1.3676250209266665
2.3369958684204075	0.044550900000000004	1.36054431274
2.3387411976724017	0.039116913333333336	1.3534808521666666
2.340486526924396	0.03494535666666667	1.3509212784266666
2.34223185617639	0.032036866666666663	1.3520692593066663
2.343977185428385	0.02784714333333333	1.3526479945766667
2.345722514680379	0.026060549000000002	1.3548454827666667
2.3474678439323733	0.03035809066666666	1.3603873634399997
2.3492131731843675	0.03681805666666667	1.3645990574266667
2.3509585024363617	0.038861606	1.3631194871666665
2.3527038316883564	0.039848601	1.3626280524866667
2.3544491609403506	0.04312860933333333	1.3687789522033331
2.356194490192345	0.04383063666666666	1.3781346075233334
2.357939819444339	0.038112437	1.3853953861400001
2.3596851486963333	0.03242163499999999	1.3916460908799997
2.3614304779483275	0.030342362666666664	1.39499742518
2.3631758072003217	0.029887251000000004	1.3917341006633333
2.364921136452316	0.030573120666666665	1.3825772759833335
2.36666646570431	0.034445734	1.3722983710466665
2.3684117949563044	0.038812740666666665	1.3618910582933332
2.3701571242083	0.04178032499999999	1.3531635000400002
2.371902453460294	0.04318078733333334	1.3477654337533331
2.373647782712288	0.04207297199999999	1.3442216755966663
2.375393111964282	0.036480695	1.3393915781533334
2.3771384412162764	0.029908572333333334	1.33680082024
2.3788837704682715	0.026116985666666665	1.33980081248
2.3806290997202657	0.024647243333333332	1.3457676579066666
2.38237442897226	0.022610266000000004	1.3491808290766667
2.384119758224254	0.022724208	1.3505302925799998
2.3858650874762484	0.027145918666666664	1.3502663853033332
2.3876104167282426	0.03196012066666666	1.3461128516266667
2.389355745980237	0.032038437	1.3381218719633332
2.391101075232231	0.030970072	1.3344074170066667
2.3928464044842253	0.031625569666666666	1.3398449841466666
2.3945917337362195	0.030793677999999998	1.351791740763333
2.3963370629882146	0.02631083366666666	1.3648013074933332
2.398082392240209	0.023175971666666663	1.3760550031166665
2.3998277214922035	0.023164746666666666	1.3806979148333334
2.4015730507441977	0.024576025333333334	1.3763781512533333
2.403318379996192	0.026591047999999996	1.3652969057066664
2.4050637092481866	0.029998147000000003	1.3519669154266665
2.406809038500181	0.032509772333333326	1.33846693916
2.408554367752175	0.033355248	1.3286506789033332
2.4102996970041692	0.032655643	1.3245679521033333
2.4120450262561635	0.030516134	1.32492589343
2.4137903555081577	0.026272804	1.3272994659366666
2.415535684760152	0.02257021566666667	1.3338142491933331
2.417281014012146	0.021316775666666666	1.3448150295866665
2.4190263432641403	0.022017996333333335	1.3569420908066665
2.4207716725161346	0.022338959999999998	1.3652553443099997
2.4225170017681297	0.02354821	1.3684272156
2.424262331020124	0.02612088	1.3650145165699998
2.426007660272118	0.027867796666666667	1.3552504647066668
2.4277529895241123	0.02635127	1.3423567805233332
2.4294983187761066	0.02412743	1.33304664964
2.4312436480281012	0.02244716	1.3307943234966666
2.4329889772800954	0.020514813333333333	1.3365974411166666
2.4347343065320897	0.01783473333333333	1.3479816711666666
2.436479635784084	0.016674913333333333	1.36022864682
2.438224965036078	0.017185683333333333	1.3670704843633334
2.4399702942880728	0.01891540333333333	1.36701427133
2.441715623540067	0.020647404333333334	1.3607130719833331
2.443460952792061	0.022572252333333334	1.3500744555166666
2.4452062820440554	0.024154766666666664	1.3374058613266666
2.4469516112960497	0.024882873333333333	1.3271553139399999
2.448696940548044	0.023467106666666668	1.320985581233333
2.450442269800038	0.021515850000000003	1.3194657926233333
2.4521875990520323	0.020025543333333333	1.3222771275766667
2.4539329283040274	0.019037886666666667	1.3296735550566665
2.4556782575560216	0.018043363333333333	1.3396603438699999
2.457423586808016	0.018380419999999998	1.3505506216633334
2.4591689160600105	0.019290723333333336	1.3593359771966667
2.4609142453120048	0.020262056666666667	1.36323218337
2.462659574563999	0.020661896666666665	1.3594764748899997
2.464404903815993	0.020562086333333333	1.3498137372066665
2.466150233067988	0.019279396666666664	1.3379858335166666
2.467895562319982	0.017817589999999998	1.3281962228933333
2.4696408915719763	0.016101226333333333	1.322779016293333
2.4713862208239705	0.014798592666666666	1.3254568005899998
2.4731315500759647	0.014039503333333331	1.3362526869633333
2.47487687932796	0.014198546666666666	1.3503051153866665
2.476622208579954	0.014571976666666667	1.3611124332866666
2.4783675378319483	0.015780396666666665	1.3675562540366664
2.4801128670839416	0.016921346666666663	1.3690282913366665
2.481858196335936	0.017995363333333333	1.36519844648
2.4836035255879314	0.019071609999999996	1.3574702474333336
2.4853488548399256	0.019982356666666666	1.3504632398666665
2.48709418409192	0.019069486666666663	1.3457441605433333
2.488839513343914	0.017937393333333333	1.3436860437533333
2.490584842595908	0.017600136666666665	1.3439309852499997
2.492330171847903	0.017321556666666668	1.3466133878233333
2.494075501099897	0.015836199999999998	1.35003356804
2.4958208303518914	0.015112069666666667	1.35435709004
2.4975661596038856	0.015507943333333333	1.35915055272
2.49931148885588	0.01609077333333333	1.3624644299433335
2.501056818107874	0.015376490000000001	1.36052620934
2.5028021473598683	0.014879093333333331	1.35430759414
2.5045474766118625	0.015396599999999998	1.34622330572
2.5062928058638567	0.016100916	1.3373577139866666
2.508038135115851	0.015050351666666666	1.32871239818
2.509783464367846	0.014481672666666667	1.3272862145966666
2.5115287936198403	0.015567462666666665	1.3366922154133332
2.5132741228718345	0.016570163333333332	1.3521625257766665
2.5150194521238287	0.015710649	1.366213387463333
2.516764781375823	0.015514838666666664	1.3774542510466665
2.5185101106278176	0.01611959933333333	1.3834575039299999
2.520255439879812	0.016334737666666665	1.38086879648
2.522000769131806	0.015817566666666664	1.37052959093
2.5237460983838007	0.015752816666666662	1.3593773004099998
2.525491427635795	0.015043987666666665	1.3506050568
2.527236756887789	0.014398990333333334	1.3440225429299997
2.5289820861397834	0.014493275666666666	1.3381703864866668
2.5307274153917776	0.014929469666666667	1.3326350507466667
2.532472744643772	0.013985138999999997	1.3259135629699998
2.534218073895766	0.013339339666666667	1.3203492621733333
2.535963403147761	0.013887977666666666	1.31949525599
2.5377087323997554	0.014395470666666663	1.32441545701
2.5394540616517496	0.012772834333333333	1.33147908582
2.541199390903744	0.011572946	1.3390939619233333
2.542944720155738	0.012338446333333333	1.3446805258433332
2.5446900494077327	0.013126258333333331	1.3439159374699998
2.546435378659727	0.011541019999999999	1.3356043809633331
2.548180707911721	0.010846431	1.3286603142633333
2.5499260371637154	0.012432919333333334	1.3304417675466667
2.5516713664157096	0.013927640666666666	1.33979471547
2.5534166956677042	0.013392511333333336	1.3512559040833332
2.5551620249196985	0.013614024666666663	1.3630925927066664
2.5569073541716927	0.014808185666666668	1.3712221088166665
2.558652683423687	0.015260247666666667	1.3709653622633333
2.560398012675681	0.014047711333333332	1.3631143219966666
2.5621433419276762	0.013182594333333334	1.3561344904533332
2.5638886711796696	0.012596765333333333	1.3542443094866665
2.565634000431664	0.012196858333333333	1.3551580368433331
2.567379329683658	0.011901832666666667	1.3536090094933333
2.5691246589356522	0.012343923666666666	1.3469984107066666
2.570869988187648	0.012197991333333333	1.3334930105066667
2.572615317439642	0.012102343000000002	1.3165986858466667
2.5743606466916362	0.012687885333333333	1.3037579749633332
2.57610597594363	0.013360827666666667	1.30157691272
2.5778513051956247	0.012130988000000002	1.3093498504833332
2.5795966344476193	0.011230204333333335	1.3238624012966667
2.5813419636996136	0.011982462333333332	1.3387974646766665
2.5830872929516078	0.012566461666666667	1.3468350811266667
2.584832622203602	0.010924535333333332	1.3447357818366665
2.586577951455596	0.010400343666666666	1.340052785153333
2.5883232807075904	0.012404897666666666	1.3401343528033334
2.5900686099595847	0.014748852	1.3445771219066665
2.591813939211579	0.015184381333333333	1.3478360432266667
2.593559268463574	0.016240417666666666	1.3481532349733334
2.595304597715568	0.018324026	1.34299746823
2.5970499269675624	0.019001882999999997	1.3301812463999998
2.598795256219557	0.016513932666666665	1.31362305094
2.6005405854715513	0.014049074666666665	1.3055336399666664
2.6022859147235455	0.012558161333333331	1.3114678536433333
2.6040312439755398	0.011002912666666666	1.3262741907133333
2.6057765732275344	0.009258663333333333	1.3406007400166668
2.6075219024795286	0.009306497666666667	1.3487326867666667
2.609267231731523	0.009818445999999998	1.3459467110933332
2.611012560983517	0.011020465666666666	1.3339884324166666
2.6127578902355113	0.013914707333333333	1.3206920882366666
2.6145032194875055	0.017164988	1.3137642183666665
2.6162485487394997	0.017585321666666667	1.3136936455833332
2.617993877991494	0.017826907666666662	1.3193620628866667
2.619739207243488	0.01937381333333333	1.3267536498099999
2.6214845364954824	0.019345209999999998	1.3304480262333334
2.6232298657474775	0.015733560666666667	1.3288529575033332
2.6249751949994717	0.013026807666666664	1.3298174822399997
2.626720524251466	0.012951411999999999	1.3388516214466666
2.62846585350346	0.013276943999999999	1.3529948523400002
2.6302111827554544	0.012184989666666667	1.3644584906766666
2.631956512007449	0.012696494999999999	1.36971624236
2.6337018412594433	0.015418404666666666	1.3655320541533333
2.6354471705114375	0.017586209666666665	1.3500068012733335
2.6371924997634317	0.016794884333333333	1.32749884032
2.638937829015426	0.016190094333333335	1.3112113256733333
2.6406831582674206	0.016687171333333334	1.30864008181
2.642428487519415	0.016168829333333332	1.316762746183333
2.644173816771409	0.013793270333333331	1.3285741235733333
2.6459191460234033	0.012701503666666666	1.3411949570100001
2.6476644752753975	0.012687763333333333	1.3503954006366667
2.6494098045273917	0.013200205333333334	1.3534108195633334
2.651155133779386	0.014589251333333334	1.35183353603
2.652900463031381	0.01697990733333333	1.3503922825566665
2.6546457922833753	0.018170496666666664	1.3488531438533333
2.6563911215353695	0.019284590333333334	1.3454285663699999
2.658136450787364	0.020853193333333332	1.3383914614499999
2.6598817800393584	0.021336889	1.3281484681766664
2.6616271092913526	0.018981215333333332	1.3161515201233334
2.663372438543347	0.016827475999999997	1.3085138635533333
2.665117767795341	0.016515863	1.3099488109833333
2.6668630970473353	0.016393872999999996	1.31965133623
2.66860842629933	0.014164291333333332	1.3316955363899998
2.6703537555513237	0.013581291666666665	1.3438218187433333
2.6720990848033184	0.016804117666666667	1.353319512783333
2.673844414055312	0.019888267666666667	1.3546640116766666
2.6755897433073077	0.018827186333333332	1.34530196124
2.677335072559302	0.018845160333333333	1.33406160481
2.679080401811296	0.022401672666666664	1.3274418889066666
2.6808257310632904	0.024078416	1.3223494610533333
2.6825710603152837	0.02064124633333333	1.3154430628533333
2.6843163895672792	0.01865066	1.3129060982599998
2.6860617188192735	0.020219444666666662	1.3164623476633333
2.6878070480712677	0.020631816333333334	1.3197937543266667
2.689552377323262	0.017787016666666662	1.3195844810433333
2.691297706575256	0.016962434999999998	1.3222551543199998
2.6930430358272504	0.01908645033333333	1.3289176112866665
2.694788365079245	0.020547181	1.3332126803066666
2.696533694331239	0.019700801666666667	1.3315660078499998
2.6982790235832335	0.020111470666666666	1.3290357105433332
2.7000243528352272	0.021654468666666666	1.32715036966
2.701769682087222	0.022356196666666665	1.3240971582166665
2.703515011339216	0.022046025333333334	1.3208592745066667
2.7052603405912103	0.02248413533333333	1.3221397527366667
2.7070056698432046	0.02216884333333333	1.3270227390699998
2.708750999095199	0.021843795333333332	1.3328730952033334
2.710496328347194	0.022774569666666668	1.33767363505
2.712241657599188	0.023635117666666667	1.3397459810266668
2.7139869868511823	0.021806399666666663	1.3360054856099999
2.7157323161031766	0.020783259999999998	1.3285496584499998
2.7174776453551712	0.022410318333333335	1.3201073479799998
2.7192229746071654	0.023418245333333337	1.31058036711
2.7209683038591597	0.021055823666666668	1.29885313646
2.722713633111154	0.020299338666666666	1.2900927929233332
2.7244589623631486	0.02348086333333333	1.2875197796866664
2.7262042916151423	0.026065171999999998	1.2880337906966666
2.727949620867137	0.024188845666666667	1.2884351118766666
2.729694950119131	0.024127157333333333	1.2950851038733333
2.7314402793711254	0.02909894033333333	1.3104676868
2.7331856086231197	0.03213060433333333	1.3256839935633336
2.734930937875114	0.028305772666666663	1.3329131408933332
2.736676267127109	0.026526393	1.3387510011266666
2.738421596379103	0.030760030666666667	1.346301848183333
2.7401669256310974	0.032628695	1.3473436979899998
2.7419122548830916	0.028016146999999998	1.3386333514966666
2.743657584135086	0.0266459	1.3321725129966666
2.7454029133870805	0.031318442	1.33224313813
2.7471482426390748	0.03360250266666666	1.3290138995866667
2.748893571891069	0.029854887666666663	1.3174947210833334
2.750638901143063	0.028663426	1.3083145992233334
2.7523842303950574	0.03244426266666667	1.3061905675099998
2.754129559647052	0.033987883999999996	1.3041436215466664
2.755874888899046	0.03012369233333333	1.2996882686
2.7576202181510405	0.028674462666666668	1.3023371203233334
2.7593655474030343	0.03140847233333333	1.3126185791566667
2.761110876655029	0.032228504666666664	1.3203000765433333
2.762856205907024	0.029665877	1.3215404143199998
2.7646015351590183	0.029911279	1.3242045955633333
2.7663468644110116	0.03248497066666667	1.3299345252399999
2.768092193663006	0.034065625333333335	1.33515908242
2.769837522915	0.03491567566666666	1.3394132667733332
2.7715828521669956	0.03614703266666666	1.3442834881033332
2.77332818141899	0.035023461	1.3454450952533332
2.775073510670984	0.03346382466666667	1.3410167897933332
2.7768188399229783	0.033782009333333335	1.33287472801
2.7785641691749725	0.033576843333333335	1.32310810435
2.780309498426967	0.030079421999999998	1.3125814008366667
2.782054827678961	0.028669191666666666	1.3071651821899999
2.7838001569309556	0.031844146	1.3091223135333332
2.7855454861829494	0.03434747666666667	1.3126150323433332
2.787290815434944	0.03228417066666667	1.31134095525
2.7890361446869383	0.03283779666666667	1.3103043136099999
2.7907814739389325	0.039202283	1.3133773841899998
2.7925268031909276	0.04315448333333333	1.3153277849633334
2.794272132442922	0.039208149666666664	1.3128818962733333
2.796017461694916	0.037425204999999996	1.31616408465
2.7977627909469107	0.04227656999999999	1.32796223924
2.799508120198905	0.04331836333333333	1.3352318419366667
2.801253449450899	0.03559896466666666	1.33035329879
2.8029987787028934	0.032292048	1.3259982269833333
2.8047441079548876	0.037982493333333325	1.3287454654566666
2.8064894372068823	0.040387726666666665	1.3287131537366665
2.808234766458876	0.03422621666666667	1.32195380955
2.8099800957108707	0.03283336666666666	1.3221882007333332
2.8117254249628645	0.04012198	1.3313989836933333
2.813470754214859	0.043212846666666666	1.3328063428699999
2.8152160834668534	0.03696505333333333	1.3192233135499998
2.8169614127188476	0.034877446666666666	1.3066186669
2.818706741970842	0.04053406333333333	1.30273394014
2.820452071222836	0.041608903333333336	1.2980061759666666
2.8221974004748303	0.03437675999999999	1.2902190064366668
2.8239427297268254	0.03189528	1.2931089492599999
2.8256880589788196	0.03673238333333333	1.3064962437799998
2.827433388230814	0.03828907666666667	1.3140317660933332
2.829178717482808	0.03363798	1.3099192384166667
2.8309240467348022	0.032687083333333325	1.3071940923633332
2.832669375986797	0.036681036666666667	1.3108462914033332
2.834414705238791	0.037738473333333335	1.3135315637999998
2.8361600344907854	0.03385126	1.3128158949
2.8379053637427796	0.03305955	1.3161474072233332
2.839650692994774	0.03641548666666667	1.3210892128
2.841396022246768	0.0380153	1.317672642
2.8431413514987627	0.03665929333333333	1.3057185000566667
2.8448866807507565	0.03832339666666666	1.29779938894
2.846632010002751	0.042533716666666666	1.2994372213733332
2.8483773392547453	0.045905086666666664	1.3082261382433331
2.8501226685067405	0.04843075	1.32138866177
2.8518679977587347	0.05142202666666666	1.3364606373966663
2.853613327010729	0.05208599	1.3453388581099999
2.855358656262723	0.051204573333333336	1.3440658261033331
2.8571039855147173	0.05020209666666667	1.3355385613766668
2.858849314766712	0.047627249999999996	1.3254962763
2.8605946440187062	0.04199947666666666	1.31710074654
2.8623399732707004	0.03810803333333333	1.31421219415
2.8640853025226947	0.037779066666666666	1.31543981136
2.865830631774689	0.03746910333333333	1.3138225670366668
2.8675759610266836	0.03454301333333333	1.3043648217333332
2.8693212902786778	0.03496518999999999	1.2949311313566665
2.871066619530672	0.04161820333333333	1.2942447104099999
2.872811948782666	0.04739260666666667	1.3009422266300001
2.87455727803466	0.04643032666666667	1.3105774651866666
2.8763026072866555	0.04840741999999999	1.3283849265066667
2.8780479365386498	0.0576332	1.3510693307633332
2.879793265790644	0.06082664	1.3600789690366668
2.881538595042638	0.05169861333333334	1.3481474594133331
2.8832839242946324	0.04725404999999999	1.3352176070633333
2.885029253546627	0.05313142333333333	1.3326963249766666
2.8867745827986213	0.05294353999999999	1.32879733523
2.8885199120506155	0.04185386333333333	1.3179013913466666
2.8902652413026098	0.038153136666666664	1.31445595022
2.892010570554604	0.04564556666666667	1.31907171914
2.893755899806598	0.04778943	1.3140550771566666
2.895501229058593	0.03998545666666667	1.2974210303066667
2.8972465583105866	0.03952778666666666	1.2924874399633333
2.8989918875625813	0.050267606666666666	1.3063157078533334
2.900737216814575	0.054790646666666665	1.31887312638
2.9024825460665697	0.04694324333333333	1.3190505635466665
2.904227875318564	0.04561912666666666	1.3217591032433333
2.905973204570558	0.055896833333333326	1.3299278743866667
2.9077185338225524	0.058858823333333324	1.3260030332733335
2.9094638630745466	0.04913602	1.3090133353533333
2.9112091923265417	0.047001836666666665	1.3036549407999998
2.912954521578536	0.05559288666666666	1.3141288382399998
2.91469985083053	0.055793319999999993	1.3182324436966666
2.916445180082525	0.04413706333333334	1.30877745109
2.918190509334519	0.039566243333333334	1.3050578334933334
2.9199358385865133	0.04496907666666666	1.3123357641866664
2.921681167838508	0.04506075666666666	1.31596620424
2.9234264970905017	0.03674995666666667	1.3132506756533333
2.9251718263424964	0.03558298666666666	1.320338490843333
2.92691715559449	0.044038419999999995	1.3359147921399999
2.928662484846485	0.047781786666666666	1.3393507820366666
2.930407814098479	0.043089180000000005	1.3258589326666665
2.9321531433504733	0.04541419	1.3159007127199998
2.9338984726024675	0.056904333333333335	1.3164714675366667
2.9356438018544617	0.06186278666666667	1.3140870973866665
2.937389131106457	0.05609725	1.3049562266066665
2.939134460358451	0.05403798333333333	1.3024373428766665
2.9408797896104453	0.05701623	1.3053398103666667
2.9426251188624395	0.053212789999999996	1.3000148267566667
2.9443704481144337	0.04254897666666666	1.28816281427
2.9461157773664284	0.03777021666666666	1.2877029867899998
2.9478611066184226	0.03938116666666667	1.3014447250999999
2.949606435870417	0.03923731666666667	1.3170530177899997
2.951351765122411	0.03673571	1.3277961085466665
2.9530970943744053	0.03939405666666666	1.3376723698566666
2.9548424236264	0.04694522333333333	1.3440792036266667
2.956587752878394	0.05368941333333333	1.3413478916033332
2.9583330821303884	0.05771042666666666	1.3329764689366668
2.960078411382382	0.06326887666666665	1.3302840506333333
2.961823740634377	0.06899731999999999	1.3336653864866665
2.963569069886372	0.06989680333333333	1.3349168346066664
2.965314399138366	0.06543971666666666	1.3295944080966664
2.9670597283903604	0.06085478999999999	1.3211443654066666
2.9688050576423537	0.056230426666666666	1.3109233908766666
2.970550386894349	0.0509554	1.3020978314799998
2.9722957161463435	0.04707016333333334	1.30067191664
2.9740410453983377	0.04535118	1.3093409294566665
2.975786374650332	0.04286742333333333	1.32192717355
2.977531703902326	0.04326502333333333	1.3339746035433333
2.9792770331543204	0.048893009999999994	1.3415638999433332
2.981022362406315	0.05356272666666667	1.3391343277566667
2.982767691658309	0.05298968333333333	1.3265241314933331
2.9845130209103035	0.055069063333333335	1.3164130348999998
2.9862583501622977	0.060758773333333335	1.31496617132
2.988003679414292	0.06035604666666666	1.3143829842166666
2.989749008666286	0.05183566666666667	1.3084052539566664
2.9914943379182812	0.04692521	1.3035022111666668
2.9932396671702755	0.04815207999999999	1.3005454209866665
2.9949849964222697	0.04636941666666666	1.292659332473333
2.996730325674264	0.039150363333333334	1.2829637395066666
2.9984756549262586	0.03865594666666666	1.2892668601566666
3.000220984178253	0.04776918	1.3145630199133331
3.001966313430247	0.053240483333333324	1.3401405362
3.0037116426822412	0.04994121333333333	1.35320094364
3.0054569719342354	0.05409930666666666	1.3632092944466667
3.00720230118623	0.06861906333333333	1.3718687552933333
3.008947630438224	0.07353258333333333	1.3655816744499998
3.0106929596902186	0.06360637999999999	1.3467102976766665
3.0124382889422123	0.06018650333333332	1.3403021083033333
3.014183618194207	0.06621978	1.34884788662
3.015928947446201	0.06204222999999999	1.34771599742
3.0176742766981954	0.04628947	1.32883336003
3.0194196059501897	0.04068836333333333	1.31289473565
3.021164935202184	0.047192026666666664	1.3068873656266666
3.022910264454178	0.04684483666666667	1.29818803701
3.024655593706173	0.03631772666666667	1.2892409169966665
3.0264009229581674	0.03611709666666666	1.30258061576
3.0281462522101616	0.049685423333333326	1.3353813409633333
3.029891581462156	0.05486621666666666	1.3557839838666665
3.03163691071415	0.04554105333333333	1.3525147599833334
3.0333822399661448	0.046932456666666664	1.3518176999533333
3.035127569218139	0.06283129999999999	1.3632886976866667
3.036872898470133	0.06500939666666666	1.3663930234566666
3.0386182277221274	0.04911616666666666	1.3599802871
3.040363556974122	0.04571218999999999	1.3715719407133333
3.042108886226116	0.05749498	1.3971939002266665
3.0438542154781105	0.05651665	1.4009686861733333
3.0455995447301047	0.041037	1.3774510204666666
3.047344873982099	0.03944060666666666	1.3601858233199997
3.049090203234093	0.05340215999999999	1.3582109296333331
3.0508355324860883	0.056357019999999994	1.3484892252366667
3.0525808617380825	0.04398640999999999	1.3293928836233333
3.0543261909900767	0.04479225666666667	1.3308568679366666
3.056071520242071	0.06355045666666666	1.3536242005233332
3.057816849494065	0.06899291333333332	1.36184405783
3.05956217874606	0.0542211	1.3484595726233333
3.061307507998054	0.055879729999999996	1.3518498521866666
3.0630528372500487	0.07882191333333334	1.3792077870733332
3.0647981665020425	0.08205687333333334	1.3928868747399998
3.0665434957540367	0.06011291333333333	1.3882401457199998
3.0682888250060314	0.05664681	1.40640354628
3.0700341542580256	0.07488633666666666	1.4450541254233331
3.07177948351002	0.07357545333333333	1.45311203741
3.073524812762014	0.05093494333333333	1.4199958728166666
3.075270142014008	0.04799167333333333	1.3877953806433334
3.0770154712660034	0.0651122	1.3666091063733332
3.0787608005179976	0.06342912666666667	1.3322391654966665
3.080506129769992	0.04098709	1.3007734988833333
3.082251459021986	0.038042019999999996	1.3235047456099998
3.0839967882739803	0.05796325333333333	1.3948327105766665
3.085742117525975	0.06175607	1.451372658453333
3.087487446777969	0.04446920333333333	1.4655274278033332
3.0892327760299634	0.04555372666666666	1.4702275401233333
3.0909781052819576	0.06602463666666666	1.4802958367799999
3.092723434533952	0.06455793666666666	1.4799702961666665
3.094468763785946	0.04007593666666666	1.4877923277166665
3.0962140930379407	0.03709169666666666	1.5453974009266667
3.0979594222899345	0.05791546666666667	1.6221047511066669
3.099704751541929	0.060193460000000004	1.6289859807166667
3.101450080793923	0.03929123999999999	1.5403812709199998
3.1031954100459176	0.03766127	1.42740980104
3.104940739297912	0.05965974999999999	1.3571771129533332
3.106686068549906	0.06185685999999999	1.3481852839233333
3.1084313978019003	0.040292006666666665	1.42044983901
3.1101767270538954	0.047832443333333335	1.585876722823333
3.1119220563058896	0.08861105999999999	1.7566894472766665
3.113667385557884	0.09883616	1.7864002889566664
3.1154127148098785	0.06727707	1.6509671193333333
3.1171580440618727	0.06208039	1.4949997346433332
3.118903373313867	0.09290788999999999	1.4546137278966667
3.120648702565861	0.09045764	1.5520957843133332
3.122394031817856	0.05201459666666667	1.76886211376
3.1241393610698496	0.05580465	2.0552019156499997
3.1258846903218442	0.10049199333333332	2.2360292367999994
3.127630019573838	0.09767581333333333	2.1197926255299997
3.1293753488258327	0.04272755	1.7803391732866667
3.131120678077827	0.032576219999999996	1.5803712148133333
3.132866007329821	0.08645202666666665	1.8608493598133333
3.1346113365818153	0.11263422666666667	2.727854643053333
3.1363566658338096	0.09575328	4.104725728599999
3.1381019950858047	0.14482480666666667	5.746731695556666
3.139847324337799	0.29676274	7.166183044733332
3.141592653589793	0.4481987666666667	7.804618666506667