# O(3P)+CO2(000; j=0) -> O(3P)+CO2(000; j') scattering, statistically averaged (3A2+3B2+3B1) potential energy surfaces
# Differential cross sections; packaged by M. Gacesa (marko.gacesa@nasa.gov), Apr 30 2019
# E = 2.50944 eV
# theta(rad)                 elastic DCS                total DCS (both in units of 1E-16 cm^2/Sr)
0.	3.5134846666666665e6	3.5892871071932637e6
0.0017453292519943296	2.3944136666666665e6	2.43856898931e6
0.003490658503988659	734397.3333333333	742613.3010043332
0.005235987755982989	155075.63333333333	162280.16099933334
0.006981317007977318	91962.92333333334	99828.2618091
0.008726646259971648	52252.43333333333	56959.41894043333
0.010471975511965978	26218.083333333332	30547.898750233333
0.012217304763960305	13521.271666666667	17751.64919243333
0.013962634015954637	13378.339666666667	16357.60143097
0.015707963267948967	9440.286999999998	11182.074739543332
0.017453292519943295	3264.8120000000004	5462.282956363333
0.019198621771937624	4162.958333333333	6785.327377399999
0.020943951023931956	4457.0616666666665	6186.416745009999
0.02268928027592628	2213.9936666666663	3423.9037732833335
0.02443460952792061	989.7056666666665	2465.4180253866666
0.02617993877991494	904.9825666666666	2374.2029811599996
0.027925268031909273	1119.7262	2131.1005030666665
0.029670597283903602	607.7737333333333	1366.3889368633331
0.031415926535897934	159.20938666666666	1089.571198439
0.03316125578789226	373.30633333333327	1301.9062289966666
0.03490658503988659	427.0353666666666	1032.2291391669999
0.03665191429188092	186.2209033333333	655.4064454659999
0.03839724354387525	85.06415333333334	665.4109927363334
0.040142572795869566	129.4459533333333	718.3722895866667
0.04188790204786391	149.09895666666665	576.7051965649999
0.043633231299858244	103.02336666666667	414.7233877026666
0.04537856055185256	74.54939333333333	412.78971465166666
0.047123889803846894	82.01773333333333	448.16365327566666
0.04886921905584122	86.45127666666667	394.9485679723333
0.05061454830783555	64.63861999999999	315.32286244066665
0.05235987755982988	57.10325	298.54922131266665
0.054105206811824215	75.35634666666667	311.6193248833333
0.05585053606381855	65.19287333333332	279.66486788299994
0.05759586531581287	51.63519	249.88726559366665
0.059341194567807204	59.65365333333333	252.07732438766666
0.061086523819801536	49.372646666666654	230.5530076953333
0.06283185307179587	41.67693	206.3766481
0.0645771823237902	43.54647666666666	197.80264652033333
0.06632251157578452	40.56406666666667	193.06562590399997
0.06806784082777885	47.99827666666667	197.35091318966664
0.06981317007977318	42.31124666666666	180.25405758333332
0.0715584993317675	29.536416666666668	159.553799605
0.07330382858376185	32.807406666666665	161.10453865633332
0.07504915783575618	28.28442	152.04416920066666
0.0767944870877505	24.09548	143.40489724966665
0.07853981633974483	26.4121	141.36230366633333
0.08028514559173913	22.645902999999997	133.16656441066664
0.08203047484373349	25.32564	135.403076667
0.08377580409572782	22.93956	130.304881081
0.08552113334772216	16.30228	119.01305329573333
0.08726646259971649	18.054006666666666	117.57883131273333
0.08901179185171079	14.237916333333333	108.90467836236667
0.09075712110370512	12.862923333333331	105.5793428892
0.09250245035569944	15.602156666666668	108.19045437306666
0.09424777960769379	12.625006666666666	101.56099431153332
0.09599310885968812	16.262909999999998	101.90792648236666
0.09773843811168244	15.498376666666667	97.99631504016665
0.09948376736367677	9.585075333333332	89.75389935996668
0.1012290966156711	11.185921333333333	91.02257991816666
0.10297442586766543	8.566162	85.28835843646665
0.10471975511965977	7.789752666666666	81.23328368403332
0.10646508437165408	11.693235666666666	83.88718681706666
0.10821041362364843	8.733250666666667	79.29114882853332
0.10995574287564276	10.104227333333332	80.19785360573333
0.1117010721276371	10.635852	79.1656031589
0.11344640137963143	5.73613	71.4393369199
0.11519173063162574	6.281661999999999	70.90507086913333
0.11693705988362009	5.214732	67.99578430006666
0.11868238913561441	4.592883	65.69276957256666
0.12042771838760875	8.274421333333333	68.92983580716665
0.12217304763960307	6.4014983333333335	65.49171496119999
0.12391837689159738	5.926882333333333	63.94330741156666
0.12566370614359174	6.38851	62.8597732674
0.12740903539558604	3.7999073333333335	57.489244609566654
0.1291543646475804	4.914521333333333	57.33039058083333
0.13089969389957473	4.652078333333334	55.88300222459999
0.13264502315156904	3.704132333333334	53.46941691960001
0.1343903524035634	6.668495999999999	55.57083542023334
0.1361356816555577	6.080904333333334	53.281368891933326
0.13788101090755206	5.76835	51.776189262133336
0.13962634015954636	6.0998339999999995	51.331087333099994
0.1413716694115407	3.5778299999999996	47.156330669
0.143116998663535	4.457884999999999	46.99384591226667
0.14486232791552936	5.441765666666666	47.2631639638
0.1466076571675237	4.344459333333333	45.64409307363333
0.148352986419518	5.937846666666666	47.22609864843333
0.15009831567151236	5.317958333333333	45.59486797996667
0.15184364492350666	4.235564	43.46954439213333
0.153588974175501	4.740058333333333	43.65681844383333
0.15533430342749535	2.9600700000000004	41.4392255192
0.15707963267948966	2.6719756666666665	41.0212156253
0.158824961931484	3.770773333333333	41.548515003533325
0.16057029118347826	3.0849906666666667	39.861624291
0.16231562043547265	3.642146666666666	40.315871844
0.16406094968746698	3.119355333333333	39.6196734407
0.16580627893946132	1.8192730000000001	37.77972886636667
0.16755160819145565	2.2157089999999995	37.5475440085
0.16929693744344992	1.781484	35.97533565183333
0.1710422666954443	1.5813363333333332	35.144654859499994
0.17278759594743864	2.3149743333333337	35.754710853333336
0.17453292519943298	1.9052463333333334	34.79948914316667
0.17627825445142725	2.3490333333333333	34.70846109429999
0.17802358370342158	2.402178666666667	34.007416908799996
0.17976891295541597	1.5546811	32.191797670599996
0.18151424220741025	1.8583953333333332	31.87041590613333
0.18325957145940458	1.934533333333333	31.273317830166665
0.18500490071139888	1.9869496666666664	30.76279514696666
0.18675022996339324	2.840926666666667	31.349376997666667
0.18849555921538758	2.45133	30.4481309438
0.1902408884673819	2.314783666666666	29.683871106433333
0.19198621771937624	2.582217	29.27077240286667
0.19373154697137057	2.027401	28.100480327566665
0.19547687622336488	2.090393333333333	27.967534002966662
0.19722220547535924	2.3822956666666664	28.107519502233334
0.19896753472735354	2.0289273333333333	27.449522341066668
0.2007128639793479	2.3160266666666667	27.426161013566663
0.2024581932313422	2.1460956666666666	26.847760801666666
0.20420352248333656	1.5274106666666665	25.9924904696
0.20594885173533087	1.525502	25.877849461533334
0.20769418098732523	1.4558583333333335	25.5440300448
0.20943951023931953	1.2897533333333333	25.2056789683
0.2111848394913139	1.48126	25.293747036
0.21293016874330817	1.2299538333333333	24.822061777466665
0.21467549799530256	1.0748544999999998	24.451520387899997
0.21642082724729686	1.1570140333333332	24.19747252006667
0.2181661564992912	1.0331261	23.6597639251
0.21991148575128552	0.9589586333333333	23.32564726273333
0.22165681500327983	1.0657138333333331	23.186751784566667
0.2234021442552742	1.0359665333333332	22.858095363766665
0.22514747350726852	1.1864933333333332	22.781606638199996
0.22689280275926285	1.1902990333333332	22.50528320956667
0.22863813201125716	1.0516896999999998	21.987429887833333
0.2303834612632515	1.0558894666666665	21.578314537866664
0.23212879051524585	1.1234096333333334	21.191321044233334
0.23387411976724018	1.1707743333333334	20.913694623999994
0.23561944901923448	1.3143743333333333	20.980833001933334
0.23736477827122882	1.2007694999999998	20.742199803233333
0.23911010752322315	1.2071396666666665	20.421770702866667
0.2408554367752175	1.2816476666666665	20.071296389433336
0.24260076602721184	1.1553635999999998	19.52692697243333
0.24434609527920614	1.1551960000000001	19.308537505033335
0.24609142453120048	1.239804	19.3430411475
0.24783675378319475	1.1267030666666666	19.056725596266666
0.24958208303518917	1.3278322666666666	18.988747920466665
0.25132741228718347	1.278747033333333	18.6748905484
0.2530727415391778	0.9434325666666666	18.10788235233333
0.2548180707911721	0.9637922999999999	17.9870674888
0.25656340004316636	0.9465794000000001	17.799209120466664
0.2583087292951608	0.8607520666666666	17.489729692799997
0.26005405854715513	1.1120574666666665	17.587329037666667
0.26179938779914946	0.9237703666666667	17.238300694333333
0.2635447170511437	0.7236375666666667	16.895903521633333
0.26529004630313807	0.8036914666666666	16.845911248766665
0.26703537555513246	0.6171918666666666	16.466114061333332
0.2687807048071268	0.5817584666666666	16.31416786473333
0.270526034059121	0.7679766	16.4017780597
0.2722713633111154	0.6508148333333332	16.091515752933333
0.2740166925631097	0.7721767666666667	16.092982313033332
0.2757620218151041	0.7497270333333332	15.950201459866665
0.27750735106709834	0.4840077666666667	15.546324710866665
0.2792526803190927	0.5231665666666665	15.520750077499999
0.280998009571087	0.5550682666666666	15.385784183466665
0.2827433388230814	0.5765598000000001	15.236221814433332
0.2844886680750758	0.7890168666666666	15.4134990602
0.28623399732707	0.6218532999999999	15.1218161038
0.28797932657906433	0.5754311	14.912473543066668
0.2897246558310587	0.6458538	14.8253382218
0.291469985083053	0.49077899999999997	14.470941029899999
0.2932153143350474	0.5584103333333333	14.501257543533331
0.29496064358704166	0.6174425333333332	14.551035625299997
0.296705972839036	0.5219434666666666	14.243037821333333
0.2984513020910303	0.8111248	14.292120918766665
0.3001966313430247	0.7706558666666666	14.048189091333331
0.301941960595019	0.5367964999999999	13.731884715499998
0.3036872898470133	0.5871935333333332	13.835356168399999
0.30543261909900765	0.4817324666666667	13.621918903933334
0.307177948351002	0.5763626333333333	13.461730689366664
0.3089232776029963	0.9151260333333333	13.602159923866665
0.3106686068549907	0.7055132666666666	13.280266911366667
0.312413936106985	0.6163764	13.219903248966666
0.3141592653589793	0.6586082333333333	13.243348893366667
0.31590459461097364	0.4842190333333334	12.889793476333333
0.317649923862968	0.6028884666666666	12.886777885499999
0.3193952531149623	0.6610607333333333	12.885448534033333
0.32114058236695653	0.44471816666666664	12.625730900366666
0.32288591161895097	0.6133254666666667	12.7599994477
0.3246312408709453	0.6329039666666667	12.604158113566665
0.32637657012293964	0.4752810666666666	12.297136241166665
0.32812189937493397	0.4571529666666666	12.275367879833334
0.32986722862692824	0.2785981	12.0368564661
0.33161255787892263	0.27187043333333333	11.924393021233332
0.3333578871309169	0.5514188666666667	12.065927645366665
0.3351032163829113	0.5057556333333333	11.840009762799998
0.3368485456349056	0.44050999999999996	11.731059052833333
0.33859387488689985	0.3375493333333333	11.577677260799998
0.34033920413889424	0.18893669999999999	11.234033407266665
0.3420845333908886	0.35078069999999995	11.241563956299998
0.3438298626428829	0.4578150666666666	11.261878140266667
0.3455751918948773	0.3624117	11.151693263766667
0.34732052114687156	0.4369413333333334	11.246918734266666
0.34906585039886595	0.3783681	11.009601462899997
0.3508111796508603	0.38199239999999995	10.761559771113333
0.3525565089028545	0.47754393333333334	10.771988560436668
0.3543018381548489	0.33153123333333334	10.648692620423333
0.35604716740684317	0.30967296	10.681926429
0.35779249665883756	0.4992611333333333	10.803176594323332
0.35953782591083194	0.5126864666666666	10.566203277393331
0.3612831551628262	0.5823092	10.485123314139999
0.3630284844148205	0.48830776666666664	10.4141867262
0.3647738136668149	0.27817476666666663	10.254891049689999
0.36651914291880916	0.39681879999999997	10.363613684759999
0.36826447217080355	0.5562329333333333	10.373919451536665
0.37000980142279777	0.5480743666666666	10.207568336456667
0.3717551306747922	0.5654566666666666	10.223714136246667
0.3735004599267865	0.3776304	10.068712031776666
0.3752457891787809	0.30809716666666664	9.978683129973332
0.37699111843077515	0.46913910000000003	10.066236711153332
0.3787364476827695	0.4571410666666667	9.955417725019998
0.3804817769347638	0.37560969999999994	9.86803485846
0.38222710618675815	0.3442713	9.874589979269999
0.3839724354387525	0.23061643333333331	9.712959848773332
0.38571776469074687	0.3221580333333333	9.739474042746666
0.38746309394274114	0.383319	9.7652095205
0.3892084231947355	0.22758135999999998	9.602616843189999
0.39095375244672975	0.1477607	9.520568742963333
0.39269908169872414	0.14435090333333334	9.41911729131
0.39444441095071847	0.16093493333333334	9.300438706266664
0.3961897402027128	0.2958176	9.42104703159
0.3979350694547071	0.23734156666666664	9.431480256563333
0.39968039870670136	0.10969875666666665	9.326559514646668
0.4014257279586958	0.13397709666666668	9.211460702833334
0.4031710572106902	0.1804672333333333	8.988962508233332
0.4049163864626844	0.24967733333333333	8.892462012473333
0.4066617157146788	0.3301688	9.014424496386667
0.4084070449666731	0.24325890666666666	9.022383410463334
0.41015237421866746	0.2540817333333333	8.990617430543333
0.41189770347066174	0.36431306666666663	8.847199360159998
0.413643032722656	0.3860159666666667	8.585521055083333
0.41538836197465046	0.38879113333333326	8.510419134149998
0.4171336912266447	0.38831556666666656	8.605056965813333
0.41887902047863906	0.3343073	8.623935334519999
0.42062434973063334	0.41839346666666666	8.613017375
0.4223696789826278	0.49272916666666655	8.435677605013334
0.4241150082346221	0.4283102	8.181938911989999
0.42586033748661634	0.3471378333333333	8.11078011319
0.4276056667386108	0.32256396666666665	8.192988520536666
0.4293509959906051	0.3232215666666666	8.255528867246667
0.43109632524259933	0.3876229666666667	8.254010400389998
0.4328416544945937	0.3724135	8.059421598223333
0.434586983746588	0.2720974333333333	7.81484873028
0.4363323129985824	0.1955018666666667	7.707418078949999
0.43807764225057666	0.2084733	7.754890271776667
0.43982297150257105	0.24861149333333332	7.8419444361999995
0.44156830075456543	0.26640556666666665	7.849342818689999
0.44331363000655966	0.20394873333333333	7.665052927346666
0.445058959258554	0.15071695	7.4516671853966665
0.4468042885105484	0.13475956666666666	7.338637838716666
0.44854961776254265	0.16316612666666666	7.37283475884
0.45029494701453704	0.18836754	7.479060652963334
0.4520402762665313	0.1690272	7.49214365025
0.4537856055185257	0.11174765666666665	7.305707160493334
0.45553093477052	0.12814831666666665	7.111839627636667
0.4572762640225143	0.14985943333333332	7.01852273965
0.45902159327450864	0.14847535666666667	7.086262489159999
0.460766922526503	0.1416347	7.2594947715433324
0.46251225177849725	0.12127962666666665	7.320722242376666
0.4642575810304917	0.10810081666666667	7.1555565042166664
0.46600291028248597	0.17679248333333333	6.9688194933966665
0.46774823953448036	0.19268436666666666	6.852544722809999
0.4694935687864746	0.16365666666666667	6.91354281991
0.47123889803846897	0.16060960666666665	7.11589684541
0.4729842272904633	0.16520559999999998	7.200972845496667
0.47472955654245763	0.20060336666666667	7.079515839096667
0.4764748857944519	0.2870838	6.92212783934
0.4782202150464463	0.26431879999999996	6.7729874319
0.4799655442984406	0.22950879999999999	6.808412982663333
0.481710873550435	0.2520768	6.990283883059999
0.48345620280242924	0.26167989999999997	7.042213798473332
0.4852015320544237	0.3029793666666667	6.939755516776666
0.48694686130641796	0.3585996333333333	6.789468519833333
0.4886921905584123	0.28104053333333334	6.598636351576666
0.49043751981040656	0.24464516666666664	6.611760244603333
0.49218284906240095	0.2711093333333333	6.7599856347200005
0.4939281783143953	0.2550551666666666	6.785335580263333
0.4956735075663895	0.2665769	6.710239500823333
0.4974188368183839	0.27347176666666667	6.5639394514500005
0.49916416607037833	0.17643150333333335	6.36967348499
0.5009094953223726	0.1532577333333333	6.390339031496667
0.5026548245743669	0.16309829333333334	6.506769194156666
0.5044001538263612	0.13120542999999998	6.526723646163333
0.5061454830783556	0.12313255333333334	6.461648168666667
0.5078908123303499	0.10664042666666668	6.288580021546666
0.5096361415823442	0.0612118	6.12180132323
0.5113814708343385	0.08618063666666667	6.18002141745
0.5131268000863327	0.09020987999999999	6.299512779256666
0.5148721293383272	0.08379109333333332	6.3737392831166675
0.5166174585903216	0.08147028333333334	6.325918994803333
0.5183627878423158	0.05650049	6.109591645763333
0.5201081170943103	0.07550886333333333	5.95535539433
0.5218534463463045	0.13098816666666666	6.004383622873334
0.5235987755982989	0.12356393	6.105439148053333
0.5253441048502931	0.15391032666666665	6.238229594193333
0.5270894341022874	0.15813769333333333	6.2088344286999995
0.5288347633542818	0.12135871333333333	5.977928442636667
0.5305800926062761	0.1646887	5.836104940303334
0.5323254218582705	0.2000811	5.836786099576667
0.5340707511102649	0.17020286666666667	5.8987070172500005
0.5358160803622593	0.21808719999999998	6.049464452746666
0.5375614096142536	0.21224893333333333	6.010249154156666
0.5393067388662478	0.16727883333333332	5.787287449489999
0.541052068118242	0.20204716666666667	5.650305246286665
0.5427973973702365	0.19770926666666666	5.596974629846667
0.5445427266222308	0.16465239999999998	5.647779003629999
0.5462880558742251	0.21690573333333332	5.812335362299999
0.5480333851262194	0.1937885666666667	5.77856472664
0.5497787143782138	0.15659316666666664	5.6044379542866665
0.5515240436302082	0.17402056666666668	5.46628803878
0.5532693728822025	0.14279533333333333	5.360374139123332
0.5550147021341967	0.13350666666666666	5.410793631433333
0.5567600313861911	0.18341606666666666	5.571799781526666
0.5585053606381855	0.1471423	5.55955980217
0.5602506898901798	0.12884536666666666	5.462684011626667
0.561996019142174	0.13010836333333334	5.33412012514
0.5637413483941685	0.09005596333333334	5.205260868246667
0.5654866776461628	0.10343045000000001	5.254937937043333
0.5672320068981571	0.13539735333333336	5.3821258742866664
0.5689773361501516	0.09625014666666666	5.381785217096667
0.5707226654021459	0.09975338333333333	5.33677243195
0.57246799465414	0.08955118666666664	5.202410783526666
0.5742133239061344	0.05681215333333334	5.067638869343334
0.5759586531581287	0.07695137666666665	5.10229865224
0.5777039824101231	0.08291696666666666	5.184101804916667
0.5794493116621174	0.06249284	5.21076269943
0.5811946409141118	0.09323735666666666	5.214057939453333
0.582939970166106	0.08123328999999999	5.089549593676667
0.5846852994181004	0.06756290666666667	4.973942744083333
0.5864306286700948	0.08153499666666666	4.97633905073
0.5881759579220891	0.06326853666666665	4.9976856414599995
0.5899212871740833	0.06921624	5.04065955926
0.5916666164260775	0.11622355666666667	5.07563457735
0.593411945678072	0.10419628333333332	4.9852642863600005
0.5951572749300664	0.11313472999999999	4.92236747866
0.5969026041820606	0.12128945666666666	4.9069803941
0.5986479334340549	0.09221480333333332	4.881247050263333
0.6003932626860494	0.11442959666666666	4.918916424843333
0.6021385919380438	0.15029503666666666	4.949808064613333
0.603883921190038	0.12595672	4.888821985416667
0.6056292504420324	0.14451622666666664	4.878013473956667
0.6073745796940266	0.15009911999999997	4.862618209803333
0.609119908946021	0.12753209999999998	4.8234435112566665
0.6108652381980153	0.15345186666666666	4.849354764849999
0.6126105674500095	0.1629407333333333	4.859589127743334
0.614355896702004	0.12429663333333332	4.822421827153333
0.6161012259539983	0.13730446666666665	4.844086233576666
0.6178465552059926	0.13665023333333332	4.831925546286666
0.6195918844579871	0.12429745333333334	4.797404794526667
0.6213372137099814	0.1395738333333333	4.800836761796667
0.6230825429619757	0.12650706666666667	4.78306904109
0.62482787221397	0.09439210333333332	4.767621245963333
0.6265732014659642	0.10681631666666666	4.804629883283333
0.6283185307179586	0.10195446666666666	4.790767691233333
0.630063859969953	0.09740979666666666	4.757807279966666
0.6318091892219473	0.09408928666666666	4.725339404849999
0.6335545184739415	0.06907862999999999	4.6808106151099995
0.635299847725936	0.060645076666666665	4.69414899285
0.6370451769779303	0.07962525333333333	4.754003408453333
0.6387905062299246	0.07247186333333333	4.7486663882333335
0.6405358354819191	0.07387733333333332	4.708120244576666
0.6422811647339131	0.0609185	4.62199010041
0.6440264939859075	0.040968866666666666	4.53740260303
0.6457718232379019	0.058309046666666656	4.564653601743333
0.6475171524898962	0.07953045333333332	4.658126715966667
0.6492624817418906	0.06533887	4.697115777843333
0.6510078109938849	0.06716875666666666	4.677704066176666
0.6527531402458793	0.05657500333333333	4.562374126933333
0.6544984694978735	0.05443668333333333	4.441434708599999
0.6562437987498679	0.08880827666666666	4.44829413771
0.6579891280018623	0.10566728333333332	4.542585968399999
0.6597344572538565	0.08583078333333334	4.612824444659999
0.6614797865058508	0.08689153	4.614045188016666
0.6632251157578453	0.08109062333333333	4.4899987718666665
0.6649704450098396	0.09109555333333333	4.354000581399999
0.6667157742618338	0.1260511	4.340833574696667
0.668461103513828	0.13483386666666666	4.424967215146666
0.6702064327658226	0.11602207999999999	4.50480378479
0.6719517620178169	0.11781017333333334	4.499287513913333
0.6736970912698113	0.10756893333333334	4.346904885453333
0.6754424205218055	0.10666299333333332	4.18424282227
0.6771877497737997	0.12250416666666666	4.15681542859
0.6789330790257941	0.12325108333333334	4.256885316073333
0.6806784082777885	0.11450152333333333	4.375366744796667
0.6824237375297828	0.12518449999999998	4.387628066473333
0.6841690667817772	0.11160192666666666	4.21307761164
0.6859143960337715	0.09034466	3.9970198134099997
0.6876597252857658	0.08125546	3.9172287499466667
0.6894050545377601	0.07620132666666665	4.00999774413
0.6911503837897546	0.07677303999999999	4.173235091023333
0.6928957130417489	0.0963728	4.252971397916666
0.6946410422937431	0.08783600999999999	4.130192420469999
0.6963863715457373	0.06083424999999999	3.9130965104466666
0.6981317007977319	0.04346248	3.786628927163333
0.6998770300497262	0.04168937	3.832436025626667
0.7016223593017206	0.04512284666666667	3.98053337082
0.7033676885537148	0.06021494	4.0887849031800005
0.705113017805709	0.054693939999999996	4.0255012853566665
0.7068583470577035	0.037249893333333325	3.85387546082
0.7086036763096978	0.029233039999999995	3.7335413453766666
0.710349005561692	0.03946913333333333	3.7653829470166666
0.7120943348136863	0.049117588	3.9052235575233327
0.7138396640656808	0.05826720999999999	4.021504207296667
0.7155849933176751	0.05447659666666667	3.9824297474466666
0.7173303225696694	0.05313171	3.829364990806667
0.7190756518216639	0.05570884666666666	3.6996299324799997
0.7208209810736581	0.06676868	3.71310645635
0.7225663103256524	0.07548176666666667	3.8591520621566664
0.7243116395776467	0.07805770666666666	4.002417459929999
0.726056968829641	0.07374317	3.992658150533334
0.7278022980816354	0.08825805999999999	3.85031317214
0.7295476273336298	0.09943300999999999	3.6878170754033333
0.7312929565856241	0.10114980666666665	3.6457289943999998
0.7330382858376183	0.09997884999999998	3.76764910677
0.7347836150896128	0.09264640999999998	3.9303026326133335
0.7365289443416071	0.08120293666666667	3.9646764322766668
0.7382742735936013	0.10058549333333333	3.8580831711666663
0.7400196028455955	0.11357464666666667	3.67515030115
0.7417649320975901	0.10696082666666668	3.55687578739
0.7435102613495844	0.10169867666666665	3.60271104085
0.7452555906015788	0.09195619	3.7331911241599998
0.747000919853573	0.07517069	3.79913198676
0.7487462491055674	0.08913992999999999	3.7661362343199998
0.7504915783575618	0.09413851333333334	3.63543781007
0.752236907609556	0.08437236	3.513258406953333
0.7539822368615503	0.08827792000000001	3.5114489892066665
0.7557275661135445	0.08795539666666666	3.5833064933533336
0.757472895365539	0.07183477333333332	3.62574131592
0.7592182246175333	0.0741677	3.6141129386333333
0.7609635538695276	0.06087235666666666	3.5173716204766663
0.7627088831215221	0.04801506566666667	3.422064950456666
0.7644542123735163	0.06812513333333332	3.4330010293366664
0.7661995416255106	0.08475464333333334	3.5084086647833326
0.767944870877505	0.07707062	3.569394742606667
0.7696902001294994	0.07333104	3.5837242056033336
0.7714355293814937	0.044928789999999996	3.49082700044
0.773180858633488	0.027242640000000002	3.3718777892433334
0.7749261878854823	0.051722920000000006	3.3397997802666666
0.7766715171374765	0.07006375333333333	3.382536514063333
0.778416846389471	0.06351393666666666	3.46246287417
0.7801621756414653	0.06149889333333333	3.538716100383333
0.7819075048934595	0.04100817	3.5094677032199995
0.7836528341454538	0.03803250666666667	3.4165953135766665
0.7853981633974483	0.06571736366666667	3.3447043527333333
0.7871434926494427	0.07278964933333332	3.309158970853333
0.7888888219014369	0.05513665066666666	3.334903262853333
0.7906341511534312	0.04873296	3.4089853834866664
0.7923794804054256	0.04110099266666667	3.4306753264433327
0.7941248096574199	0.059962979	3.4074154906899996
0.7958701389094142	0.09036251666666667	3.361940030623333
0.7976154681614087	0.08841213899999997	3.29982049257
0.7993607974134027	0.07035442666666666	3.276963824536666
0.8011061266653973	0.06743708666666666	3.3030414133633337
0.8028514559173916	0.07011223	3.3125156121433332
0.8045967851693858	0.09825228	3.31784821262
0.8063421144213804	0.11482039333333334	3.3001134829866663
0.8080874436733746	0.09564309666666665	3.25264732635
0.8098327729253688	0.08298544333333333	3.2347501719033334
0.8115781021773631	0.0930509	3.24534563001
0.8133234314293576	0.10558285	3.2379419847666666
0.815068760681352	0.13514059999999997	3.237021151703333
0.8168140899333463	0.13433363333333334	3.2050499905366667
0.8185594191853405	0.09664120999999999	3.1418669768833336
0.8203047484373349	0.08275190666666665	3.119571991173333
0.8220500776893291	0.09483627333333333	3.132541884
0.8237954069413235	0.10206277333333333	3.145588673563333
0.8255407361933177	0.12217112666666666	3.180709762516667
0.827286065445312	0.11458378999999999	3.17275711834
0.8290313946973066	0.08076658333333334	3.1090072553
0.8307767239493009	0.07499213233333332	3.059814521423333
0.8325220532012951	0.08419814666666665	3.031252932716667
0.8342673824532894	0.07395245333333333	3.022832373983333
0.8360127117052839	0.07136554	3.07348693398
0.8377580409572781	0.05927147666666667	3.1103036332833334
0.8395033702092725	0.04699006966666667	3.098139242463333
0.8412486994612667	0.06290572666666666	3.07034626903
0.8429940287132611	0.07647064666666667	3.0229976954033333
0.8447393579652556	0.05566317333333333	2.980258627203333
0.8464846872172498	0.03288326333333333	3.001472558563333
0.8482300164692442	0.016073188333333332	3.0364952989966665
0.8499753457212386	0.025759017	3.0545756143766667
0.8517206749732327	0.059997045	3.05396661403
0.853466004225227	0.07609607066666667	3.01332584923
0.8552113334772216	0.055117060333333336	2.964081704763333
0.8569566627292158	0.027841169333333336	2.9632930954066667
0.8587019919812102	0.013090260333333333	2.980925269466667
0.8604473212332044	0.04095420033333333	3.0066163523566667
0.8621926504851987	0.08389988	3.0174631320533334
0.8639379797371932	0.09240940333333332	2.9809678193366667
0.8656833089891874	0.07032721333333332	2.9351550714066663
0.8674286382411818	0.04727808	2.9252752477566664
0.869173967493176	0.037538601	2.9304484003733333
0.8709192967451702	0.07644965866666667	2.9629106150399993
0.8726646259971648	0.12232307	2.9871507453999997
0.8744099552491591	0.11968860666666667	2.956125962063333
0.8761552845011533	0.09248698666666666	2.9100636431566667
0.8779006137531478	0.07347443333333334	2.88742744375
0.8796459430051421	0.06452661333333333	2.8760683926566664
0.8813912722571363	0.10013193333333333	2.91264967695
0.8831366015091309	0.13951913999999999	2.960843178896667
0.8848819307611251	0.12625138666666666	2.9536723395266664
0.8866272600131193	0.0939505	2.916677867563333
0.8883725892651138	0.08021854	2.8810578360266668
0.890117918517108	0.07361378666666667	2.8432337838199997
0.8918632477691024	0.09900042333333332	2.8621006340799995
0.8936085770210968	0.12542965333333334	2.9177206065299996
0.895353906273091	0.10382561666666668	2.935699617633333
0.8970992355250853	0.06710091333333332	2.91836116553
0.8988445647770799	0.05621408666666666	2.88464288834
0.9005898940290741	0.053298960000000006	2.83266512965
0.9023352232810684	0.07039190000000001	2.82778825126
0.9040805525330626	0.08850479	2.8706694537299997
0.9058258817850569	0.07162250666666667	2.899479713023333
0.9075712110370514	0.0413613	2.9003883172833334
0.9093165402890456	0.03302933033333333	2.879227763836667
0.91106186954104	0.02939136	2.8305796881599994
0.9128071987930344	0.03451816333333333	2.8090337009666664
0.9145525280450286	0.04308571333333333	2.826277509363333
0.9162978572970231	0.038637943333333334	2.8453249355366665
0.9180431865490173	0.02820375	2.8504983321533333
0.9197885158010117	0.02986249333333333	2.83930336112
0.921533845053006	0.027504430666666663	2.8039174622499994
0.9232791743050003	0.021930872666666663	2.78121779949
0.9250245035569945	0.01811044233333333	2.779969996103333
0.9267698328089891	0.021800011999999997	2.7853204092599997
0.9285151620609834	0.032026297999999995	2.7877652258866665
0.9302604913129776	0.044863999999999994	2.7787676262433334
0.9320058205649719	0.043448188	2.75002274416
0.9337511498169662	0.03206891	2.72727739521
0.9354964790689607	0.020720843333333336	2.713262509423333
0.9372418083209549	0.029454023333333336	2.708422677673333
0.9389871375729492	0.05579700666666666	2.71267292839
0.9407324668249435	0.07634845666666668	2.710929045606666
0.9424777960769379	0.07017842666666665	2.6885537593266666
0.9442231253289324	0.05166772	2.6644951436833333
0.9459684545809266	0.03517558666666666	2.6378815201599997
0.9477137838329208	0.04309550666666667	2.61868678423
0.9494591130849153	0.07521417333333333	2.6214941024466665
0.9512044423369096	0.09988999	2.63381707709
0.9529497715889038	0.09051724666666666	2.63156365001
0.9546951008408984	0.06986678999999998	2.6228789945466664
0.9564404300928926	0.054591480000000005	2.5981755507999997
0.9581857593448869	0.057522529999999995	2.56338642294
0.9599310885968813	0.08020930333333333	2.5457206102266667
0.9616764178488755	0.09827184666666666	2.5509240665966666
0.96342174710087	0.08486559999999999	2.5577046697733334
0.9651670763528643	0.06731940333333332	2.5690576183199996
0.9669124056048585	0.06311784666666666	2.5676757906933334
0.9686577348568528	0.06757173999999999	2.54163454291
0.9704030641088474	0.07676456	2.5135016250966666
0.9721483933608416	0.08170333999999999	2.50634976021
0.9738937226128359	0.06180535666666666	2.5085156288733335
0.9756390518648301	0.04400464333333333	2.522751935213333
0.9773843811168246	0.04788898933333333	2.53314903714
0.9791297103688189	0.05641105999999999	2.5158590521399997
0.9808750396208131	0.05664304333333332	2.4825546240233334
0.9826203688728073	0.05434958333333334	2.4687904326766663
0.9843656981248019	0.03752633333333333	2.473834462503333
0.9861110273767961	0.02335193	2.49564828919
0.9878563566287906	0.02841137333333333	2.51604122926
0.9896016858807848	0.035421013333333334	2.5047946219433332
0.991347015132779	0.02834455333333333	2.4625123162966664
0.9930923443847736	0.022753143333333337	2.4314300158533335
0.9948376736367678	0.016276473333333333	2.427321586406667
0.9965830028887621	0.013994567333333333	2.4517797174033333
0.9983283321407567	0.02152547566666667	2.4847341879533333
1.0000736613927508	0.027501100333333334	2.49166379244
1.0018189906447452	0.020240388999999998	2.4589150530933335
1.0035643198967397	0.015414176333333335	2.417847227273333
1.0053096491487339	0.015704774999999997	2.3923377900266662
1.007054978400728	0.02249501233333333	2.39909149583
1.0088003076527223	0.03108029533333333	2.4276312603899997
1.0105456369047165	0.03516077266666666	2.44747517186
1.0122909661567112	0.03323328666666667	2.4379750657466666
1.0140362954087054	0.03538007333333333	2.4103687974566665
1.0157816246606999	0.039251996666666664	2.37813246733
1.017526953912694	0.04966963333333333	2.3688573657600003
1.0192722831646883	0.058448896666666666	2.3847321970166666
1.0210176124166828	0.057078116666666665	2.399608017186666
1.022762941668677	0.05356298999999999	2.3956063364299998
1.0245082709206712	0.058521736666666664	2.37773558636
1.0262536001726654	0.06141916666666667	2.34881723
1.02799892942466	0.07027573333333333	2.34077320674
1.0297442586766543	0.08034263999999999	2.36420784148
1.0314895879286488	0.07572415333333334	2.3865051005933333
1.0332349171806432	0.06555985333333333	2.3836506647399998
1.0349802464326374	0.06743360333333333	2.361437228743333
1.0367255756846316	0.06688989	2.3208585025733335
1.0384709049366259	0.06970171666666666	2.2995122788533333
1.0402162341886205	0.07746961666666666	2.3230533783166667
1.041961563440615	0.07187261	2.3601614324699995
1.043706892692609	0.05731559	2.3760785879733333
1.0454522219446034	0.05646760000000001	2.3688807196433332
1.0471975511965979	0.05522372333333332	2.3311762172899995
1.048942880448592	0.05317482	2.295874283
1.0506882097005863	0.05607678666666666	2.300257810913333
1.0524335389525805	0.050678253333333326	2.3270309302966665
1.0541788682045747	0.03702524833333333	2.3440909845233335
1.0559241974565694	0.036282509	2.3465157273433332
1.0576695267085636	0.03587858	2.320877326103333
1.059414855960558	0.03153056333333333	2.2923952049533334
1.0611601852125523	0.030632729999999997	2.2987721893599997
1.0629055144645467	0.027485520000000003	2.328118979193333
1.064650843716541	0.020867877333333333	2.3485639002
1.0663961729685352	0.024832356666666666	2.349941549383333
1.0681415022205298	0.025435749999999997	2.314533134046666
1.069886831472524	0.019975876666666666	2.27009747224
1.0716321607245185	0.018270799999999997	2.26442709381
1.0733774899765127	0.01857078933333333	2.29431813191
1.0751228192285072	0.020186858999999998	2.3298074711066663
1.0768681484805014	0.030877147666666667	2.3531105641
1.0786134777324956	0.031963501000000005	2.33025384322
1.0803588069844898	0.024895946333333335	2.2792090209866664
1.082104136236484	0.025242035	2.254607999696667
1.0838494654884787	0.029568742999999998	2.2645807912066664
1.085594794740473	0.03561419666666666	2.2904475051733333
1.0873401239924672	0.051453396666666665	2.3229008188799996
1.0890854532444616	0.05396705666666666	2.318333329583333
1.0908307824964558	0.04467620333333334	2.27541946248
1.0925761117484503	0.046620823333333325	2.244851472503333
1.0943214410004445	0.053231093333333326	2.2401014234366663
1.0960667702524387	0.05672177333333332	2.25072442529
1.0978120995044334	0.07206839666666666	2.282447387636666
1.0995574287564276	0.07690371	2.2923122183366664
1.101302758008422	0.06541134666666665	2.2588872057466665
1.1030480872604165	0.06528218666666666	2.2239897262833335
1.1047934165124107	0.07150887333333333	2.206829293983333
1.106538745764405	0.06905126333333333	2.20370375696
1.1082840750163991	0.07979904333333332	2.23431524109
1.1100294042683934	0.08783208333333332	2.2613834809033335
1.111774733520388	0.07566443666666667	2.2429231209
1.1135200627723822	0.06921494333333333	2.2048341869466666
1.1152653920243765	0.07139377	2.1717004414866663
1.117010721276371	0.06316921666666667	2.1493847629666667
1.1187560505283651	0.06825749666666667	2.172793888923333
1.1205013797803596	0.07987351000000001	2.2175457684033333
1.1222467090323538	0.07164741333333333	2.226463209623333
1.123992038284348	0.061533566666666664	2.20133826446
1.1257373675363422	0.060378959999999995	2.1610196672066664
1.127482696788337	0.048784883333333334	2.11522832399
1.1292280260403311	0.047141039999999995	2.11258792088
1.1309733552923256	0.057777333333333326	2.1518296837633333
1.13271868454432	0.05359951999999999	2.1785672941399996
1.1344640137963142	0.04372946666666666	2.1768204924
1.1362093430483085	0.04328240999999999	2.1524252002299997
1.1379546723003031	0.03439931433333333	2.10667116749
1.139700001552297	0.02984522233333333	2.0871324453499995
1.1414453308042918	0.03657481533333333	2.10968291625
1.143190660056286	0.033488838666666666	2.133142582543333
1.14493598930828	0.024167035999999996	2.13666267128
1.1466813185602747	0.02433304833333333	2.1192889951000002
1.1484266478122689	0.0200130899	2.07609118315
1.150171977064263	0.01703823893333333	2.048659838203333
1.1519173063162573	0.02149169973333333	2.0620138236566663
1.1536626355682515	0.020216298966666667	2.0886708866233334
1.1554079648202462	0.014856276666666668	2.10603978432
1.1571532940722404	0.016428103333333333	2.102940524593333
1.1588986233242349	0.013959046999999999	2.064357714033333
1.160643952576229	0.012263873333333331	2.023904736203333
1.1623892818282235	0.015268476666666666	2.0134091580766666
1.1641346110802178	0.014942049999999998	2.0242029342966665
1.165879940332212	0.014096146333333332	2.04496762408
1.1676252695842066	0.018115906666666667	2.0620423653333333
1.1693705988362009	0.016211022	2.048629491873333
1.171115928088195	0.0165057182	2.0225832330866664
1.1728612573401895	0.021972581266666666	2.00804608707
1.1746065865921838	0.023233060023333335	2.0017246273966665
1.1763519158441782	0.02342444033333333	2.0048769773366666
1.1780972450961724	0.026542480999999996	2.015192798693333
1.1798425743481666	0.021931753133333332	2.0082304594866667
1.1815879036001609	0.022054111333333334	1.9952358945166666
1.183333232852155	0.03220374533333333	1.9926582166
1.18507856210415	0.03853247333333333	1.9910752451533331
1.186823891356144	0.04054844333333333	1.9920137270733334
1.1885692206081382	0.043259672	2.001428144356667
1.1903145498601329	0.03618512333333333	1.9987114797666665
1.192059879112127	0.03269929	1.9905856567799998
1.1938052083641213	0.04245704	1.9901711999499998
1.1955505376161155	0.050492343333333335	1.98406348012
1.1972958668681097	0.052266728666666665	1.9725323256233331
1.1990411961201044	0.05522066399999999	1.97213622442
1.2007865253720988	0.050098343	1.9714164451433334
1.2025318546240933	0.046995589000000004	1.97411642316
1.2042771838760875	0.057486592333333336	1.9894547334633332
1.2060225131280817	0.06697549	1.9968154083966665
1.207767842380076	0.06623731766666666	1.9851245099999997
1.2095131716320702	0.06486503399999999	1.9722053382733336
1.2112585008840648	0.05765759933333334	1.9561069818566665
1.213003830136059	0.05283079066666666	1.9451650336833333
1.2147491593880533	0.06440828333333333	1.95665015291
1.2164944886400477	0.07940936333333333	1.9746916477033332
1.218239817892042	0.08170889333333332	1.9778809462866662
1.2199851471440364	0.07888136866666666	1.9745092567666669
1.2217304763960306	0.06814773333333332	1.9595299043333334
1.2234758056480248	0.055327913333333326	1.9369002032733333
1.225221134900019	0.058837796666666664	1.9314360621099997
1.2269664641520137	0.07348023333333333	1.9427864476766665
1.228711793404008	0.07975841666666666	1.9509337174066668
1.2304571226560024	0.08114773766666666	1.9580889301233333
1.2322024519079966	0.07395827	1.953459975953333
1.233947781159991	0.056925406666666664	1.9292016512299999
1.2356931104119853	0.04900856333333334	1.9096211519666664
1.23743843966398	0.055940413333333334	1.91059061753
1.2391837689159741	0.060613106666666666	1.9199819920799999
1.240929098167968	0.06470543	1.9374268216266668
1.2426744274199628	0.06495871333333333	1.94738001971
1.244419756671957	0.051434046666666663	1.9270512708366667
1.2461650859239515	0.03755144666666667	1.8921758204199999
1.2479104151759457	0.037727441	1.8729279580566667
1.24965574442794	0.039367665999999996	1.8721362398399999
1.2514010736799341	0.04309086133333333	1.8940485878333333
1.2531464029319284	0.04912078833333333	1.9244252457666664
1.254891732183923	0.04245193666666667	1.9264842672399998
1.2566370614359172	0.027648386666666667	1.8954646908133335
1.2583823906879115	0.02444934266666667	1.8620351330733333
1.260127719939906	0.025407471999999993	1.84116937488
1.2618730491919004	0.027526521666666665	1.84635407819
1.2636183784438946	0.03474670166666667	1.8768707351366667
1.2653637076958888	0.034335830666666664	1.8984737282233333
1.267109036947883	0.022768558333333334	1.88765880845
1.2688543661998777	0.01973183533333333	1.8611905918633334
1.270599695451872	0.022597857666666665	1.8335133575666664
1.2723450247038663	0.023261593	1.8206228411633334
1.2740903539558606	0.026614036999999997	1.8367777371800003
1.2758356832078548	0.028345895666666666	1.8650568313433333
1.2775810124598492	0.021351787766666665	1.8752166855533332
1.2793263417118435	0.020220842903333335	1.86579491571
1.2810716709638381	0.02604705046666667	1.8417669803466663
1.282817000215832	0.027417252333333336	1.8144181361133331
1.2845623294678261	0.026155138999999994	1.8074805541766665
1.286307658719821	0.02669387093333333	1.82809195254
1.288052987971815	0.023043397466666664	1.8531945497666666
1.2897983172238097	0.022069823066666664	1.866323107463333
1.2915436464758039	0.027371448666666662	1.8584025720666664
1.293288975727798	0.02969642533333333	1.8300531903166668
1.2950343049797923	0.026611673333333336	1.80367997385
1.296779634231787	0.02673307233333333	1.8056569040633335
1.2985249634837812	0.027178492000000002	1.8298695554866664
1.3002702927357757	0.02657588166666667	1.854779026343333
1.3020156219877699	0.028027347999999997	1.8606938529133334
1.3037609512397643	0.02917463966666667	1.83904605064
1.3055062804917585	0.02612616	1.8035324989433335
1.3072516097437528	0.026340049999999997	1.7868434316166666
1.308996938995747	0.02991198333333333	1.7999338469866668
1.3107422682477412	0.03114011433333333	1.82704481221
1.3124875974997359	0.030136733333333336	1.8445818784233332
1.31423292675173	0.02985593666666667	1.8367957965066666
1.3159782560037245	0.027449123333333332	1.8046346047433333
1.3177235852557188	0.027274186666666665	1.7745310754133332
1.319468914507713	0.031152509999999998	1.7675108291133335
1.3212142437597074	0.033962443333333335	1.7813262306566664
1.3229595730117016	0.03352161333333333	1.7995878346433332
1.3247049022636959	0.03341295	1.80573108235
1.3264502315156905	0.03138339	1.78967801537
1.3281955607676847	0.03006578	1.765217562223333
1.3299408900196792	0.03187595	1.7513171976333333
1.3316862192716734	0.03326754666666666	1.7521469864299999
1.3334315485236676	0.03228486333333333	1.7608005853699997
1.3351768777756619	0.03285146	1.7677554054633333
1.336922207027656	0.032750376666666664	1.7604617879066666
1.338667536279651	0.03364291333333333	1.74494642795
1.3404128655316452	0.037115928333333326	1.7366054800233333
1.3421581947836396	0.037724857	1.7389279960133335
1.3439035240356338	0.03263412833333333	1.7476321109866666
1.345648853287628	0.028631761	1.7591420308433332
1.3473941825396225	0.026158572999999997	1.7593712117933331
1.3491395117916167	0.027006663333333333	1.7455728428566666
1.350884841043611	0.03361428986666666	1.7319299973766666
1.3526301702956052	0.039207766666666664	1.7269102377499999
1.3543754995475994	0.036596034666666666	1.73100674975
1.356120828799594	0.03194633833333333	1.74818737891
1.3578661580515883	0.027356641333333334	1.76533685382
1.3596114873035827	0.023453486333333332	1.7664039243199998
1.361356816555577	0.025104503333333333	1.7568783785266666
1.3631021458075712	0.030721	1.74856993417
1.3648474750595656	0.03183563933333333	1.7444660973400001
1.3665928043115598	0.031377006	1.7527506953166665
1.3683381335635545	0.03117482133333333	1.7671796102733333
1.3700834628155487	0.02836681	1.7673842326833331
1.371828792067543	0.026362826666666662	1.7530708696766664
1.3735741213195374	0.028943279999999995	1.7421520798766665
1.3753194505715316	0.02923108333333333	1.7412244780133332
1.377064779823526	0.028211879999999998	1.7562219264966665
1.3788101090755203	0.02989464	1.7823339840166668
1.3805554383275145	0.030069379999999996	1.7925416450166667
1.3823007675795091	0.02854318	1.7736028742566667
1.384046096831503	0.032136766666666663	1.744734298523333
1.3857914260834978	0.034418359999999995	1.7213099780433332
1.387536755335492	0.03180239333333333	1.7157894626633334
1.3892820845874863	0.030719859999999995	1.7368736270766667
1.3910274138394805	0.029384328333333334	1.7639947021800002
1.3927727430914747	0.025320110666666663	1.7697757755799999
1.3945180723434691	0.02942612333333333	1.7590619144033335
1.3962634015954638	0.037456336666666666	1.739688483483333
1.398008730847458	0.03769213666666667	1.7175051726233335
1.3997540600994525	0.03527630333333333	1.71191340715
1.4014993893514467	0.032961122999999995	1.7240560706766666
1.4032447186034411	0.025773064	1.7306074971966665
1.4049900478554354	0.026787396666666664	1.7299370479833334
1.4067353771074296	0.037950193333333326	1.7248693104633332
1.4084807063594238	0.04114081333333333	1.7088255707366664
1.410226035611418	0.03745635	1.6980449528966668
1.4119713648634127	0.036928036666666664	1.709638581203333
1.413716694115407	0.03236851166666666	1.7251096596099997
1.4154620233674011	0.031225789000000004	1.73296830564
1.4172073526193956	0.04168704666666667	1.7325054254233332
1.4189526818713898	0.04499796666666667	1.7102163134166664
1.420698011123384	0.03655122	1.6775384129866666
1.4224433403753782	0.03564076333333333	1.6712252912266667
1.4241886696273727	0.03828297666666666	1.6901268143200001
1.4259339988793673	0.03866613333333333	1.7150266248600001
1.4276793281313616	0.045814549999999996	1.73871558394
1.429424657383356	0.04919374333333333	1.7408182995266666
1.4311699866353502	0.037706486666666664	1.7122892464266664
1.4329153158873444	0.03143911666666666	1.6875258982299999
1.4346606451393389	0.03553965333333334	1.6841621176566666
1.436405974391333	0.035485376666666665	1.68882816556
1.4381513036433278	0.036264443333333334	1.7009869816933332
1.439896632895322	0.042210043333333336	1.71605141215
1.4416419621473162	0.03964878	1.7136802730966665
1.4433872913993107	0.03345086333333333	1.70325251461
1.4451326206513049	0.03335319	1.7026066356099998
1.446877949903299	0.029377439999999998	1.7031820892833331
1.4486232791552933	0.021588976333333332	1.7033978144366664
1.4503686084072875	0.024021168666666665	1.7123097834366665
1.452113937659282	0.029367989999999997	1.7141001529266664
1.4538592669112762	0.02756588	1.6993792351366666
1.4556045961632709	0.025048533333333334	1.6847672616933331
1.457349925415265	0.022904726666666667	1.67886969768
1.4590952546672595	0.017739099999999997	1.6825459060733332
1.460840583919254	0.01817071333333333	1.70289193747
1.4625859131712482	0.023319596666666664	1.7246690520966665
1.4643312424232424	0.0223241	1.7230647371699999
1.4660765716752366	0.017137661666666665	1.7008012624166666
1.4678219009272309	0.014605136333333333	1.6744090275399999
1.4695672301792255	0.013013093333333331	1.6554104906166667
1.4713125594312197	0.01429829	1.6574983205366665
1.4730578886832142	0.018951786666666665	1.67735061257
1.4748032179352084	0.021789736666666663	1.6932707558866664
1.4765485471872026	0.022436203666666668	1.69446651958
1.478293876439197	0.022550334666666665	1.6826333299433334
1.480039205691191	0.020019804333333335	1.6618973225166667
1.481784534943186	0.018832173666666667	1.64728813107
1.4835298641951802	0.02053714	1.6459832138566668
1.4852751934471744	0.020664026666666665	1.6472144112499998
1.4870205226991688	0.021188437666666664	1.6454999492099998
1.488765851951163	0.024158234666666667	1.6414236544633334
1.4905111812031575	0.02463549	1.6311563592399998
1.4922565104551517	0.027192286666666666	1.62369119178
1.494001839707146	0.03444869	1.62715685992
1.4957471689591406	0.03523054	1.6293835778499999
1.4974924982111348	0.029154117	1.6249232090099999
1.4992378274631293	0.027237998	1.6218142238299997
1.5009831567151235	0.026438540666666666	1.6147664215466666
1.5027284859671177	0.025449758666666662	1.6028866913266668
1.504473815219112	0.03103437266666667	1.5984359629433333
1.5062191444711062	0.03574384133333333	1.59836844992
1.5079644737231006	0.03296903233333333	1.5966834093066666
1.5097098029750948	0.034546596666666665	1.60454875761
1.511455132227089	0.03993571	1.6172635574299998
1.5132004614790837	0.037026388333333334	1.6177398680166668
1.514945790731078	0.031224202666666666	1.61198611929
1.5166911199830724	0.029519649	1.6093572577233335
1.5184364492350666	0.026315515	1.6048705564433332
1.520181778487061	0.026771145056666668	1.6052077348533333
1.5219271077390553	0.035666595966666666	1.61414448809
1.5236724369910495	0.039683393666666664	1.6156103117799998
1.5254177662430441	0.03536551533333333	1.610184385623333
1.5271630954950384	0.03459764533333333	1.6158609185666664
1.5289084247470326	0.03432921606666667	1.6282339163433335
1.530653753999027	0.029037641133333333	1.6363447179133335
1.5323990832510213	0.026845837999999997	1.6408431980366665
1.5341444125030157	0.027286427333333335	1.63383409085
1.53588974175501	0.02439044933333333	1.6141856148266664
1.537635071007004	0.02614042133333333	1.6054868320799998
1.5393804002589988	0.03294422933333333	1.6161013304266665
1.541125729510993	0.033175492	1.6304181400799997
1.5428710587629875	0.029440148333333332	1.64155981537
1.5446163880149817	0.028554552	1.6443287882233335
1.546361717266976	0.02538981733333333	1.6299483103533332
1.5481070465189704	0.021093450333333333	1.6116433489466666
1.5498523757709646	0.02060792173333333	1.6068273821566665
1.5515977050229588	0.01942383	1.6110973719566666
1.553343034274953	0.018102016633333332	1.6189765428033331
1.5550883635269477	0.022360057966666666	1.6282112133966664
1.556833692778942	0.027068856366666665	1.6263911718533333
1.5585790220309363	0.02731938523333333	1.612740037863333
1.5603243512829306	0.025131160666666666	1.602585611823333
1.5620696805349248	0.01994486333333333	1.60177916068
1.563815009786919	0.014259007999999998	1.6102572365299999
1.5655603390389135	0.014155170999999998	1.6279037097866667
1.5673056682909077	0.01776240533333333	1.6408096009133335
1.5690509975429023	0.022067357333333332	1.6362630885233334
1.5707963267948966	0.026707982666666664	1.6199680820999998
1.5725416560468908	0.026473586666666667	1.6011804539766665
1.5742869852988854	0.021394122333333328	1.5906658481166667
1.5760323145508797	0.019983326666666665	1.6033080254933332
1.5777776438028739	0.022639037	1.6350530816966666
1.579522973054868	0.025683116666666665	1.66377003519
1.5812683023068623	0.030775428933333335	1.6753949491066664
1.583013631558857	0.03361575733333333	1.6636333610666667
1.5847589608108512	0.029969795	1.63147059574
1.5865042900628454	0.029242926000000002	1.6040450490766667
1.5882496193148399	0.03529200566666667	1.60316159073
1.589994948566834	0.038307806666666666	1.6220325668733333
1.5917402778188283	0.03886595599999999	1.64766993858
1.5934856070708228	0.04348488733333333	1.6695846309966664
1.5952309363228174	0.04648041333333333	1.6698372743366665
1.5969762655748112	0.04680772	1.6473226008733335
1.5987215948268054	0.05233634333333334	1.6256263922766667
1.6004669240788003	0.056865139999999995	1.6162828285500002
1.6022122533307945	0.05485761	1.6178615067766664
1.603957582582789	0.05833356666666667	1.6332522712633333
1.6057029118347832	0.06668003333333333	1.64772993349
1.6074482410867772	0.06493476333333333	1.6363509050799998
1.6091935703387716	0.05990360666666667	1.60892132557
1.6109388995907659	0.06374404333333333	1.5917860604733334
1.6126842288427607	0.06913432333333333	1.58998131722
1.614429558094755	0.07464127999999999	1.6035555183433332
1.6161748873467492	0.08470433000000001	1.62845163307
1.6179202165987434	0.08566728333333334	1.6379570144833333
1.6196655458507376	0.07457578	1.6200399337266664
1.621410875102732	0.07138654	1.5968906344033336
1.6231562043547263	0.07708661	1.5807456764133332
1.624901533606721	0.07674268333333334	1.5680628392466667
1.6266468628587152	0.07539529	1.5692403548066667
1.6283921921107094	0.07875168333333332	1.5866706645566666
1.630137521362704	0.07820711333333333	1.601735843323333
1.6318828506146983	0.07619710333333332	1.6077711450966667
1.6336281798666925	0.07966608333333333	1.6091670411366668
1.6353735091186867	0.07837984666666666	1.599213015743333
1.637118838370681	0.06975129333333334	1.58255146646
1.6388641676226756	0.06729633666666665	1.57896542198
1.6406094968746698	0.06925387999999999	1.5871112264266665
1.642354826126664	0.06318598333333333	1.5901689141666666
1.6441001553786583	0.055730216666666665	1.58973912537
1.6458454846306525	0.055854056666666665	1.5917036514266667
1.647590813882647	0.05733646333333332	1.59139085235
1.6493361431346412	0.05781351666666666	1.591760060733333
1.6510814723866354	0.06015089	1.5990795751999998
1.6528268016386303	0.05613461666666667	1.6038101960133333
1.654572130890624	0.04456623666666666	1.6008344955966667
1.6563174601426187	0.03860822	1.5991959355666667
1.6580627893946132	0.03945034333333333	1.5985234509633335
1.6598081186466074	0.03678737666666666	1.5911967911866665
1.6615534478986018	0.033322199999999996	1.5842742736966664
1.663298777150596	0.03413070333333333	1.5847502299866667
1.6650441064025903	0.03422462666666666	1.5867460062199998
1.6667894356545845	0.031534834	1.5867250965066666
1.6685347649065787	0.029879556	1.5875448368099998
1.6702800941585736	0.027447646	1.5869660095066664
1.6720254234105678	0.02320402533333333	1.5846383181333332
1.673770752662562	0.021058643666666668	1.5843929064833333
1.6755160819145563	0.021119764333333332	1.5832249104966665
1.6772614111665505	0.018207963	1.5732851277499997
1.679006740418545	0.013624576000000001	1.5579257476466666
1.6807520696705391	0.012969069333333333	1.5473434157966666
1.6824973989225334	0.015544161333333334	1.5455173829933333
1.684242728174528	0.015802187	1.5501453774633334
1.6859880574265222	0.014634731666666666	1.5594990391399999
1.6877333866785167	0.014510550666666667	1.5679036183066666
1.6894787159305111	0.013791274333333334	1.5679048455499998
1.6912240451825054	0.011887981923333332	1.55846752174
1.6929693744344996	0.011245823999999998	1.545082146713333
1.6947147036864938	0.010117233	1.5327743880766667
1.6964600329384885	0.007804659	1.5286858226466666
1.6982053621904827	0.007573974933333333	1.53768233102
1.6999506914424771	0.0100112791	1.5540737417433332
1.7016960206944713	0.010956156903333333	1.5644541226033333
1.7034413499464653	0.010738776	1.561972786293333
1.7051866791984598	0.012402837333333333	1.5495637812933334
1.706932008450454	0.014897061	1.5366102709766665
1.708677337702449	0.013834662299999998	1.5325293722266666
1.7104226669544431	0.010909134366666667	1.5424953958366665
1.7121679962064373	0.01005442824	1.5603449910466667
1.7139133254584316	0.010576143666666666	1.5709824631566667
1.7156586547104258	0.010837407	1.5634302275699998
1.7174039839624204	0.013146545366666665	1.5427816698299996
1.7191493132144147	0.015051118333333332	1.5223108375566667
1.7208946424664089	0.014309196666666666	1.5153620908033334
1.722639971718403	0.01574120193333333	1.5281821299699998
1.7243853009703973	0.020256204	1.5510257204399998
1.726130630222392	0.019751617	1.5617683093166665
1.7278759594743864	0.015733641333333333	1.5516794320066665
1.7296212887263807	0.015517377666666667	1.5297388487433334
1.7313666179783749	0.017131546666666664	1.5074052177933333
1.733111947230369	0.016741106999999998	1.4936233078866668
1.7348572764823635	0.018647205333333333	1.496927609643333
1.7366026057343578	0.021827631	1.5128816565166665
1.738347934986352	0.022420581666666665	1.5282740916066664
1.7400932642383462	0.023970099666666665	1.5359806208666669
1.7418385934903404	0.027906572666666664	1.5332271568933333
1.7435839227423353	0.02593539166666667	1.5154098562766667
1.7453292519943295	0.020121400666666664	1.492571229653333
1.7470745812463238	0.020830643333333333	1.4844204640066665
1.7488199104983182	0.025888385333333333	1.4949563483666666
1.7505652397503124	0.026910335666666663	1.5126293256299999
1.7523105690023066	0.02786034933333333	1.5297696853
1.7540558982543013	0.03004555466666667	1.5361430047266664
1.7558012275062955	0.028972378	1.5240968002666666
1.75754655675829	0.029115769	1.5058754781466668
1.7592918860102842	0.034158830333333334	1.4994979325866666
1.7610372152622784	0.033699037333333334	1.5042254170866667
1.7627825445142726	0.028226536333333333	1.5168517988599999
1.7645278737662669	0.029295550666666663	1.5349890558466666
1.7662732030182617	0.033838925666666665	1.5424877662166667
1.768018532270256	0.03291841933333333	1.5273612907766667
1.7697638615222502	0.032926182666666665	1.5053900416466663
1.7715091907742444	0.035880695666666663	1.4931948599733333
1.7732545200262386	0.035814000666666665	1.4936996019566664
1.7749998492782333	0.036011610666666666	1.5082825089333334
1.7767451785302275	0.03962321766666667	1.5295875643899999
1.7784905077822217	0.036864450666666666	1.5353759035233332
1.780235837034216	0.030013326333333333	1.522407792343333
1.7819811662862102	0.031956899999999996	1.5074709988166666
1.7837264955382048	0.039124758999999995	1.49562333596
1.785471824790199	0.039875113999999996	1.4843270521566665
1.7872171540421935	0.038899877	1.48398967381
1.7889624832941877	0.039020784333333336	1.4951650262833331
1.790707812546182	0.03551159766666666	1.5051998835799998
1.7924531417981764	0.033485447333333335	1.5114704418766665
1.7941984710501706	0.03806109533333333	1.51386886874
1.7959438003021653	0.038251582699999995	1.5014914534533332
1.7976891295541597	0.03375106973333333	1.4822004924999999
1.7994344588061533	0.03574063092666666	1.4769181925566666
1.8011797880581482	0.0396998144	1.48375271322
1.8029251173101424	0.03596360105666666	1.48874925241
1.8046704465621368	0.032743744166666665	1.4933153687899998
1.806415775814131	0.033353886933333333	1.4944316846333332
1.8081611050661253	0.032274253366666665	1.4862046044700001
1.8099064343181195	0.032781489366666666	1.4789700874333334
1.8116517635701137	0.036694825900000005	1.4806351618366667
1.8133970928221086	0.033640513999999996	1.4802154845466666
1.8151424220741028	0.026590854	1.47799804365
1.816887751326097	0.026987056	1.482382007883333
1.8186330805780913	0.031476361999999994	1.4857183726466667
1.8203784098300855	0.031714096	1.4795636857866665
1.82212373908208	0.03187849933333333	1.4734516192133333
1.8238690683340746	0.032003610999999994	1.47016060756
1.8256143975860688	0.028413284666666667	1.4657768829866664
1.827359726838063	0.025909484666666666	1.46573485198
1.8291050560900572	0.028332386	1.4716369590766665
1.830850385342052	0.028268690000000003	1.47174392011
1.8325957145940461	0.026945923333333333	1.4685365681933331
1.8343410438460404	0.03088188	1.4714712117533333
1.8360863730980346	0.03502287333333333	1.4734918455166666
1.8378317023500288	0.03266746	1.4660991387566666
1.8395770316020235	0.03010321	1.4573139988666668
1.8413223608540177	0.028630015666666665	1.4493360831466664
1.843067690106012	0.026312878	1.44196101723
1.8448130193580063	0.028366854666666663	1.4441188825066666
1.8465583486100006	0.034550421	1.4545110624866666
1.8483036778619948	0.034213946333333335	1.4564604411266668
1.850049007113989	0.030242395666666665	1.4506221077233334
1.8517943363659835	0.029943618000000005	1.4456695041566665
1.8535396656179781	0.030121335333333332	1.4384832466533333
1.8552849948699723	0.029350532333333335	1.4295642542566667
1.8570303241219668	0.03227986066666667	1.4286965366833333
1.858775653373961	0.03292375833333333	1.4313889306966667
1.8605209826259552	0.029325965333333336	1.4334016210466665
1.8622663118779497	0.029623244999999996	1.4408465800899999
1.8640116411299439	0.033193139999999996	1.4485724365266663
1.865756970381938	0.03140597333333334	1.4422345541366666
1.8675022996339323	0.029498319999999998	1.4293501831866664
1.8692476288859265	0.032125603333333336	1.42264331701
1.8709929581379214	0.03386016	1.421473864296667
1.8727382873899157	0.03382347633333333	1.4263462528699997
1.8744836166419099	0.03653560333333333	1.4401572940166667
1.876228945893904	0.035665573333333325	1.4485271839166665
1.8779742751458983	0.03130447333333333	1.4435255425133333
1.8797196043978928	0.03439985333333333	1.4362816970933334
1.881464933649887	0.042733426666666664	1.4302940083933333
1.8832102629018816	0.0425181	1.4188120964233333
1.8849555921538759	0.03893013333333333	1.4140717306233335
1.88670092140587	0.04020293333333333	1.4247361103433331
1.8884462506578648	0.04058858	1.4360351242566667
1.890191579909859	0.03910105333333333	1.4371244684366664
1.8919369091618532	0.0429109	1.43239646863
1.8936822384138474	0.04423503666666667	1.4178937859233331
1.8954275676658416	0.04043880666666667	1.3998034395366665
1.8971728969178363	0.04365809999999999	1.3995399648033333
1.8989182261698305	0.051483926666666666	1.4161891287466664
1.900663555421825	0.04812880333333333	1.4264006598099999
1.9024088846738192	0.041498326333333335	1.4292107407666665
1.9041542139258134	0.043843473333333334	1.4311619107299998
1.9058995431778076	0.04721796	1.4236829736466667
1.9076448724298019	0.045401859999999995	1.4074608903833332
1.9093902016817967	0.04595186666666666	1.4001967429266664
1.911135530933791	0.04508109666666667	1.4026292592533331
1.9128808601857852	0.040168838	1.4102247074133332
1.9146261894377794	0.042383757999999994	1.4280254260999998
1.9163715186897738	0.051361569999999995	1.4463352527333333
1.9181168479417683	0.04982494666666666	1.4417008350733334
1.9198621771937625	0.04234597	1.4219533643166669
1.9216075064457567	0.04342289333333333	1.4096770365066666
1.923352835697751	0.04611285666666666	1.4051287311566665
1.9250981649497452	0.040604903	1.4031730721466666
1.92684349420174	0.03722613933333333	1.41261654582
1.9285888234537343	0.03806400333333333	1.4267451658666668
1.9303341527057285	0.037009173333333326	1.4313165323733332
1.9320794819577227	0.03889637666666666	1.4287742566333332
1.933824811209717	0.045234676666666654	1.4224990519166667
1.9355701404617114	0.0424006	1.4054217859133333
1.9373154697137056	0.033893882	1.3915607805033332
1.9390607989656998	0.034175326	1.40041189427
1.9408061282176947	0.038383999333333335	1.4213124838899998
1.9425514574696887	0.03404255666666667	1.43141480202
1.9442967867216832	0.029045016666666663	1.4303612498033331
1.9460421159736774	0.029720246666666665	1.4214704821766664
1.9477874452256718	0.029867233333333333	1.4057866292533332
1.949532774477666	0.027874013333333336	1.3950425829366666
1.9512781037296603	0.02894672333333333	1.4001969297233334
1.953023432981655	0.027830988333333334	1.41126534064
1.9547687622336491	0.023764931999999996	1.4208430245266666
1.9565140914856434	0.02481260333333333	1.4304059139899998
1.9582594207376378	0.02893962	1.43265077314
1.960004749989632	0.024478636666666664	1.4177805661633331
1.9617500792416263	0.01710580333333333	1.3985168984133332
1.9634954084936205	0.016271852666666666	1.3890127643566665
1.9652407377456147	0.017501541	1.3881210202166667
1.9669860669976096	0.014945702333333331	1.3927184553466667
1.9687313962496038	0.013931047000000002	1.4050870507033333
1.970476725501598	0.014374210333333333	1.4171583145933333
1.9722220547535922	0.013582462999999998	1.4212113303066665
1.9739673840055865	0.012794042666666667	1.4174196515266666
1.9757127132575811	0.013262775	1.4076830622966665
1.9774580425095754	0.010988995000000001	1.3931771107666666
1.9792033717615696	0.007730162	1.3848986619333332
1.9809487010135638	0.007138137633333333	1.3901362079033333
1.982694030265558	0.008605990333333334	1.4032014140033333
1.9844393595175527	0.007116551666666667	1.41202633211
1.9861846887695471	0.005009913666666666	1.41371136785
1.9879300180215413	0.006357975666666666	1.4103229829399997
1.9896753472735356	0.009249128666666667	1.4054856922933334
1.9914206765255298	0.008063508666666665	1.4014481156733334
1.9931660057775242	0.006308355333333333	1.40164647165
1.9949113350295185	0.007069685	1.4037934114
1.9966566642815133	0.008454434	1.4039762402833331
1.9984019935335076	0.008365699333333332	1.4004530708633331
2.0001473227855016	0.009011513666666665	1.3963326740933333
2.0018926520374962	0.008582062666666664	1.3923711516766666
2.0036379812894904	0.006958058366666666	1.3900893699899997
2.0053833105414847	0.0062716519666666665	1.3897519249166665
2.0071286397934793	0.007636781	1.3909299302166664
2.0088739690454736	0.0071239645	1.39067071875
2.0106192982974678	0.006239400233333333	1.3913067417199998
2.012364627549462	0.009121645733333333	1.39597939145
2.014109956801456	0.014321177533333335	1.4026229762833333
2.0158552860534504	0.014212769186666668	1.4031753487
2.0176006153054447	0.011872000576666666	1.3989721354666664
2.019345944557439	0.01293741307	1.3952141277633334
2.021091273809433	0.014783471066666666	1.3927488944666666
2.022836603061428	0.013779777233333332	1.39060219585
2.0245819323134224	0.015308054000000001	1.3931868131666665
2.0263272615654166	0.0181696961	1.3979114283899998
2.028072590817411	0.019434398	1.4012710329333333
2.029817920069405	0.021880396666666663	1.4049462986166668
2.0315632493213998	0.025752028333333333	1.4090363915166666
2.033308578573394	0.023597137666666664	1.4057669146366667
2.035053907825388	0.019685599666666664	1.396861942253333
2.036799237077383	0.021700218	1.3880936447866665
2.0385445663293766	0.026047662	1.37862374604
2.0402898955813713	0.02482843833333333	1.3664009411266664
2.0420352248333655	0.02266289433333333	1.3610408112566665
2.0437805540853597	0.023246430333333335	1.3671800598766666
2.045525883337354	0.023848014666666667	1.3787583994966666
2.047271212589348	0.02287236833333333	1.3879521324966666
2.0490165418413424	0.024362977666666664	1.3927237551366667
2.0507618710933366	0.025523183999999997	1.3886461523
2.052507200345331	0.025065951000000003	1.3788835648666666
2.054252529597326	0.027022312333333333	1.3731821970533336
2.05599785884932	0.030744180333333333	1.3740111865166666
2.0577431881013144	0.027765859333333337	1.3729779013433334
2.0594885173533086	0.023097979999999997	1.3724020975133335
2.0612338466053033	0.025301944333333333	1.3771374542533332
2.0629791758572975	0.030645320000000004	1.3823762838699998
2.0647245051092917	0.03199949	1.3820582062366666
2.0664698343612864	0.033786994	1.3815515490366668
2.0682151636132806	0.036055182	1.3815237271533332
2.069960492865275	0.035089579999999995	1.3795089727933334
2.071705822117269	0.03195330666666667	1.3773108449633331
2.0734511513692633	0.030551848666666666	1.3776973262666665
2.0751964806212575	0.02786081433333333	1.37508667774
2.0769418098732517	0.02576216	1.37006163039
2.078687139125246	0.028684174666666663	1.3672842779966665
2.080432468377241	0.033788150999999995	1.3652700199666665
2.0821777976292353	0.032345744999999995	1.35845909223
2.08392312688123	0.028424310666666664	1.3544820372066666
2.0856684561332237	0.02843535133333333	1.3599169371766664
2.087413785385218	0.029442620000000003	1.3693442672866667
2.0891591146372126	0.026825271333333334	1.3749948561766667
2.090904443889207	0.02606529333333333	1.3790558527766668
2.0926497731412015	0.02703104566666667	1.3798139261766666
2.0943951023931957	0.026705814666666668	1.3762985187566665
2.0961404316451895	0.026822241	1.3729782889266666
2.097885760897184	0.028711140333333333	1.3721340656266667
2.0996310901491784	0.026422455666666667	1.36757564935
2.1013764194011726	0.023589796666666666	1.3630223588533332
2.103121748653167	0.026350342	1.3650526584299998
2.104867077905161	0.031040269666666665	1.3707012237199998
2.1066124071571553	0.030082442	1.3729231227533334
2.1083577364091495	0.027563368666666664	1.3757398912266665
2.1101030656611446	0.026393106333333333	1.3799352717033333
2.111848394913139	0.024540698	1.38006955934
2.113593724165133	0.021211795999999998	1.3731477189266665
2.1153390534171272	0.0208209277	1.3640580115433334
2.1170843826691215	0.021598278933333333	1.3538967481266666
2.118829711921116	0.022418280666666665	1.34631605525
2.1205750411731104	0.024893603833333333	1.3464217611166664
2.1223203704251046	0.02799967986666666	1.3530149871766666
2.124065699677099	0.025248472696666666	1.3567129017966666
2.1258110289290935	0.02048461893333333	1.3581352042100001
2.1275563581810877	0.01937193158	1.3605436440366667
2.129301687433082	0.019786745933333332	1.3611745190333333
2.131047016685076	0.01753958768333333	1.3562651459800001
2.1327923459370703	0.017148758099999998	1.3515940016733332
2.1345376751890646	0.0187624734	1.3492202615599997
2.1362830044410597	0.019953016033333333	1.348400144013333
2.138028333693054	0.020222573866666666	1.34927099799
2.139773662945048	0.02108402733333333	1.3533009988366667
2.141518992197043	0.019869306333333333	1.3559395107499999
2.143264321449037	0.018088622366666664	1.3557604153466667
2.1450096507010312	0.01757248633333333	1.3537346480733332
2.1467549799530254	0.017793110666666667	1.35186261706
2.1485003092050197	0.015129430666666666	1.34975711262
2.1502456384570143	0.012385443666666666	1.3515317471633335
2.1519909677090086	0.012388814666666666	1.3575325069066668
2.1537362969610028	0.014144153000000001	1.3615778349266665
2.155481626212997	0.013757166333333331	1.3558403875866667
2.157226955464991	0.014038141333333332	1.3446041954866665
2.1589722847169854	0.01569704833333333	1.334559736213333
2.1607176139689797	0.016783835	1.32952685906
2.162462943220974	0.015872017333333332	1.32975755743
2.164208272472968	0.015331011333333333	1.3359457256333331
2.1659536017249623	0.013344599333333334	1.3426616977866666
2.1676989309769574	0.011057347333333332	1.3471031812166665
2.1694442602289516	0.010855937666666666	1.349591934033333
2.171189589480946	0.012730359	1.350582593603333
2.17293491873294	0.012348919666666666	1.3462252240199999
2.1746802479849343	0.012179379999999998	1.3397967419866665
2.176425577236929	0.014652966666666666	1.3365968102299999
2.178170906488923	0.017647185	1.3382569261666666
2.179916235740918	0.016613372666666668	1.3416717066733332
2.1816615649929116	0.015025618666666667	1.3487094819799998
2.183406894244906	0.014602617333333331	1.3564538092199998
2.1851522234969005	0.013920001333333334	1.3579301393099998
2.1868975527488947	0.012200917333333334	1.3503630043266668
2.188642882000889	0.012610123666666667	1.3412515018533333
2.190388211252883	0.012512149333333333	1.33432422734
2.1921335405048774	0.012155929999999999	1.33246772617
2.1938788697568716	0.014473547333333331	1.3364956880099998
2.1956241990088667	0.018242960666666665	1.34156691434
2.197369528260861	0.016850374	1.3382376182366666
2.199114857512855	0.014458518333333331	1.3306224444399999
2.20086018676485	0.01592753133333333	1.3265578650933332
2.202605516016844	0.01816032	1.3263535328266667
2.2043508452688383	0.016472373666666665	1.3260503569266666
2.206096174520833	0.016078343666666665	1.3299530150899999
2.207841503772827	0.018032973	1.3379945506133333
2.2095868330248214	0.019570256666666667	1.3457760485966666
2.2113321622768156	0.02005433	1.3502774333799998
2.21307749152881	0.021982523666666663	1.3524547251233332
2.214822820780804	0.02197882333333333	1.3481671550866665
2.2165681500327983	0.02167193666666667	1.3393217872133332
2.2183134792847925	0.02488186	1.3327972522333333
2.2200588085367867	0.029367419999999998	1.3320644319766664
2.221804137788781	0.027712223333333334	1.3329480327533332
2.223549467040776	0.024452050666666662	1.3376922416299997
2.2252947962927703	0.02522570133333333	1.3459945071366666
2.2270401255447645	0.027309543333333332	1.34960007841
2.2287854547967587	0.025459399333333334	1.3409464287933333
2.230530784048753	0.025349073333333333	1.3282690933499999
2.2322761133007476	0.029491366666666664	1.3194493962333333
2.234021442552742	0.03351724666666667	1.31463173034
2.235766771804736	0.03358520666666666	1.3113112747933333
2.2375121010567303	0.03342113666666667	1.3123257084133333
2.239257430308725	0.03188277666666666	1.31479801084
2.241002759560719	0.029168841666666667	1.31709998627
2.2427480888127134	0.029535573333333332	1.3215090593633332
2.2444934180647076	0.03429898666666666	1.3283338283666666
2.246238747316702	0.03605071	1.3300384025233332
2.247984076568696	0.037635708	1.3299848960966667
2.2497294058206903	0.04428911666666666	1.3352075881333332
2.2514747350726845	0.049678226666666665	1.34205488927
2.2532200643246787	0.044595489999999995	1.3411538113466666
2.254965393576674	0.03806362	1.3377420621099998
2.256710722828668	0.038051703333333325	1.3354714056133332
2.2584560520806622	0.04031324	1.3289322867333333
2.260201381332657	0.03974934333333333	1.316199199603333
2.261946710584651	0.041823699666666665	1.3088665063433336
2.2636920398366454	0.045619935999999986	1.31064641309
2.26543736908864	0.04683833733333334	1.3174725926666666
2.2671826983406342	0.046140468	1.3258440951766666
2.2689280275926285	0.04655835666666666	1.3333634438466666
2.2706733568446227	0.042945063333333325	1.3316482926533333
2.272418686096617	0.03938897666666667	1.3249381450066666
2.274164015348611	0.044489936666666674	1.3234384883133332
2.2759093446006062	0.053011003333333334	1.3242439597433333
2.2776546738525996	0.05193848333333333	1.3166970389200001
2.279400003104594	0.048601233	1.3101180141766666
2.281145332356588	0.050751063333333325	1.3139673427666665
2.2828906616085836	0.05091072	1.3214301191066666
2.284635990860578	0.04377503666666666	1.3243975640133332
2.286381320112572	0.040189873333333334	1.3285493123399998
2.288126649364566	0.04290363	1.3323000973133332
2.28987197861656	0.047106246666666664	1.3303581745566666
2.291617307868555	0.05087782333333333	1.3245792694966667
2.2933626371205493	0.055144573333333335	1.3209483911
2.2951079663725436	0.05415993	1.3158681484166668
2.2968532956245378	0.04940378666666667	1.3102793207366665
2.2985986248765315	0.04718922333333332	1.3083333169633333
2.300343954128526	0.047275613333333334	1.3071483443533334
2.3020892833805204	0.042218903333333335	1.2986838465133332
2.3038346126325147	0.03910976333333333	1.2923727980866666
2.305579941884509	0.04594685666666666	1.2977198959966665
2.307325271136503	0.05407141	1.3056555145133333
2.309070600388498	0.051540260000000004	1.3037511337766665
2.3108159296404924	0.04747869666666666	1.3013192340266668
2.3125612588924866	0.04820670333333333	1.3045919685766665
2.314306588144481	0.047418393333333336	1.3071636814866667
2.316051917396475	0.04245698666666667	1.305622768593333
2.3177972466484698	0.04097590333333333	1.30585027452
2.319542575900464	0.04124783666666666	1.3046329760666666
2.321287905152458	0.04113682666666666	1.3014988919666666
2.3230332344044524	0.0429736	1.3022074494533333
2.324778563656447	0.04611484	1.3073066400999998
2.3265238929084413	0.043032959999999995	1.3081038227766666
2.3282692221604355	0.038667216666666664	1.3093519838933332
2.3300145514124297	0.04077263666666667	1.31780180392
2.331759880664424	0.044655683333333335	1.3255210238333333
2.333505209916418	0.04040666333333333	1.3208698842266666
2.3352505391684133	0.036800686666666665	1.3141449047533333
2.3369958684204075	0.04153381	1.3140281566466667
2.3387411976724017	0.04593306666666667	1.3123572047833332
2.340486526924396	0.04149795666666667	1.3022645372466666
2.34223185617639	0.03788573	1.2946146382933332
2.343977185428385	0.038349289999999994	1.2927738505133333
2.345722514680379	0.03732442	1.2929740227966664
2.3474678439323733	0.033970176666666664	1.2959212035333332
2.3492131731843675	0.03291968666666666	1.3036955374799999
2.3509585024363617	0.03019143333333333	1.3075260424833333
2.3527038316883564	0.027071973333333332	1.3068723473566668
2.3544491609403506	0.028521223333333335	1.3070337969199999
2.356194490192345	0.03213241333333333	1.3060913865666666
2.357939819444339	0.029471456666666666	1.2979584173233332
2.3596851486963333	0.026868786666666665	1.2933294670766666
2.3614304779483275	0.031123836666666668	1.2996775788733332
2.3631758072003217	0.03543433	1.3063368100633332
2.364921136452316	0.030460753333333333	1.3012194210899999
2.36666646570431	0.02580048	1.2948478346799999
2.3684117949563044	0.028681573333333335	1.2958562319966664
2.3701571242083	0.031920656666666665	1.2982697665166665
2.371902453460294	0.02860970666666667	1.29566798678
2.373647782712288	0.026841083333333335	1.2942778076133332
2.375393111964282	0.028155760000000002	1.2937297062266666
2.3771384412162764	0.027330896666666663	1.2915492390966667
2.3788837704682715	0.023832196666666666	1.2906724075
2.3806290997202657	0.022385013333333332	1.2938322494566665
2.38237442897226	0.01942491333333333	1.2924544489766667
2.384119758224254	0.016716713333333334	1.2867188337733333
2.3858650874762484	0.019348046666666664	1.2834230648133333
2.3876104167282426	0.02408776	1.2828233993166664
2.389355745980237	0.021743566666666665	1.2807753145166665
2.391101075232231	0.01913662333333333	1.28770514831
2.3928464044842253	0.02273616666666667	1.3067678244733332
2.3945917337362195	0.02522097333333333	1.3222104609966667
2.3963370629882146	0.018779153333333333	1.3201985914033334
2.398082392240209	0.013655093333333333	1.3111564269866665
2.3998277214922035	0.015805599999999996	1.3041968576966667
2.4015730507441977	0.01898852	1.2970377066299998
2.403318379996192	0.017524909999999998	1.2873123339466666
2.4050637092481866	0.01764186	1.28186715471
2.406809038500181	0.01973011	1.2805073462599998
2.408554367752175	0.019639959999999998	1.2815668146699999
2.4102996970041692	0.016474963333333332	1.2858545860066666
2.4120450262561635	0.014580079999999999	1.2932674901466668
2.4137903555081577	0.011842390666666664	1.29515509206
2.415535684760152	0.009573128666666667	1.2912365148933331
2.417281014012146	0.010552777999999999	1.2865176921033332
2.4190263432641403	0.013057777333333333	1.2829829772399999
2.4207716725161346	0.010993097666666667	1.2795413587566666
2.4225170017681297	0.009142675333333333	1.2848217545933331
2.424262331020124	0.011167592999999998	1.29999488089
2.426007660272118	0.013006556666666665	1.3133571722166666
2.4277529895241123	0.009232820999999999	1.3135348126533333
2.4294983187761066	0.006601087666666667	1.3068478853066665
2.4312436480281012	0.009544002333333333	1.300164461
2.4329889772800954	0.013603685666666665	1.293309289
2.4347343065320897	0.012085787333333334	1.2843300661566668
2.436479635784084	0.011181782999999997	1.2807103869966667
2.438224965036078	0.014145721	1.2840521352466667
2.4399702942880728	0.01538268333333333	1.28936778172
2.441715623540067	0.010888887	1.2927479926699998
2.443460952792061	0.008108019666666667	1.29706851843
2.4452062820440554	0.007852691333333332	1.2982729430166666
2.4469516112960497	0.007848649966666666	1.29380602666
2.448696940548044	0.008213279333333332	1.28555582123
2.450442269800038	0.010269649666666665	1.2778357550766666
2.4521875990520323	0.009970856	1.27193112404
2.4539329283040274	0.009540478466666665	1.2750986497499999
2.4556782575560216	0.010889144	1.2883514537233332
2.457423586808016	0.012276469333333333	1.3031429867833335
2.4591689160600105	0.009657095333333334	1.3082552098033333
2.4609142453120048	0.007566732666666667	1.3053718286499998
2.462659574563999	0.009285290666666666	1.2988466515700001
2.464404903815993	0.012163612333333332	1.2905212407133333
2.466150233067988	0.010306727533333332	1.27978340733
2.467895562319982	0.009325337666666666	1.2739451102666666
2.4696408915719763	0.012909806599999999	1.2755635330466666
2.4713862208239705	0.015527518899999999	1.2801675003099997
2.4731315500759647	0.011663307333333333	1.2832479299133333
2.47487687932796	0.009101255999999999	1.2898299150666666
2.476622208579954	0.010554392999999999	1.29836738309
2.4783675378319483	0.011799031866666665	1.3020362758833333
2.4801128670839416	0.009628285	1.2961713173366665
2.481858196335936	0.008815153999999999	1.2867360741766665
2.4836035255879314	0.009990245333333331	1.27920247509
2.4853488548399256	0.011339585566666666	1.2774410880866667
2.48709418409192	0.010463363333333333	1.2802719554833333
2.488839513343914	0.010887408000000001	1.2871615829266665
2.490584842595908	0.012362387333333332	1.29280160226
2.492330171847903	0.013811299666666665	1.2942269659333332
2.494075501099897	0.015118240333333333	1.2917573514466667
2.4958208303518914	0.017955697333333333	1.2890204087033335
2.4975661596038856	0.018132237666666665	1.2840590003866668
2.49931148885588	0.017859545999999997	1.2795513505399998
2.501056818107874	0.020391202666666667	1.2783577008166667
2.5028021473598683	0.022679398999999996	1.2795627853633331
2.5045474766118625	0.018792310666666666	1.2791916432966668
2.5062928058638567	0.015703358333333334	1.28248630622
2.508038135115851	0.017691624666666662	1.28998700658
2.509783464367846	0.019651061999999997	1.2940484191366668
2.5115287936198403	0.015831292	1.2875101946199998
2.5132741228718345	0.013875291	1.2785721561833334
2.5150194521238287	0.017949415	1.2744501150233334
2.516764781375823	0.022168797666666663	1.2732210441133334
2.5185101106278176	0.020093779	1.2699992296933333
2.520255439879812	0.019932615333333334	1.2719791340766666
2.522000769131806	0.02530632833333333	1.2813609834233333
2.5237460983838007	0.029476975666666662	1.2907995271766668
2.525491427635795	0.027498445666666666	1.2939940320466667
2.527236756887789	0.026402993333333333	1.2963446838233332
2.5289820861397834	0.026616216666666664	1.29712829608
2.5307274153917776	0.02522203766666667	1.29263609118
2.532472744643772	0.022454397666666667	1.2834770846699999
2.534218073895766	0.021885366999999996	1.2765549528899998
2.535963403147761	0.020769066333333332	1.2723025619366666
2.5377087323997554	0.020549504666666666	1.272184606313333
2.5394540616517496	0.023141260666666667	1.2765336556366667
2.541199390903744	0.026805824666666665	1.2828098269966666
2.542944720155738	0.02600441133333333	1.2841092518766666
2.5446900494077327	0.025580546	1.2836882806999999
2.546435378659727	0.029435894999999997	1.2851761972866667
2.548180707911721	0.032718247333333325	1.2846686637033333
2.5499260371637154	0.028711603333333335	1.2759453759133335
2.5516713664157096	0.026696033666666664	1.269012613453333
2.5534166956677042	0.032713374999999996	1.27133293178
2.5551620249196985	0.03834843133333333	1.27590362261
2.5569073541716927	0.034887000333333335	1.2740573207199999
2.558652683423687	0.03241647366666667	1.2750804154633333
2.560398012675681	0.03587310766666667	1.2821403155766666
2.5621433419276762	0.036943224999999996	1.2843424751099999
2.5638886711796696	0.030457269	1.27510932085
2.565634000431664	0.027163395333333333	1.26762480873
2.567379329683658	0.030000186	1.26833963143
2.5691246589356522	0.03264781033333333	1.2720387061899998
2.570869988187648	0.03184473833333333	1.27486932611
2.572615317439642	0.033688268	1.2824062652433332
2.5743606466916362	0.03694037633333333	1.2913179624033333
2.57610597594363	0.03843077933333333	1.29562966808
2.5778513051956247	0.037827844	1.2937346188766665
2.5795966344476193	0.037536743666666664	1.28813788721
2.5813419636996136	0.034473624999999994	1.27557284879
2.5830872929516078	0.03221899733333333	1.26046560367
2.584832622203602	0.034977888	1.2500508259399998
2.586577951455596	0.03907783433333333	1.2453471596233332
2.5883232807075904	0.036547884333333336	1.2418860905933333
2.5900686099595847	0.03473744533333333	1.2474991257033332
2.591813939211579	0.03887560966666666	1.2642948166566665
2.593559268463574	0.04087493333333333	1.2787192960566665
2.595304597715568	0.033540164	1.2787135607866666
2.5970499269675624	0.028840855666666665	1.2759042547033332
2.598795256219557	0.032699725666666665	1.2784647659166666
2.6005405854715513	0.03619677933333333	1.2783468048933333
2.6022859147235455	0.032414753	1.2688099830466666
2.6040312439755398	0.032158057	1.2627475051966668
2.6057765732275344	0.03904396366666667	1.2654345945199998
2.6075219024795286	0.043477882	1.2671784344166666
2.609267231731523	0.039479625	1.2615972632499999
2.611012560983517	0.03723580733333333	1.2588631185799999
2.6127578902355113	0.039041133333333325	1.2597594025333332
2.6145032194875055	0.039172226	1.25648461438
2.6162485487394997	0.03622036533333333	1.24851715349
2.617993877991494	0.03598523633333333	1.24660842085
2.619739207243488	0.03598783033333333	1.2517572365233331
2.6214845364954824	0.03527320466666667	1.2618846244
2.6232298657474775	0.035092791	1.2749312319166664
2.6249751949994717	0.035408351	1.2872302055999998
2.626720524251466	0.032049699999999993	1.2902864789
2.62846585350346	0.029928447999999996	1.2868825893199998
2.6302111827554544	0.03274144333333333	1.2813006663166666
2.631956512007449	0.03615047933333333	1.2703922107466665
2.6337018412594433	0.03329118366666667	1.2495916228766666
2.6354471705114375	0.032225019333333334	1.23223366684
2.6371924997634317	0.037697997999999996	1.2280980589
2.638937829015426	0.04090635366666666	1.2301656342266665
2.6406831582674206	0.03448253899999999	1.230308059443333
2.642428487519415	0.030644648666666666	1.23969598621
2.644173816771409	0.03446522933333333	1.2604315991066666
2.6459191460234033	0.036732605333333335	1.27737582006
2.6476644752753975	0.03192373566666666	1.2804121252966665
2.6494098045273917	0.03023870366666666	1.2807263109533333
2.651155133779386	0.03367840866666666	1.28241611475
2.652900463031381	0.034722020666666666	1.2783147611899999
2.6546457922833753	0.029362224	1.2664062444433333
2.6563911215353695	0.026363829666666665	1.2591872250866667
2.658136450787364	0.027514897	1.2585513641566666
2.6598817800393584	0.028215486	1.2568860624166667
2.6616271092913526	0.026992170666666666	1.2510152362866667
2.663372438543347	0.029323028333333334	1.2478009338366667
2.665117767795341	0.03251548233333333	1.2462523832433332
2.6668630970473353	0.034997093333333326	1.24517605639
2.66860842629933	0.03717791799999999	1.2452692816133333
2.6703537555513237	0.03781613033333333	1.2467209598966664
2.6720990848033184	0.032582206	1.2456830310066667
2.673844414055312	0.027603800999999997	1.24815134841
2.6755897433073077	0.026829826699999997	1.2575022063166665
2.677335072559302	0.026860224366666664	1.266943375993333
2.679080401811296	0.022840238000000002	1.2663684901333334
2.6808257310632904	0.02186685533333333	1.26155982418
2.6825710603152837	0.027081768833333332	1.2580314566033333
2.6843163895672792	0.031238351066666663	1.2515753747966665
2.6860617188192735	0.027184536333333332	1.2387601010466665
2.6878070480712677	0.025024346666666662	1.2337960367666665
2.689552377323262	0.029150910333333335	1.2415507365466665
2.691297706575256	0.030485240400000002	1.249607046303333
2.6930430358272504	0.024335716666666663	1.2507449792333332
2.694788365079245	0.02281599633333333	1.2582720131266667
2.696533694331239	0.027829988666666666	1.2736381559366665
2.6982790235832335	0.030910617399999996	1.2830496390466666
2.7000243528352272	0.027878825	1.27865243789
2.701769682087222	0.025700765333333334	1.2706399106166666
2.703515011339216	0.025001912799999998	1.2637140109233331
2.7052603405912103	0.022679311366666666	1.25601104595
2.7070056698432046	0.017537086999999996	1.24715159875
2.708750999095199	0.015563942666666665	1.243457418063333
2.710496328347194	0.01642276683333333	1.2421668136966666
2.712241657599188	0.018288809866666665	1.2394022362799997
2.7139869868511823	0.020853704333333334	1.2363990189766667
2.7157323161031766	0.025378075	1.23837850658
2.7174776453551712	0.027180535333333332	1.2422541995966665
2.7192229746071654	0.027758374999999995	1.2476119733466666
2.7209683038591597	0.028595594333333335	1.2536286317266667
2.722713633111154	0.027325198666666665	1.2574686365233332
2.7244589623631486	0.020832795	1.2557021566933333
2.7262042916151423	0.016828994	1.2558668619233333
2.727949620867137	0.018310078666666667	1.2602490491366667
2.729694950119131	0.019933139	1.2611924725199999
2.7314402793711254	0.016123494	1.2516031505366667
2.7331856086231197	0.014967007999999999	1.24263666231
2.734930937875114	0.01985964033333333	1.24247315517
2.736676267127109	0.022769593999999997	1.2453958436333334
2.738421596379103	0.017519973	1.24472323725
2.7401669256310974	0.015330654999999999	1.2502806027899998
2.7419122548830916	0.019657772999999996	1.2626419626166667
2.743657584135086	0.02177591933333333	1.2693679088333334
2.7454029133870805	0.017868093666666668	1.2659003983066666
2.7471482426390748	0.017938641666666665	1.2661685806899998
2.748893571891069	0.022143077333333334	1.2719091645233331
2.750638901143063	0.02345756833333333	1.27185065336
2.7523842303950574	0.019165109666666666	1.26036966817
2.754129559647052	0.016496579666666664	1.2483207981733333
2.755874888899046	0.016189315666666666	1.2404816730566666
2.7576202181510405	0.015332050333333333	1.23473070085
2.7593655474030343	0.012515729333333331	1.2297990587799998
2.761110876655029	0.012569180999999999	1.2306394975033332
2.762856205907024	0.014274671	1.233627892
2.7646015351590183	0.01612934	1.2351883740766665
2.7663468644110116	0.017407602666666668	1.23684965515
2.768092193663006	0.019187079	1.2440090673433333
2.769837522915	0.018416661	1.2530864205266665
2.7715828521669956	0.017210513	1.2606194140366667
2.77332818141899	0.016735252666666665	1.2630734659333334
2.775073510670984	0.016092988000000003	1.2599531261766668
2.7768188399229783	0.012340429333333333	1.2521204952133334
2.7785641691749725	0.010660199999999998	1.2488549276566667
2.780309498426967	0.012965132333333332	1.2526898407066664
2.782054827678961	0.014964774	1.2556998961299999
2.7838001569309556	0.011707885666666668	1.2490308351
2.7855454861829494	0.011023106666666666	1.2419262244266664
2.787290815434944	0.015805353666666664	1.2429040083233331
2.7890361446869383	0.018487773333333332	1.2484856024499997
2.7907814739389325	0.013731322333333332	1.2515744868533334
2.7925268031909276	0.012304497666666666	1.2572207885033333
2.794272132442922	0.016977783666666666	1.26308368964
2.796017461694916	0.01876762	1.2599578148966666
2.7977627909469107	0.013299255	1.2483125024866666
2.799508120198905	0.011611166666666667	1.2448578171666667
2.801253449450899	0.015512316666666668	1.2508079567333334
2.8029987787028934	0.017000496666666663	1.2512811831
2.8047441079548876	0.012712912666666666	1.23888959619
2.8064894372068823	0.012033799	1.22859185722
2.808234766458876	0.015636693333333333	1.22936259781
2.8099800957108707	0.017087239999999997	1.2369594528799999
2.8117254249628645	0.013645894666666667	1.24463464838
2.813470754214859	0.012677858333333333	1.2543373505799997
2.8152160834668534	0.014214716666666665	1.2618021888433333
2.8169614127188476	0.014388989999999999	1.2631507845533332
2.818706741970842	0.011885449999999999	1.2617917865300001
2.820452071222836	0.011886299666666666	1.2669393494733332
2.8221974004748303	0.013202859999999999	1.2739340933499999
2.8239427297268254	0.014315170000000002	1.2734190728166666
2.8256880589788196	0.014455331333333332	1.2626224480766666
2.827433388230814	0.015490314333333333	1.2509371688466664
2.829178717482808	0.015165566666666666	1.2441208974966664
2.8309240467348022	0.014566621666666668	1.24445554374
2.832669375986797	0.013904576000000002	1.24792806148
2.834414705238791	0.013605808	1.2499875375833331
2.8361600344907854	0.011427226333333332	1.2456634402099998
2.8379053637427796	0.011290389666666666	1.2407735332533332
2.839650692994774	0.01473033	1.2411497463033332
2.841396022246768	0.017907786666666665	1.2453947870433333
2.8431413514987627	0.015390106666666667	1.2462166112533333
2.8448866807507565	0.014912853333333332	1.24797827943
2.846632010002751	0.019393529999999996	1.2537984094666668
2.8483773392547453	0.020628979999999998	1.2599828690966666
2.8501226685067405	0.013966113333333332	1.26386990604
2.8518679977587347	0.011216680666666666	1.2738739654433333
2.853613327010729	0.014622553333333333	1.28628931529
2.855358656262723	0.015960960333333333	1.2875334984199998
2.8571039855147173	0.012241866333333332	1.2728079037533333
2.858849314766712	0.013218944	1.2562861931033333
2.8605946440187062	0.019219896333333333	1.2449588193933332
2.8623399732707004	0.021657245999999998	1.23508571176
2.8640853025226947	0.01602038533333333	1.2248241030033333
2.865830631774689	0.013127211	1.22565561753
2.8675759610266836	0.015925629666666663	1.2385446251799999
2.8693212902786778	0.016103663333333334	1.2518742080866665
2.871066619530672	0.010223333999999999	1.25867648915
2.872811948782666	0.009936612	1.2686619842133333
2.87455727803466	0.016482206666666666	1.28136079367
2.8763026072866555	0.021202196666666662	1.2848266135633333
2.8780479365386498	0.02005204	1.2734032057866664
2.879793265790644	0.02168966	1.2594020071299998
2.881538595042638	0.02624723333333333	1.2481523855966667
2.8832839242946324	0.025672213333333332	1.2363811908533333
2.885029253546627	0.01742093633333333	1.2256888229733334
2.8867745827986213	0.012996891666666665	1.2280305419866666
2.8885199120506155	0.013488733333333332	1.2394279407966666
2.8902652413026098	0.012870128333333331	1.2474455473933332
2.892010570554604	0.011087056666666666	1.2492844676033334
2.893755899806598	0.013518979666666663	1.2535285416633333
2.895501229058593	0.016292392666666666	1.2592288903666664
2.8972465583105866	0.01915955033333333	1.26312640854
2.8989918875625813	0.021852408999999996	1.26137698072
2.900737216814575	0.022839314333333333	1.2547531991633332
2.9024825460665697	0.020821451666666664	1.2466629726466665
2.904227875318564	0.019370629999999996	1.2454561642033335
2.905973204570558	0.017462275333333332	1.25310359119
2.9077185338225524	0.01716355933333333	1.2680279099866665
2.9094638630745466	0.018085793333333332	1.2796983770700001
2.9112091923265417	0.019804793333333334	1.27935330266
2.912954521578536	0.021747152	1.2663126255233332
2.91469985083053	0.024102577333333333	1.24924837819
2.916445180082525	0.02249043666666667	1.2325561002466667
2.918190509334519	0.02123651333333333	1.2230497542133332
2.9199358385865133	0.022529559666666664	1.2224257134799998
2.921681167838508	0.021513616	1.2268922535333333
2.9234264970905017	0.015098522333333333	1.2340205365999997
2.9251718263424964	0.013474553	1.2532861020333332
2.92691715559449	0.01864983333333333	1.2824067293466666
2.928662484846485	0.022178046666666663	1.3036081569433333
2.930407814098479	0.018844113333333332	1.3020550910033333
2.9321531433504733	0.01961710666666667	1.2859347712066667
2.9338984726024675	0.026677863333333333	1.2637677461066665
2.9356438018544617	0.02863848333333333	1.2373643385066666
2.937389131106457	0.021355056	1.2132471705133332
2.939134460358451	0.019313299666666665	1.2078018074266668
2.9408797896104453	0.023498521666666664	1.2185925398899997
2.9426251188624395	0.023749266666666664	1.23149233122
2.9443704481144337	0.01876642833333333	1.2418194190833334
2.9461157773664284	0.019522695	1.259554961023333
2.9478611066184226	0.02593744466666667	1.2834146298666664
2.949606435870417	0.02915595	1.3005943660633332
2.951351765122411	0.023746386666666668	1.3012190386966664
2.9530970943744053	0.022139271333333328	1.296032266843333
2.9548424236264	0.02890098	1.2922515422833332
2.956587752878394	0.03021379666666666	1.2829737242233332
2.9583330821303884	0.020235876666666666	1.2667864929033332
2.960078411382382	0.01843258333333333	1.26146087862
2.961823740634377	0.026964919999999996	1.2648949851066666
2.963569069886372	0.029281713333333334	1.2577103147433333
2.965314399138366	0.02301199	1.2390359927433332
2.9670597283903604	0.023768421333333335	1.2315780393733333
2.9688050576423537	0.030106066666666667	1.2387312895366664
2.970550386894349	0.030334150000000004	1.24574108525
2.9722957161463435	0.022481991333333333	1.2440758735066666
2.9740410453983377	0.019468622333333335	1.2435470091799998
2.975786374650332	0.022664723	1.2485923140166666
2.977531703902326	0.022761530000000002	1.2573145216100001
2.9792770331543204	0.017286241666666664	1.2706054531566666
2.981022362406315	0.018369505666666664	1.2946457476466666
2.982767691658309	0.026178876666666663	1.317314342013333
2.9845130209103035	0.03073707666666667	1.31971653521
2.9862583501622977	0.028169136666666667	1.3010477910566667
2.988003679414292	0.02919269	1.2840031020833331
2.989749008666286	0.03471945	1.2762201943833333
2.9914943379182812	0.034545973333333334	1.2640488524399998
2.9932396671702755	0.02586136	1.2391071881133333
2.9949849964222697	0.023205836666666667	1.2189666677966664
2.996730325674264	0.027120946666666663	1.2176334406699998
2.9984756549262586	0.027170923333333336	1.2367124343799998
3.000220984178253	0.023147900333333332	1.2713999995566665
3.001966313430247	0.024621535	1.3110460006666664
3.0037116426822412	0.028078623666666667	1.330276581793333
3.0054569719342354	0.029266774666666665	1.3186618314366667
3.00720230118623	0.027834463333333337	1.2925808431999999
3.008947630438224	0.027276453666666665	1.2786239431566666
3.0106929596902186	0.02730999666666667	1.28016822214
3.0124382889422123	0.02727323333333333	1.2806579970533334
3.014183618194207	0.025227443333333335	1.2647495295633333
3.015928947446201	0.02606354	1.2438610719566667
3.0176742766981954	0.02940116	1.2391207723666666
3.0194196059501897	0.031581286666666666	1.26044038576
3.021164935202184	0.030778126666666662	1.29451143081
3.022910264454178	0.031471849999999996	1.31899068099
3.024655593706173	0.032089516666666665	1.3151556085733331
3.0264009229581674	0.030812046666666666	1.29194528516
3.0281462522101616	0.027368513666666663	1.2785110201033332
3.029891581462156	0.026155124666666668	1.2950314426566667
3.03163691071415	0.02582776666666667	1.3231019180133334
3.0333822399661448	0.026520913333333333	1.33102618556
3.035127569218139	0.029167765666666668	1.3065757971466665
3.036872898470133	0.03274158533333333	1.2712909728166668
3.0386182277221274	0.03242834666666666	1.2577876104899999
3.040363556974122	0.03409458	1.2841010503799999
3.042108886226116	0.03811637666666667	1.3258849199066667
3.0438542154781105	0.03759289	1.3419473338299999
3.0455995447301047	0.03180215	1.3184839171033333
3.047344873982099	0.02949875666666666	1.2845201894333331
3.049090203234093	0.02922819	1.2722958383299998
3.0508355324860883	0.02852290333333334	1.2879639457266667
3.0525808617380825	0.02626833333333333	1.3037969048233333
3.0543261909900767	0.026915203333333332	1.29486997842
3.056071520242071	0.03209985	1.2648980722999998
3.057816849494065	0.03550274666666667	1.2437593224966668
3.05956217874606	0.03075885333333333	1.25917472891
3.061307507998054	0.030254851333333332	1.316731497623333
3.0630528372500487	0.035157832	1.3758252626433332
3.0647981665020425	0.03266105	1.3872866035066664
3.0665434957540367	0.023780520666666666	1.3507756104899997
3.0682888250060314	0.02301389333333333	1.3151621596766665
3.0700341542580256	0.02786211	1.3145948944899999
3.07177948351002	0.031053853333333332	1.3425984729133333
3.073524812762014	0.030227226666666666	1.3637486294933332
3.075270142014008	0.03402699666666666	1.355091135353333
3.0770154712660034	0.04541284333333333	1.3197157002533333
3.0787608005179976	0.05079805333333333	1.2789435071399997
3.080506129769992	0.041897149999999994	1.2584470075066667
3.082251459021986	0.039253109999999994	1.2774031603466665
3.0839967882739803	0.04504904666666666	1.3121091517233332
3.085742117525975	0.03981323333333334	1.3211544002066666
3.087487446777969	0.025560239999999998	1.3035216895933335
3.0892327760299634	0.023131776666666663	1.3019149409
3.0909781052819576	0.029587163333333333	1.3393622693633331
3.092723434533952	0.03009987	1.3985472624999997
3.094468763785946	0.021723072666666666	1.4447509652866668
3.0962140930379407	0.023007453666666667	1.4595203531799998
3.0979594222899345	0.03729445666666667	1.43070685784
3.099704751541929	0.04132457666666666	1.3614876845699997
3.101450080793923	0.029948883333333332	1.2985640552333333
3.1031954100459176	0.029214549999999995	1.30298145163
3.104940739297912	0.03652516333333333	1.3630793062566664
3.106686068549906	0.03523190333333333	1.410826676633333
3.1084313978019003	0.03000394	1.3983687150866668
3.1101767270538954	0.032351566666666665	1.3414964795166666
3.1119220563058896	0.04210038666666666	1.3057573325766665
3.113667385557884	0.04767365333333333	1.3532347301466665
3.1154127148098785	0.03581343666666666	1.48097182057
3.1171580440618727	0.038030169999999995	1.6307620154766664
3.118903373313867	0.07028201999999999	1.6999966298700002
3.120648702565861	0.07415755666666665	1.6095085791766668
3.122394031817856	0.036678086666666665	1.4475605059966665
3.1241393610698496	0.030949159999999996	1.4241913277566667
3.1258846903218442	0.05310519333333333	1.587391613553333
3.127630019573838	0.045410306666666664	1.7585040355966666
3.1293753488258327	0.02660742	1.7499847741866665
3.131120678077827	0.027253746666666665	1.5479352994433333
3.132866007329821	0.031197563333333334	1.38204655003
3.1346113365818153	0.034444216666666666	1.6530835524933334
3.1363566658338096	0.04309925666666667	2.6271612835533333
3.1381019950858047	0.06020850666666667	4.120447073039999
3.139847324337799	0.11970569999999998	5.5342167366399995
3.141592653589793	0.29826149999999996	6.268527114356666