# O(3P)+CO2(000; j=0) -> O(3P)+CO2(000; j') scattering, statistically averaged (3A2+3B2+3B1) potential energy surfaces
# Differential cross sections; packaged by M. Gacesa (marko.gacesa@nasa.gov), Apr 30 2019
# E = 0.897646 eV
# theta(rad)                 elastic DCS                total DCS (both in units of 1E-16 cm^2/Sr)
0.	2.0088343333333333e6	2.0566787961785097e6
0.0017453292519943296	1.6163725333333332e6	1.6519971662746668e6
0.003490658503988659	884414.7	900597.5622756665
0.005235987755982989	385158.8666666667	392058.88999166666
0.006981317007977318	153536.36666666667	157366.22176866667
0.008726646259971648	56542.013333333336	59633.42975026666
0.010471975511965978	29437.19333333333	33278.4631487
0.012217304763960305	27461.378666666664	31624.454209063333
0.013962634015954637	25656.141333333333	29181.89110339
0.015707963267948967	21111.798	23643.93766555
0.017453292519943295	14617.987666666668	16379.436616946667
0.019198621771937624	8908.433333333332	10580.537689533334
0.020943951023931956	6962.434666666666	9021.049299786666
0.02268928027592628	7048.748	9283.094979876667
0.02443460952792061	6866.610999999999	8828.743038449998
0.02617993877991494	5912.220666666666	7386.516700696667
0.027925268031909273	4163.042666666666	5263.69381085
0.029670597283903602	2602.251	3681.8044828466664
0.031415926535897934	2167.7652333333335	3465.680689026666
0.03316125578789226	2346.2671333333333	3759.96004545
0.03490658503988659	2425.0219333333334	3708.6027087
0.03665191429188092	2137.7132	3143.9221197533334
0.03839724354387525	1451.3405333333333	2209.0478596976664
0.040142572795869566	821.0441666666666	1502.707811375
0.04188790204786391	663.1790666666666	1413.0315970313331
0.043633231299858244	805.3353666666667	1605.4722486196665
0.04537856055185256	947.0486999999999	1690.301519732
0.047123889803846894	907.8146999999999	1519.336813127
0.04886921905584122	625.7494333333333	1111.986196573
0.05061454830783555	313.8778933333333	753.399599424
0.05235987755982988	206.7236433333333	670.4272438746666
0.054105206811824215	273.66840666666667	752.119925699
0.05585053606381855	387.11763333333334	821.4029974123333
0.05759586531581287	432.7773666666667	783.9584618673334
0.059341194567807204	335.2486333333333	614.9378001546667
0.061086523819801536	174.17632666666668	436.4661641116666
0.06283185307179587	85.19940499999998	379.26812013966673
0.0645771823237902	89.75211333333334	411.8159603226666
0.06632251157578452	145.28060666666664	450.38843997333333
0.06806784082777885	196.11392666666666	445.7102309
0.06981317007977318	181.17124333333334	372.85090288933327
0.0715584993317675	111.92872	280.75047521
0.07330382858376185	55.000259666666665	244.52107678833332
0.07504915783575618	36.00183	258.7799532913333
0.0767944870877505	47.153319999999994	278.64598639733333
0.07853981633974483	73.06816999999998	278.77353915
0.08028514559173913	80.95878333333333	243.33172728533333
0.08203047484373349	60.28232	191.06218667266663
0.08377580409572782	36.526367	166.711277514
0.08552113334772216	23.253380333333332	174.8502496575
0.08726646259971649	19.21736	188.91132188666666
0.08901179185171079	25.75089	193.1021378633333
0.09075712110370512	31.980656666666665	176.21455290366669
0.09250245035569944	27.90067666666667	142.89295438033332
0.09424777960769379	22.218006666666668	120.77283672506667
0.09599310885968812	19.579338999999997	120.28910715266666
0.09773843811168244	16.616999999999997	128.48955963873334
0.09948376736367677	16.878767699999997	136.20642144866667
0.1012290966156711	19.047404666666665	134.15204740419998
0.10297442586766543	17.626989666666667	117.7134598033
0.10471975511965977	17.125093333333332	100.8134625634
0.10646508437165408	19.56342733333333	93.79833509599999
0.10821041362364843	19.835888999999998	92.54441957906667
0.10995574287564276	19.557309	95.21524004380001
0.1117010721276371	19.935653999999996	97.8305069834
0.11344640137963143	17.696762466666666	93.20192908856667
0.11519173063162574	16.314961	85.63916951866668
0.11693705988362009	18.532976999999995	81.08143511933334
0.11868238913561441	19.80802	77.02556211619999
0.12042771838760875	20.199152333333334	74.545071334
0.12217304763960307	21.247093333333332	74.73598245676666
0.12391837689159738	19.669158666666664	72.73697052616666
0.12566370614359174	16.83046733333333	69.31759371356667
0.12740903539558604	16.25166	67.96925828463333
0.1291543646475804	15.627856666666668	66.00397536363334
0.13089969389957473	15.015175999999999	63.57922854769999
0.13264502315156904	16.58148333333333	63.03256470456667
0.1343903524035634	17.197049999999997	61.3384994978
0.1361356816555577	15.418470000000001	58.00805684149999
0.13788101090755206	13.819523333333333	56.270108416266666
0.13962634015954636	11.784291	55.00770037213333
0.1413716694115407	9.530415	53.8521161096
0.143116998663535	9.783045999999999	54.667325409933326
0.14486232791552936	10.960758666666665	54.93480797849999
0.1466076571675237	10.550386	52.611598001666664
0.148352986419518	9.718350333333333	49.90202824326667
0.15009831567151236	8.443334	47.2264816366
0.15184364492350666	6.398411666666666	44.86751318696666
0.153588974175501	5.558693	44.90638275566667
0.15533430342749535	5.834803666666666	46.15678055153334
0.15707963267948966	5.524745333333333	46.21196074773333
0.158824961931484	5.204608333333333	45.55377663236667
0.16057029118347826	5.091835333333333	44.11649175629999
0.16231562043547265	4.478908333333333	41.701033072399994
0.16406094968746698	4.039058666666667	39.99626058256666
0.16580627893946132	3.970605	39.241825909099994
0.16755160819145565	3.487379666666666	38.438440643966665
0.16929693744344992	3.0535016666666666	38.1146594122
0.1710422666954443	3.022750333333333	38.12123194393333
0.17278759594743864	2.9972393333333334	37.6777184539
0.17453292519943298	3.1985746666666666	37.28636798756666
0.17627825445142725	3.5847153333333326	36.83870101896666
0.17802358370342158	3.534867666666667	35.56497576133333
0.17976891295541597	3.2590708	34.14322378513333
0.18151424220741025	2.94432	33.0245513043
0.18325957145940458	2.500131	32.03920731693333
0.18500490071139888	2.438673	31.811342459233334
0.18675022996339324	2.868399666666667	32.26921430816666
0.18849555921538758	3.1723233333333334	32.33611740966666
0.1902408884673819	3.374583333333333	32.022050134266664
0.19198621771937624	3.4749013333333334	31.471689933633332
0.19373154697137057	3.1541376666666663	30.3661096114
0.19547687622336488	2.8097573333333328	29.280321715666666
0.19722220547535924	2.8025213333333334	28.727345633199995
0.19896753472735354	2.760051333333333	28.251825528499996
0.2007128639793479	2.8240603333333327	27.995960792633333
0.2024581932313422	3.2284129999999998	28.20997305453333
0.20420352248333656	3.5007089999999996	28.2982833744
0.20594885173533087	3.4682359999999997	28.02354506613333
0.20769418098732523	3.387160333333333	27.607269041833334
0.20943951023931953	3.1103736666666664	26.818655644366665
0.2111848394913139	2.7923436666666666	25.845502364766666
0.21293016874330817	2.8936463333333333	25.253153796666666
0.21467549799530256	3.2398713333333333	24.973428691166664
0.21642082724729686	3.4338789999999997	24.76657827893333
0.2181661564992912	3.5185556666666664	24.724177424899995
0.21991148575128552	3.4426740000000002	24.659601866933333
0.22165681500327983	3.1612213333333328	24.37876582003333
0.2234021442552742	2.940493666666667	23.988075509599998
0.22514747350726852	2.9304456666666665	23.5238929402
0.22689280275926285	2.9916283333333333	22.953368317666666
0.22863813201125716	3.113746666666666	22.4692864401
0.2303834612632515	3.278564	22.195984612066667
0.23212879051524585	3.3081929999999997	22.08123616713333
0.23387411976724018	3.0884129999999996	21.992324303633332
0.23561944901923448	2.7554463333333334	21.842613850033334
0.23736477827122882	2.471804333333333	21.591369700099996
0.23911010752322315	2.324754	21.23423426053333
0.2408554367752175	2.351357666666666	20.81528561063333
0.24260076602721184	2.510775333333333	20.4813568196
0.24434609527920614	2.579981	20.249508240366666
0.24609142453120048	2.443847	20.093656452233333
0.24783675378319475	2.196062333333333	20.0570555894
0.24958208303518917	1.8960361666666667	20.038417605733333
0.25132741228718347	1.561179333333333	19.827506237399998
0.2530727415391778	1.3726516999999998	19.488934273766663
0.2548180707911721	1.380347633333333	19.1182713342
0.25656340004316636	1.4511914000000001	18.734447861066666
0.2583087292951608	1.5149048	18.485650404399998
0.26005405854715513	1.5067385666666664	18.4441672265
0.26179938779914946	1.3028323	18.436246911766666
0.2635447170511437	1.0157918666666665	18.427916134899995
0.26529004630313807	0.8210745999999999	18.3984605167
0.26703537555513246	0.7428069666666666	18.2041424492
0.2687807048071268	0.7834724333333334	17.8673242279
0.270526034059121	0.9207358999999999	17.518085654666667
0.2722713633111154	1.0009245999999998	17.155485996733333
0.2740166925631097	0.9847112999999998	16.911663418433335
0.2757620218151041	0.9072750666666667	16.892832294866665
0.27750735106709834	0.7885242	16.975367697899998
0.2792526803190927	0.7339135333333333	17.0764645092
0.280998009571087	0.8222896333333332	17.139172676933335
0.2827433388230814	0.9502403666666668	16.95303179573333
0.2844886680750758	1.0917746	16.5596012308
0.28623399732707	1.2256202666666667	16.154085976366666
0.28797932657906433	1.2480667666666667	15.763436071333334
0.2897246558310587	1.2212939999999999	15.501478786899998
0.291469985083053	1.2656570999999999	15.508458615233332
0.2932153143350474	1.2876873999999998	15.571830831666668
0.29496064358704166	1.3397175666666667	15.595647858133333
0.296705972839036	1.5494183333333336	15.668101535433333
0.2984513020910303	1.7510373333333331	15.597159618933333
0.3001966313430247	1.8179353333333332	15.264737218999999
0.301941960595019	1.8513023333333334	14.896507607499998
0.3036872898470133	1.7700433333333336	14.502994768999999
0.30543261909900765	1.6010166666666668	14.124599265599999
0.307177948351002	1.626443	14.0649516975
0.3089232776029963	1.8013173333333334	14.239896894533333
0.3106686068549907	1.8788266666666664	14.3097664668
0.312413936106985	1.9351786666666666	14.330044015433332
0.3141592653589793	1.9546066666666664	14.275748822133332
0.31590459461097364	1.7985509999999998	13.978510909099999
0.317649923862968	1.6346219999999998	13.643044342766666
0.3193952531149623	1.566186	13.412444826033333
0.32114058236695653	1.423659	13.118217385733333
0.32288591161895097	1.3165262333333332	12.927501528899999
0.3246312408709453	1.3806158666666666	13.019177468866667
0.32637657012293964	1.418544	13.154792871933333
0.32812189937493397	1.35513	13.228859733066665
0.32986722862692824	1.2758546666666666	13.2760088903
0.33161255787892263	1.0743186333333332	13.083714890300001
0.3333578871309169	0.8143086666666666	12.710119059733334
0.3351032163829113	0.7161379333333333	12.454536771166666
0.3368485456349056	0.7126334000000001	12.293103510499998
0.33859387488689985	0.6839559666666666	12.183594281466668
0.34033920413889424	0.6903451	12.265597981199999
0.3420845333908886	0.6502657333333333	12.400737187166666
0.3438298626428829	0.5118335733333332	12.45481146403333
0.3455751918948773	0.4074234833333333	12.515259676499998
0.34732052114687156	0.34483082333333337	12.479710356333335
0.34906585039886595	0.26993406666666664	12.234733093966668
0.3508111796508603	0.2751345	11.974581353166666
0.3525565089028545	0.32283796666666664	11.765819779633333
0.3543018381548489	0.32764116666666665	11.602143287233332
0.35604716740684317	0.3518313333333333	11.643439142199998
0.35779249665883756	0.37370206666666667	11.829584016733332
0.35953782591083194	0.3196621	11.927364126233332
0.3612831551628262	0.30623766666666663	11.971371950233333
0.3630284844148205	0.3586117333333334	11.944640397966666
0.3647738136668149	0.4094439666666667	11.742258151529999
0.36651914291880916	0.5341312333333332	11.524591047493333
0.36826447217080355	0.6964426666666667	11.382649204459998
0.37000980142279777	0.7148988999999999	11.18086269376
0.3717551306747922	0.6752041	11.047534566463334
0.3735004599267865	0.6918807666666666	11.103885521719999
0.3752457891787809	0.6978694333333332	11.169426401143333
0.37699111843077515	0.7606495333333334	11.208260554693334
0.3787364476827695	0.9383854666666666	11.259516505756665
0.3804817769347638	1.031656	11.119713706143333
0.38222710618675815	1.0388289	10.83911679691
0.3839724354387525	1.1151709666666667	10.676419429160001
0.38571776469074687	1.1520879	10.559829641616666
0.38746309394274114	1.0851793666666665	10.411882245076665
0.3892084231947355	1.0755730333333333	10.383628892053332
0.39095375244672975	1.0833512	10.382323852456667
0.39269908169872414	1.0591386666666667	10.30682917812
0.39444441095071847	1.1508407999999999	10.310972432806665
0.3961897402027128	1.2786413333333333	10.323411599116664
0.3979350694547071	1.231401	10.147019274873333
0.39968039870670136	1.1240546666666666	9.943838558836665
0.4014257279586958	1.0586259666666666	9.827749668563332
0.4031710572106902	0.9575258666666666	9.706255814253332
0.4049163864626844	0.8930191666666666	9.659090498023332
0.4066617157146788	0.9179412666666666	9.716467604506665
0.4084070449666731	0.8771990999999999	9.683360097373333
0.41015237421866746	0.7902188666666667	9.593856444463333
0.41189770347066174	0.7698687333333334	9.57060203957
0.413643032722656	0.7251534999999999	9.505314589013333
0.41538836197465046	0.6108138333333333	9.373487570590001
0.4171336912266447	0.5315816666666666	9.287732426906667
0.41887902047863906	0.4680029333333333	9.195328415446665
0.42062434973063334	0.4017823333333333	9.099967361056667
0.4223696789826278	0.3990595333333333	9.106653979303333
0.4241150082346221	0.40992593333333327	9.138144312776666
0.42586033748661634	0.3563251333333333	9.098072649316666
0.4276056667386108	0.2962411433333333	9.048115885446666
0.4293509959906051	0.24706958333333331	8.963776720376666
0.43109632524259933	0.19688360666666663	8.82276789587
0.4328416544945937	0.1940250833333333	8.723550713373333
0.434586983746588	0.22942125000000002	8.664191477003332
0.4363323129985824	0.24632459333333329	8.583189989876667
0.43807764225057666	0.26309976999999996	8.545713001013333
0.43982297150257105	0.2638159166666667	8.542085591446666
0.44156830075456543	0.22742979999999996	8.507140111313333
0.44331363000655966	0.21559119	8.487026541936666
0.445058959258554	0.2410539	8.468120179926666
0.4468042885105484	0.2535470833333333	8.358397310063333
0.44854961776254265	0.2927826933333333	8.230561517646667
0.45029494701453704	0.36174748999999995	8.150471402583333
0.4520402762665313	0.3979607966666666	8.071599930569999
0.4537856055185257	0.42785923	8.034435927863333
0.45553093477052	0.4685870666666666	8.06617583396
0.4572762640225143	0.44603183333333335	8.050786102726665
0.45902159327450864	0.4146158333333333	8.0027306197
0.460766922526503	0.4672110333333333	8.005510422753332
0.46251225177849725	0.5407417	7.979372121283333
0.4642575810304917	0.5900706666666666	7.883029857073333
0.46600291028248597	0.6534200333333333	7.80087399878
0.46774823953448036	0.6692398333333334	7.7045421703866666
0.4694935687864746	0.6240420333333333	7.590350015493333
0.47123889803846897	0.6228400333333333	7.566936348196666
0.4729842272904633	0.6500762999999999	7.597283383023333
0.47472955654245763	0.6268441666666666	7.570115868373333
0.4764748857944519	0.6238228666666666	7.545307421713333
0.4782202150464463	0.6687831666666666	7.547007607329999
0.4799655442984406	0.6873008666666666	7.50489816203
0.481710873550435	0.6910678666666668	7.451379705013332
0.48345620280242924	0.6999676999999999	7.416766422643333
0.4852015320544237	0.6471532999999999	7.331842152703333
0.48694686130641796	0.5740569666666666	7.242746518613332
0.4886921905584123	0.5685260999999999	7.232442661683334
0.49043751981040656	0.5841015333333333	7.245339245116666
0.49218284906240095	0.5706036333333333	7.239337548166667
0.4939281783143953	0.5667030333333333	7.251927770830001
0.4956735075663895	0.553521	7.24711287111
0.4974188368183839	0.5081583999999999	7.203787816076667
0.49916416607037833	0.47660043333333335	7.169811780739999
0.5009094953223726	0.46215432666666667	7.132896547993333
0.5026548245743669	0.4253646533333333	7.05753011469
0.5044001538263612	0.39888236666666665	6.99479911501
0.5061454830783556	0.4033097333333333	6.968555167613333
0.5078908123303499	0.399726	6.955182381846666
0.5096361415823442	0.372617	6.959090032373333
0.5113814708343385	0.33856739999999996	6.974767837163334
0.5131268000863327	0.29520883333333336	6.9639952799866665
0.5148721293383272	0.25786126666666664	6.931771583899999
0.5166174585903216	0.2449203	6.885524701126666
0.5183627878423158	0.25118501	6.8164063912433335
0.5201081170943103	0.26354931	6.741819689543334
0.5218534463463045	0.2747605933333333	6.683046570246667
0.5235987755982989	0.27037120666666664	6.633287362883333
0.5253441048502931	0.251749308	6.6086184432033335
0.5270894341022874	0.22310089800000002	6.61374788996
0.5288347633542818	0.19628470666666664	6.624415348706667
0.5305800926062761	0.19613522333333333	6.63307734016
0.5323254218582705	0.22624602333333332	6.635345539373333
0.5340707511102649	0.25459032	6.597840384526667
0.5358160803622593	0.27936165999999996	6.534306486196667
0.5375614096142536	0.3061821	6.482946972150001
0.5393067388662478	0.3116587533333333	6.4392533819399995
0.541052068118242	0.29150613999999997	6.40058429468
0.5427973973702365	0.27629790666666665	6.39666246462
0.5445427266222308	0.26584958999999997	6.415134125663333
0.5462880558742251	0.2653490233333333	6.438158698976666
0.5480333851262194	0.30086331666666666	6.476500065056666
0.5497787143782138	0.3513933233333333	6.507897970599999
0.5515240436302082	0.3673429266666666	6.488709206656666
0.5532693728822025	0.36311929333333337	6.441917592746667
0.5550147021341967	0.36124456666666666	6.397685803836667
0.5567600313861911	0.3479363333333333	6.348553045143333
0.5585053606381855	0.3305208666666667	6.30386243861
0.5602506898901798	0.336662	6.289483354173333
0.561996019142174	0.3516748333333333	6.291353960936666
0.5637413483941685	0.36846500000000004	6.302264309926667
0.5654866776461628	0.4029592333333333	6.330756391216667
0.5672320068981571	0.4343890666666666	6.352297969073334
0.5689773361501516	0.4266602	6.330244202803333
0.5707226654021459	0.40626429999999997	6.27991429992
0.57246799465414	0.40524296666666665	6.223922830116667
0.5742133239061344	0.41093871	6.159458899656666
0.5759586531581287	0.41410669333333333	6.090837879696666
0.5777039824101231	0.4288916333333333	6.042853458283333
0.5794493116621174	0.4407761	6.016667926229999
0.5811946409141118	0.4363397333333333	6.00334797449
0.582939970166106	0.4310691	6.0023878779799995
0.5846852994181004	0.4260846366666666	6.001190117336667
0.5864306286700948	0.4005925233333333	5.968448934613333
0.5881759579220891	0.3776482333333333	5.9094683904966665
0.5899212871740833	0.38624463333333336	5.849082473073333
0.5916666164260775	0.4023622333333333	5.78319228108
0.593411945678072	0.3974114	5.703876622936666
0.5951572749300664	0.38599039999999996	5.641126808886666
0.5969026041820606	0.3674881666666666	5.606518140896666
0.5986479334340549	0.33367883333333326	5.585443872426667
0.6003932626860494	0.30741256666666666	5.578254448336667
0.6021385919380438	0.2999445333333333	5.58024918385
0.603883921190038	0.2869946666666666	5.557972053556666
0.6056292504420324	0.2795193	5.516067703056667
0.6073745796940266	0.296268	5.48061234451
0.609119908946021	0.30593523333333333	5.439530831549999
0.6108652381980153	0.28287097666666666	5.382038655419999
0.6126105674500095	0.25187646666666663	5.338878434276666
0.614355896702004	0.22079888666666664	5.315488152553333
0.6161012259539983	0.1889116933333333	5.3004930649599995
0.6178465552059926	0.17975861999999998	5.304031358856666
0.6195918844579871	0.19344061333333334	5.31843516789
0.6213372137099814	0.19694734666666663	5.311130742906666
0.6230825429619757	0.19611411820000002	5.293193649636667
0.62482787221397	0.2040017324	5.282655489746666
0.6265732014659642	0.19835027499999996	5.2636839534033335
0.6283185307179586	0.17139783666666664	5.23304029644
0.630063859969953	0.15004781666666667	5.21064613165
0.6318091892219473	0.13989977666666664	5.190753700623333
0.6335545184739415	0.14015955666666668	5.1720798516599995
0.635299847725936	0.15914619333333332	5.165497369873333
0.6370451769779303	0.18579353333333332	5.160326526583334
0.6387905062299246	0.19707286999999998	5.141768093746666
0.6405358354819191	0.19797113666666669	5.121896494353333
0.6422811647339131	0.19572333	5.102195442493334
0.6440264939859075	0.18811208999999998	5.0796290742100005
0.6457718232379019	0.1800174433333333	5.063250311083333
0.6475171524898962	0.18292367999999998	5.05364958842
0.6492624817418906	0.19714033999999997	5.04130389128
0.6510078109938849	0.21870794333333332	5.032048213933334
0.6527531402458793	0.23660615	5.0205968574833335
0.6544984694978735	0.24579443999999998	4.998959561156667
0.6562437987498679	0.24936435666666668	4.976472834339999
0.6579891280018623	0.24749496666666665	4.953603243370001
0.6597344572538565	0.23962966666666666	4.917776312279999
0.6614797865058508	0.23931142	4.887262962206667
0.6632251157578453	0.24729179	4.875250467846667
0.6649704450098396	0.25751403666666667	4.8693157263
0.6667157742618338	0.27613177333333333	4.871270188026667
0.668461103513828	0.29701953666666664	4.88400891339
0.6702064327658226	0.29638858	4.879540825766666
0.6719517620178169	0.28849698333333335	4.86163531903
0.6736970912698113	0.29669048666666664	4.85514176261
0.6754424205218055	0.3070839733333333	4.8424857784799995
0.6771877497737997	0.31194421666666666	4.809417052336666
0.6789330790257941	0.3277456933333333	4.78730400955
0.6806784082777885	0.33949025	4.778137385636667
0.6824237375297828	0.337875	4.770572163373333
0.6841690667817772	0.3464817666666667	4.785340240449999
0.6859143960337715	0.35592193333333333	4.811815041593333
0.6876597252857658	0.33671352333333326	4.806644335916666
0.6894050545377601	0.32025356666666666	4.790057860989999
0.6911503837897546	0.33276399999999995	4.789198319753333
0.6928957130417489	0.34500793333333324	4.775565278946666
0.6946410422937431	0.34735283333333333	4.745475163513333
0.6963863715457373	0.35341589999999995	4.729948983216667
0.6981317007977319	0.34015956666666664	4.71642267965
0.6998770300497262	0.3088838	4.703981103636666
0.7016223593017206	0.29497576666666664	4.721436356876667
0.7033676885537148	0.2865407666666666	4.7439531057833335
0.705113017805709	0.25823229999999997	4.730848331756666
0.7068583470577035	0.24190033333333333	4.708227066553333
0.7086036763096978	0.24947515333333337	4.689685573806667
0.710349005561692	0.25081296333333336	4.653307710986667
0.7120943348136863	0.24383707999999998	4.613184791319999
0.7138396640656808	0.23579475666666666	4.587965001626667
0.7155849933176751	0.20691547999999998	4.559077782893333
0.7173303225696694	0.1710487533333333	4.540094470606666
0.7190756518216639	0.15726593066666666	4.552571277179999
0.7208209810736581	0.15126803266666666	4.566111482636666
0.7225663103256524	0.13838822286666663	4.5575756452
0.7243116395776467	0.135922844	4.54286637977
0.726056968829641	0.13783270566666667	4.51408668647
0.7278022980816354	0.1298707533333333	4.467609429496666
0.7295476273336298	0.12069436666666668	4.429394253983333
0.7312929565856241	0.11027782666666666	4.400961183653333
0.7330382858376183	0.0896129	4.369729669336667
0.7347836150896128	0.07600945666666667	4.3576606216533325
0.7365289443416071	0.07761192	4.367916519093333
0.7382742735936013	0.08314268999999999	4.377140887193333
0.7400196028455955	0.09262555233333332	4.384122951359999
0.7417649320975901	0.105068677	4.38489316243
0.7435102613495844	0.10555902666666668	4.3562405691
0.7452555906015788	0.10179123066666665	4.3146282679366665
0.747000919853573	0.10519071199999999	4.28522442061
0.7487462491055674	0.10924967	4.2587982257100006
0.7504915783575618	0.11766800333333333	4.2390294251
0.752236907609556	0.13849797666666666	4.243840040199999
0.7539822368615503	0.15470098999999998	4.253670917683333
0.7557275661135445	0.16667957333333333	4.2610806269733335
0.757472895365539	0.19031316	4.281156401426666
0.7592182246175333	0.20904767333333335	4.287856930939999
0.7609635538695276	0.20705838333333332	4.25282705435
0.7627088831215221	0.20863891	4.207299513226666
0.7644542123735163	0.21964396	4.168848602086666
0.7661995416255106	0.22820875	4.128457399973333
0.767944870877505	0.2464274333333333	4.10782384925
0.7696902001294994	0.2711133	4.115993412529999
0.7714355293814937	0.27250186666666665	4.120702761146666
0.773180858633488	0.26554976666666663	4.12956942727
0.7749261878854823	0.2754179666666666	4.16009756198
0.7766715171374765	0.2795818366666667	4.172375082553334
0.778416846389471	0.26761961666666667	4.142338903213333
0.7801621756414653	0.2663848633333333	4.101145062176666
0.7819075048934595	0.27126110999999997	4.05402300141
0.7836528341454538	0.2706879533333333	4.00082302193
0.7853981633974483	0.28045746666666665	3.974656905863333
0.7871434926494427	0.2900430333333333	3.9756477069366665
0.7888888219014369	0.27200406666666666	3.9737254487766673
0.7906341511534312	0.25042209666666665	3.985935681406666
0.7923794804054256	0.24794559333333335	4.021435864539999
0.7941248096574199	0.24354978333333333	4.040311892786667
0.7958701389094142	0.23323517666666665	4.028833447976667
0.7976154681614087	0.23384513	4.0051261729266665
0.7993607974134027	0.231836	3.962041282823333
0.8011061266653973	0.22207659999999999	3.9101369032266655
0.8028514559173916	0.2203037	3.88269819699
0.8045967851693858	0.21452253333333332	3.873254593503333
0.8063421144213804	0.18848489999999998	3.8636820877533333
0.8080874436733746	0.16576836666666664	3.87257269806
0.8098327729253688	0.15817702	3.8978974063333327
0.8115781021773631	0.15089903999999998	3.9120350697933333
0.8133234314293576	0.14426215333333334	3.9125925745299996
0.815068760681352	0.14249768333333335	3.90222806698
0.8168140899333463	0.1322495233333333	3.8693017294666667
0.8185594191853405	0.11681998666666667	3.831094830353333
0.8203047484373349	0.10678625	3.80958695677
0.8220500776893291	0.09506171333333333	3.796819999086667
0.8237954069413235	0.08009274999999999	3.789900058073333
0.8255407361933177	0.07389110399999999	3.7979245139499995
0.827286065445312	0.072609076	3.806204141786666
0.8290313946973066	0.072240531	3.805852297396666
0.8307767239493009	0.07710171333333334	3.8041857141533333
0.8325220532012951	0.07977775333333333	3.7911497426166663
0.8342673824532894	0.07245760333333331	3.7586877888499997
0.8360127117052839	0.06594441	3.7289711447466662
0.8377580409572781	0.06261996333333333	3.710832639136666
0.8395033702092725	0.06047299666666667	3.69934233499
0.8412486994612667	0.06888720666666666	3.7037609834633334
0.8429940287132611	0.08480212866666666	3.71877300352
0.8447393579652556	0.09155451366666667	3.7190051925033334
0.8464846872172498	0.09697276803333332	3.71031632954
0.8482300164692442	0.10926839099999999	3.7035123135066663
0.8499753457212386	0.11417748533333333	3.680943259556667
0.8517206749732327	0.11058151333333333	3.6419706104366663
0.853466004225227	0.11316091333333334	3.611255470003333
0.8552113334772216	0.11648428666666666	3.58935742868
0.8569566627292158	0.12163321333333332	3.578040596693333
0.8587019919812102	0.14316764999999998	3.593693434306666
0.8604473212332044	0.16730369	3.6195132686366662
0.8621926504851987	0.17243509666666662	3.62517309766
0.8639379797371932	0.1754931333333333	3.6224140406766665
0.8656833089891874	0.18699730666666664	3.6182577447866664
0.8674286382411818	0.19080956666666665	3.5923552397933336
0.869173967493176	0.19007240000000003	3.5504424399099994
0.8709192967451702	0.1982628	3.5154779372266667
0.8726646259971648	0.20408696666666665	3.485038921356667
0.8744099552491591	0.20973303333333332	3.46898208957
0.8761552845011533	0.2305526	3.48702749694
0.8779006137531478	0.24874423333333331	3.5178516340266666
0.8796459430051421	0.24396436666666665	3.5324253782533335
0.8813912722571363	0.23766949999999998	3.54209131854
0.8831366015091309	0.24138686666666667	3.5478217838766666
0.8848819307611251	0.23919625	3.529260003816667
0.8866272600131193	0.23344899666666663	3.49301100332
0.8883725892651138	0.23516704333333333	3.457669645713333
0.890117918517108	0.23307921999999998	3.4223612425466663
0.8918632477691024	0.22792083000000002	3.40048682666
0.8936085770210968	0.23183640666666663	3.4094771825566665
0.895353906273091	0.23161869666666668	3.4320980215866665
0.8970992355250853	0.21350855333333332	3.4470250896966665
0.8988445647770799	0.1962337033333333	3.460632309636666
0.9005898940290741	0.18949951999999998	3.4688152957866665
0.9023352232810684	0.18069638333333332	3.456120261576667
0.9040805525330626	0.16910234000000002	3.4273555413966665
0.9058258817850569	0.16252934999999996	3.3950296813499996
0.9075712110370514	0.15439365666666666	3.3615510683266665
0.9093165402890456	0.14347642333333332	3.3389589021666666
0.91106186954104	0.13607806333333333	3.3374205327499995
0.9128071987930344	0.12742391666666666	3.347142746216667
0.9145525280450286	0.11178238333333332	3.3564065703433332
0.9162978572970231	0.09894127333333332	3.364113479506667
0.9180431865490173	0.09347881666666666	3.3628062409866666
0.9197885158010117	0.08850638333333334	3.3461058915866664
0.921533845053006	0.08115243999999999	3.3184870603866665
0.9232791743050003	0.07534187	3.287398898513333
0.9250245035569945	0.07027231333333334	3.2591448985166664
0.9267698328089891	0.06436794	3.2435485444033327
0.9285151620609834	0.05821754	3.2430051399666664
0.9302604913129776	0.053961767	3.253213421346667
0.9320058205649719	0.05184725766666666	3.268405148193333
0.9337511498169662	0.051654805666666664	3.2792401978466668
0.9354964790689607	0.052504179	3.2752779868233333
0.9372418083209549	0.05370428036666667	3.25725763761
0.9389871375729492	0.052211796333333324	3.2293535235766666
0.9407324668249435	0.049221749999999995	3.1965337409999997
0.9424777960769379	0.049236498999999996	3.1696505999999993
0.9442231253289324	0.051391476666666665	3.1577470448500002
0.9459684545809266	0.051478993333333334	3.1586689896366664
0.9477137838329208	0.055792400000000006	3.1728570057766667
0.9494591130849153	0.06859713066666666	3.1982139670633334
0.9512044423369096	0.08119506133333333	3.21825535679
0.9529497715889038	0.08756523933333334	3.218697956166667
0.9546951008408984	0.0933676368	3.2037010368666667
0.9564404300928926	0.09808091333333332	3.17666927777
0.9581857593448869	0.09940063666666667	3.139537745403333
0.9599310885968813	0.10333050066666667	3.10499648389
0.9616764178488755	0.11157364666666665	3.0842713678466667
0.96342174710087	0.11769553333333334	3.0761044688666663
0.9651670763528643	0.12732939	3.0842930745466663
0.9669124056048585	0.14618663666666665	3.1096316273666664
0.9686577348568528	0.16231155333333333	3.1342611379700003
0.9704030641088474	0.16659680666666665	3.1417249805833327
0.9721483933608416	0.16892576999999998	3.135642201083333
0.9738937226128359	0.17281111999999998	3.1178800286533335
0.9756390518648301	0.17249170666666663	3.0858969311199997
0.9773843811168246	0.1713593033333333	3.048875654543333
0.9791297103688189	0.17498366666666665	3.019891105833333
0.9808750396208131	0.17843946666666666	3.0011722186866665
0.9826203688728073	0.18282873333333333	2.9962358255666666
0.9843656981248019	0.19265253333333332	3.0068307658933335
0.9861110273767961	0.19946336666666667	3.020742917253333
0.9878563566287906	0.1949332666666667	3.0242498100699997
0.9896016858807848	0.188773	3.0187894036699996
0.991347015132779	0.18709186666666666	3.0058105465433336
0.9930923443847736	0.18313443333333335	2.98180852449
0.9948376736367678	0.17633616333333335	2.95163076521
0.9965830028887621	0.17418276333333332	2.9277922273933332
0.9983283321407567	0.17452684	2.91477379803
1.0000736613927508	0.17376546333333334	2.9127469591266664
1.0018189906447452	0.17408477	2.9210769901499996
1.0035643198967397	0.17290990666666667	2.9328470421166664
1.0053096491487339	0.16430758666666667	2.93707319367
1.007054978400728	0.15486887333333332	2.93192433899
1.0088003076527223	0.15124723333333331	2.919241589893333
1.0105456369047165	0.14707482666666666	2.8974277722999995
1.0122909661567112	0.13798740666666665	2.869253851153333
1.0140362954087054	0.13194679999999998	2.8479717278833334
1.0157816246606999	0.13015945666666665	2.8415255718766668
1.017526953912694	0.1257186633333333	2.8474646975733333
1.0192722831646883	0.11842420666666666	2.8622895977533336
1.0210176124166828	0.11188093333333334	2.8829778799199994
1.022762941668677	0.103262692	2.899519407643333
1.0245082709206712	0.09432559733333332	2.9044230259933332
1.0262536001726654	0.09024152966666667	2.8973717637666665
1.02799892942466	0.08664506666666666	2.877961115886667
1.0297442586766543	0.07729736666666667	2.84756919665
1.0314895879286488	0.06912083333333333	2.819879347393333
1.0332349171806432	0.06613141666666666	2.806791503323333
1.0349802464326374	0.060974926666666665	2.80698684623
1.0367255756846316	0.051907836666666665	2.817420508963333
1.0384709049366259	0.046597766666666665	2.83927761635
1.0402162341886205	0.04492921	2.8642114195799993
1.041961563440615	0.04384539333333333	2.8800264581533335
1.043706892692609	0.04523216133333333	2.882278078723333
1.0454522219446034	0.04739149866666666	2.8695711512366664
1.0471975511965979	0.04468627133333333	2.841161709563333
1.048942880448592	0.041051397999999996	2.8078282465366664
1.0506882097005863	0.040820614	2.781977310263333
1.0524335389525805	0.03956544633333332	2.766053078373333
1.0541788682045747	0.036108710999999995	2.7610842755833334
1.0559241974565694	0.03769674333333333	2.771347447446666
1.0576695267085636	0.04477947333333333	2.791037732156666
1.059414855960558	0.052972147	2.808994311156667
1.0611601852125523	0.061697693	2.8189615703833333
1.0629055144645467	0.06986226033333333	2.8162448239
1.064650843716541	0.07332196233333332	2.7970962912466666
1.0663961729685352	0.074047279	2.768447510943333
1.0681415022205298	0.07518850199999999	2.7396286474366662
1.069886831472524	0.07559584899999999	2.714786076796666
1.0716321607245185	0.07587519366666667	2.698859721063333
1.0733774899765127	0.08057262666666666	2.697493054333333
1.0751228192285072	0.08926484333333332	2.707144326043333
1.0768681484805014	0.09931372	2.72153158257
1.0786134777324956	0.10952337000000001	2.735632065493333
1.0803588069844898	0.11792372666666667	2.7416249996199995
1.082104136236484	0.12210125999999999	2.7337181655366667
1.0838494654884787	0.12363466999999997	2.716258646863333
1.085594794740473	0.12368989999999998	2.69420914178
1.0873401239924672	0.12325408	2.6712357243100002
1.0890854532444616	0.12486156333333333	2.654669500913333
1.0908307824964558	0.12929424	2.64943267427
1.0925761117484503	0.13417031666666665	2.6526679626166665
1.0943214410004445	0.14039341666666666	2.6637452411066667
1.0960667702524387	0.14779473333333332	2.6801704872866665
1.0978120995044334	0.15235263333333332	2.69133189053
1.0995574287564276	0.15293486666666667	2.6904595726299996
1.101302758008422	0.15239826666666667	2.68133611219
1.1030480872604165	0.14998126666666667	2.665302810623333
1.1047934165124107	0.14706903333333332	2.6448133806499996
1.106538745764405	0.14779357333333332	2.6290007574233334
1.1082840750163991	0.14956644	2.62160969861
1.1100294042683934	0.1475442833333333	2.6195597866933333
1.111774733520388	0.14666078999999999	2.627494287333333
1.1135200627723822	0.14908277666666664	2.6458281398
1.1152653920243765	0.147843	2.660833977
1.117010721276371	0.14178386	2.6642366648999998
1.1187560505283651	0.13683634333333333	2.6603882897166664
1.1205013797803596	0.13171358	2.6479590947266667
1.1222467090323538	0.12573435666666666	2.6263902927966667
1.123992038284348	0.12330805	2.605068238533333
1.1257373675363422	0.12134423	2.5881926320566664
1.127482696788337	0.11386486666666665	2.57366352241
1.1292280260403311	0.10760858333333331	2.57010000969
1.1309733552923256	0.10664373999999999	2.5812979107866667
1.13271868454432	0.10267069333333334	2.59354745077
1.1344640137963142	0.093963342	2.598519968433333
1.1362093430483085	0.08839069	2.6008978581999997
1.1379546723003031	0.08473768433333334	2.59723559025
1.139700001552297	0.07976193066666666	2.5833673928699996
1.1414453308042918	0.07687537	2.5664162869766667
1.143190660056286	0.07407546666666666	2.5497794419533335
1.14493598930828	0.06583117666666666	2.5315275260999996
1.1466813185602747	0.058512383333333334	2.5212453267966666
1.1484266478122689	0.056748723333333334	2.5244082849466665
1.150171977064263	0.053244283333333337	2.5297142414566665
1.1519173063162573	0.04636617666666666	2.53092831441
1.1536626355682515	0.04362557	2.533113075093333
1.1554079648202462	0.04371657666666667	2.5324367447466667
1.1571532940722404	0.04252345	2.52417995329
1.1588986233242349	0.04228983	2.5138503212666667
1.160643952576229	0.04165749866666666	2.503179917373333
1.1623892818282235	0.03627812333333333	2.4898383741466668
1.1641346110802178	0.031442257333333334	2.4825157157333333
1.165879940332212	0.030963908666666665	2.4857062217266668
1.1676252695842066	0.02955683673333333	2.4896586826566662
1.1693705988362009	0.026574637833333335	2.4899796009133333
1.171115928088195	0.027402415666666666	2.4907794099166662
1.1728612573401895	0.030061631	2.487994899483333
1.1746065865921838	0.031975482	2.4791441290466665
1.1763519158441782	0.03521082466666667	2.4702533424533333
1.1780972450961724	0.037550176666666664	2.4617290533366667
1.1798425743481666	0.03562593333333333	2.4517171005966665
1.1815879036001609	0.03466329106666667	2.4492828683266668
1.183333232852155	0.037098821866666666	2.457422471246667
1.18507856210415	0.03868458853333333	2.4661771581266665
1.186823891356144	0.03997763013333333	2.471558827953333
1.1885692206081382	0.043951190333333334	2.4751282245366664
1.1903145498601329	0.047304049333333334	2.4708570750966663
1.192059879112127	0.05019648933333333	2.4581917149166665
1.1938052083641213	0.05575334666666666	2.444386812293333
1.1955505376161155	0.05960986333333333	2.428730459463333
1.1972958668681097	0.05854231666666666	2.4108594458033332
1.1990411961201044	0.059586669999999994	2.403335857993333
1.2007865253720988	0.06449991	2.4101559936733334
1.2025318546240933	0.06800812	2.4211209924166663
1.2042771838760875	0.07133077333333333	2.4326068572166664
1.2060225131280817	0.07671649333333332	2.44445443912
1.207767842380076	0.07964294999999999	2.4475210850633333
1.2095131716320702	0.08199532666666666	2.440147609263333
1.2112585008840648	0.08838596666666666	2.4288277899333335
1.213003830136059	0.09243248333333333	2.4105374867933334
1.2147491593880533	0.09009373	2.38502171271
1.2164944886400477	0.09087504666666668	2.3686786765566668
1.218239817892042	0.09689685333333332	2.3684416721666666
1.2199851471440364	0.10024811666666666	2.3748396014966664
1.2217304763960306	0.10181083999999999	2.38584632174
1.2234758056480248	0.10550678999999999	2.4028513533666667
1.225221134900019	0.10665855333333332	2.4152897743499997
1.2269664641520137	0.10664970666666665	2.4184208201999997
1.228711793404008	0.11114019666666666	2.41619795152
1.2304571226560024	0.11355955666666664	2.40282378504
1.2322024519079966	0.10874044999999999	2.3759017818966663
1.233947781159991	0.10741322	2.352786720343333
1.2356931104119853	0.11266750999999998	2.342947621096666
1.23743843966398	0.11385247666666665	2.3382220771733335
1.2391837689159741	0.11041792666666667	2.3389101304333333
1.240929098167968	0.10941905333333332	2.351115434793333
1.2426744274199628	0.10759653666666666	2.3664621947599995
1.244419756671957	0.10361156	2.377443590626666
1.2461650859239515	0.10288333333333333	2.38527253111
1.2479104151759457	0.10173679	2.38322669999
1.24965574442794	0.09504095333333332	2.3660331441266664
1.2514010736799341	0.09162183999999998	2.3470464616899998
1.2531464029319284	0.09488773666666667	2.3350359418233335
1.254891732183923	0.09423984333333332	2.32335138257
1.2566370614359172	0.08785087	2.3138586473833334
1.2583823906879115	0.08394048666666666	2.3159770164399998
1.260127719939906	0.08093129666666667	2.325138661593333
1.2618730491919004	0.07543588333333331	2.3341882778433334
1.2636183784438946	0.07171415666666667	2.3434551133999997
1.2653637076958888	0.06923946	2.3470328932399998
1.267109036947883	0.06388289	2.33826535452
1.2688543661998777	0.061179936666666664	2.3255175524233334
1.270599695451872	0.06385027666666666	2.31491384402
1.2723450247038663	0.06354919666666667	2.3008896240466665
1.2740903539558606	0.058142476666666665	2.2858709427833332
1.2758356832078548	0.054524256666666666	2.27979468591
1.2775810124598492	0.05200642	2.28101803833
1.2793263417118435	0.04728291333333333	2.2850063268966663
1.2810716709638381	0.04354423666666666	2.2928314061433337
1.282817000215832	0.04144907666666666	2.29940784564
1.2845623294678261	0.03791853333333333	2.2978067837066662
1.286307658719821	0.036300832666666664	2.293144776703333
1.288052987971815	0.03834363166666666	2.28862886091
1.2897983172238097	0.03799262133333333	2.278181061463333
1.2915436464758039	0.033647652666666666	2.2635734088799997
1.293288975727798	0.030363023000000003	2.253857785693333
1.2950343049797923	0.027709072666666668	2.2488291063666663
1.296779634231787	0.023729285000000003	2.2464565139866663
1.2985249634837812	0.02111113766666666	2.24927702109
1.3002702927357757	0.020170415	2.25348287822
1.3020156219877699	0.018575421	2.25308159236
1.3037609512397643	0.01890252333333333	2.2520836693199997
1.3055062804917585	0.021917746666666668	2.2519095737866666
1.3072516097437528	0.02303804933333333	2.2458845080466663
1.308996938995747	0.021661657333333334	2.235072599633333
1.3107422682477412	0.020987815333333333	2.2269742193799997
1.3124875974997359	0.019901555	2.2212543612099998
1.31423292675173	0.0185719	2.21769831116
1.3159782560037245	0.020128409666666666	2.2201837159
1.3177235852557188	0.022603619999999998	2.2247956246366662
1.319468914507713	0.023223953999999998	2.2257612586033333
1.3212142437597074	0.026394551999999995	2.228011696273333
1.3229595730117016	0.03296529866666667	2.2325252777999998
1.3247049022636959	0.03681970999999999	2.2304228273699995
1.3264502315156905	0.037538707	2.2215829368633333
1.3281955607676847	0.03937718266666666	2.214147237663333
1.3299408900196792	0.04078783	2.20786463539
1.3316862192716734	0.04136533333333333	2.201918716013333
1.3334315485236676	0.04464383333333333	2.2011938601266667
1.3351768777756619	0.048083259999999996	2.2033653007966665
1.336922207027656	0.048017540000000004	2.202902710283333
1.338667536279651	0.05016238333333334	2.2050868581133334
1.3404128655316452	0.05652165999999999	2.211449358683333
1.3421581947836396	0.059132896666666664	2.21132356766
1.3439035240356338	0.056876086666666666	2.2027132978966666
1.345648853287628	0.05694227333333333	2.1951733486833334
1.3473941825396225	0.05866731	2.1891682859399997
1.3491395117916167	0.058482386666666664	2.1810148630799997
1.350884841043611	0.059201456666666666	2.175192145773333
1.3526301702956052	0.060946843333333334	2.173300856673333
1.3543754995475994	0.06004027666666667	2.17101279093
1.356120828799594	0.059981853333333335	2.1712297674366665
1.3578661580515883	0.06327647333333333	2.175717006093333
1.3596114873035827	0.06340873	2.175557997533333
1.361356816555577	0.05888038333333332	2.1677140642
1.3631021458075712	0.057154526666666663	2.160502752513333
1.3648474750595656	0.05856715333333332	2.1548643019433333
1.3665928043115598	0.05835108	2.146234355613333
1.3683381335635545	0.05831151333333333	2.13820327897
1.3700834628155487	0.06024909333333334	2.1344247139899997
1.371828792067543	0.06088370666666666	2.1317665706666666
1.3735741213195374	0.06142540666666667	2.1311812575899998
1.3753194505715316	0.06415050666666666	2.134155561093333
1.377064779823526	0.06444100666666666	2.13373086806
1.3788101090755203	0.06070728	2.1264657498899995
1.3805554383275145	0.05943105	2.1189424286633334
1.3823007675795091	0.06152313333333333	2.112425302363333
1.384046096831503	0.06221486999999999	2.1027780753066665
1.3857914260834978	0.062462119999999996	2.093245555753333
1.387536755335492	0.06474465333333332	2.088727500836667
1.3892820845874863	0.06631221666666666	2.0874061788266665
1.3910274138394805	0.06682789333333333	2.0892483983566663
1.3927727430914747	0.06816990666666667	2.0952971347933333
1.3945180723434691	0.06743517	2.0996971214799998
1.3962634015954638	0.06324969999999999	2.0982197736333332
1.398008730847458	0.060904440000000004	2.09511811588
1.3997540600994525	0.06164559333333333	2.09099317377
1.4014993893514467	0.061306903333333336	2.0816929663766666
1.4032447186034411	0.06026026333333333	2.0699857872999994
1.4049900478554354	0.06107125333333333	2.06176934371
1.4067353771074296	0.06151179000000001	2.0570396948566665
1.4084807063594238	0.060309376666666664	2.0561492923466664
1.410226035611418	0.05889003666666666	2.0608606782466667
1.4119713648634127	0.05580578666666666	2.0673161247766663
1.413716694115407	0.050188493333333334	2.0714340226066668
1.4154620233674011	0.04613827566666667	2.075318756603333
1.4172073526193956	0.04499477133333333	2.0782236465799997
1.4189526818713898	0.043816425666666665	2.0753701440366665
1.420698011123384	0.04289517333333333	2.0680387188599996
1.4224433403753782	0.04396900100000001	2.0609676994666666
1.4241886696273727	0.04479641599999999	2.0544000907066664
1.4259339988793673	0.04430780200000001	2.0495002475
1.4276793281313616	0.04372956966666667	2.0492267879833332
1.429424657383356	0.041222866	2.051082948263333
1.4311699866353502	0.03573661166666666	2.051878290603333
1.4329153158873444	0.03186479066666666	2.0545213622
1.4346606451393389	0.03144240333333333	2.058599521803333
1.436405974391333	0.030851256666666667	2.057830494756667
1.4381513036433278	0.030112089999999998	2.0519973679066665
1.439896632895322	0.03241595666666666	2.046398843266666
1.4416419621473162	0.035943586666666666	2.0411961571533332
1.4433872913993107	0.03785391333333333	2.03556484124
1.4451326206513049	0.03899325333333333	2.03263078227
1.446877949903299	0.03880784233333333	2.0324136018866668
1.4486232791552933	0.03570838033333333	2.032185376823333
1.4503686084072875	0.032982755333333336	2.0339823190733335
1.452113937659282	0.032996834	2.0380508812533336
1.4538592669112762	0.03220716333333333	2.0378305764399998
1.4556045961632709	0.029869311	2.03136524672
1.457349925415265	0.03076269533333333	2.0244538154633336
1.4590952546672595	0.03455643966666666	2.018017412453333
1.460840583919254	0.03613272199999999	2.0087265882866667
1.4625859131712482	0.035469845	1.99930615159
1.4643312424232424	0.03550134	1.99439666297
1.4660765716752366	0.035121926666666664	1.99310802195
1.4678219009272309	0.03342675	1.9944573296166663
1.4695672301792255	0.03231711999999999	1.9989189291433331
1.4713125594312197	0.031543575	2.0030811771333332
1.4730578886832142	0.029881901000000002	2.0035276070899997
1.4748032179352084	0.029699402666666666	2.0021882317566666
1.4765485471872026	0.03178163966666667	1.9994364805866667
1.478293876439197	0.032321707666666664	1.9917817328599998
1.480039205691191	0.030467918333333333	1.9804932718833332
1.481784534943186	0.030009246666666663	1.9714800525433331
1.4835298641951802	0.031059303	1.966215634413333
1.4852751934471744	0.030499198566666667	1.9631813782566667
1.4870205226991688	0.029089389033333333	1.9635505405933333
1.488765851951163	0.029395919666666666	1.9679795609366666
1.4905111812031575	0.030498788666666665	1.9737424639766668
1.4922565104551517	0.03122467533333333	1.978892055496667
1.494001839707146	0.03232270499999999	1.9824769083
1.4957471689591406	0.03318597266666666	1.9820769903333333
1.4974924982111348	0.03278034666666667	1.976923024263333
1.4992378274631293	0.03289597666666667	1.9700031222533332
1.5009831567151235	0.03449458266666666	1.9632758150099998
1.5027284859671177	0.035463173333333334	1.95652937283
1.504473815219112	0.035587596666666665	1.9514322004199998
1.5062191444711062	0.03747232	1.95070257979
1.5079644737231006	0.04076419333333334	1.9537997321833331
1.5097098029750948	0.04267326	1.9583105490733335
1.511455132227089	0.04314788333333334	1.9629552454433332
1.5132004614790837	0.043704106666666666	1.9666653758866666
1.514945790731078	0.043856213333333324	1.96778467137
1.5166911199830724	0.04319808	1.9659033350466664
1.5184364492350666	0.042925556666666656	1.9618759164566664
1.520181778487061	0.04354904666666666	1.9566347448933332
1.5219271077390553	0.04480929333333333	1.9515481239866665
1.5236724369910495	0.04742745333333333	1.9485822488666664
1.5254177662430441	0.05131138333333333	1.9485227182433331
1.5271630954950384	0.05444169333333333	1.9505007364199998
1.5289084247470326	0.055777339999999995	1.9534177155333332
1.530653753999027	0.056288490000000004	1.9564981776533332
1.5323990832510213	0.05597037666666666	1.9582856641133333
1.5341444125030157	0.05372618999999999	1.9569935704599999
1.53588974175501	0.05039179	1.9523374774699997
1.537635071007004	0.04842457666666666	1.9459278630766665
1.5393804002589988	0.04857039	1.9392916590633331
1.541125729510993	0.04991373333333333	1.9332135690233332
1.5428710587629875	0.05235062333333333	1.9291068012099999
1.5446163880149817	0.05618559666666667	1.92863642254
1.546361717266976	0.06010006666666666	1.9314228872933334
1.5481070465189704	0.06228238999999999	1.9354874478033333
1.5498523757709646	0.06236617	1.9392979494733331
1.5515977050229588	0.06054884666666667	1.9414190022666666
1.553343034274953	0.05690807333333334	1.9400693039533332
1.5550883635269477	0.05280911633333333	1.9349804784833333
1.556833692778942	0.04997769266666666	1.92728843005
1.5585790220309363	0.04831757933333333	1.9177033914166668
1.5603243512829306	0.047732953333333335	1.9077779682233333
1.5620696805349248	0.04979939233333333	1.9009328963599998
1.563815009786919	0.05412429566666666	1.8987867026266667
1.5655603390389135	0.05729436266666667	1.8997574350733333
1.5673056682909077	0.058093137	1.9030037114299998
1.5690509975429023	0.058279817	1.9088249608666668
1.5707963267948966	0.057523107	1.9149226766666665
1.5725416560468908	0.05414427866666666	1.9177996711333334
1.5742869852988854	0.04961544233333333	1.9167226677799998
1.5760323145508797	0.04641371033333333	1.9123423945333333
1.5777776438028739	0.044600298999999996	1.90476965976
1.579522973054868	0.04419203766666666	1.8955232292500002
1.5812683023068623	0.04584885799999999	1.8871597160600002
1.583013631558857	0.04808432066666666	1.88062252495
1.5847589608108512	0.04925878	1.8766582669666667
1.5865042900628454	0.05038253666666666	1.8771715347033333
1.5882496193148399	0.05145533333333333	1.8818957003833332
1.589994948566834	0.04997070666666667	1.8877307676400001
1.5917402778188283	0.04627855333333333	1.8930816140433333
1.5934856070708228	0.0438941	1.8981767407066665
1.5952309363228174	0.04341758	1.90154274695
1.5969762655748112	0.04281491666666666	1.9010076189166665
1.5987215948268054	0.04261771	1.8970676891666667
1.6004669240788003	0.044531266666666666	1.8916917815333332
1.6022122533307945	0.047372323333333334	1.8858421585199996
1.603957582582789	0.04900887333333333	1.8802066758566665
1.6057029118347832	0.04940784333333334	1.8762600270533334
1.6074482410867772	0.04901741666666666	1.8751322577733334
1.6091935703387716	0.04753019666666667	1.876733659923333
1.6109388995907659	0.045387496666666666	1.8802195474099999
1.6126842288427607	0.04366893	1.8845838349133333
1.614429558094755	0.042404373333333335	1.8885457814333333
1.6161748873467492	0.04151761666666667	1.8907326692066668
1.6179202165987434	0.042025433333333334	1.8904512317800002
1.6196655458507376	0.043933266666666665	1.88784171402
1.621410875102732	0.04505221999999999	1.8830389266033332
1.6231562043547263	0.04455568333333333	1.8768367382966664
1.624901533606721	0.04429669	1.87156623995
1.6266468628587152	0.04444793666666667	1.8688535362366665
1.6283921921107094	0.042558259999999994	1.8677321903933333
1.630137521362704	0.03901400333333333	1.8678124609966666
1.6318828506146983	0.03708350666666667	1.8705511650066664
1.6336281798666925	0.03678121066666666	1.8748070191133333
1.6353735091186867	0.035461974	1.87649307288
1.637118838370681	0.03363532433333333	1.8746688838566667
1.6388641676226756	0.033111593333333335	1.8713978150666666
1.6406094968746698	0.03275224633333333	1.8663866007766665
1.642354826126664	0.03142686733333333	1.8585442524366667
1.6441001553786583	0.030210251666666667	1.8501323888666665
1.6458454846306525	0.02879554533333333	1.843457292983333
1.647590813882647	0.026435454533333333	1.8384956437033333
1.6493361431346412	0.025209182666666666	1.8360610744799999
1.6510814723866354	0.025912905	1.83683436566
1.6528268016386303	0.02536754833333333	1.83801992199
1.654572130890624	0.023180776	1.8378259330166664
1.6563174601426187	0.022863674666666667	1.8382375796533332
1.6580627893946132	0.023960074999999997	1.83871830025
1.6598081186466074	0.022773078000000002	1.8353054980233332
1.6615534478986018	0.020335976333333332	1.8286257582133332
1.663298777150596	0.019796783999999998	1.8227674786533332
1.6650441064025903	0.020266477666666664	1.8175713921999999
1.6667894356545845	0.020406096666666665	1.81108964191
1.6685347649065787	0.021536066666666666	1.8051928667833332
1.6702800941585736	0.023206826666666666	1.8014076889433333
1.6720254234105678	0.02391078	1.7986110735866667
1.673770752662562	0.025119983333333335	1.7974337263433333
1.6755160819145563	0.027331639999999997	1.79885322649
1.6772614111665505	0.027220603333333333	1.80009605108
1.679006740418545	0.02480445	1.7999434760566668
1.6807520696705391	0.02446329	1.801275601493333
1.6824973989225334	0.02631049	1.8033339924033331
1.684242728174528	0.026705483333333335	1.801205373653333
1.6859880574265222	0.026741519999999998	1.7952146780233333
1.6877333866785167	0.029484166666666662	1.78936613335
1.6894787159305111	0.033226559999999995	1.7831899043866666
1.6912240451825054	0.035484746666666664	1.7751182977266666
1.6929693744344996	0.03716394333333334	1.7680799765066664
1.6947147036864938	0.03800442333333333	1.7641871260933333
1.6964600329384885	0.036750723333333325	1.7626631545766664
1.6982053621904827	0.03551376	1.7645972297299999
1.6999506914424771	0.03582941666666666	1.7703594006299999
1.7016960206944713	0.034937903333333326	1.7753949084833334
1.7034413499464653	0.03306870333333333	1.7774909461966666
1.7051866791984598	0.034849809999999995	1.7795830167133335
1.706932008450454	0.03974455333333333	1.7806318465366664
1.708677337702449	0.0424581	1.7756788963599999
1.7104226669544431	0.04330347999999999	1.7665444915766666
1.7121679962064373	0.0456454	1.75898355517
1.7139133254584316	0.04756386333333333	1.7530967281366663
1.7156586547104258	0.04631892	1.7473492483133333
1.7174039839624204	0.04401156666666667	1.7444282369033335
1.7191493132144147	0.04196957999999999	1.7452241399166664
1.7208946424664089	0.039484486666666666	1.7475223730633331
1.722639971718403	0.03870517	1.751687678
1.7243853009703973	0.04108709666666667	1.7575823342966665
1.726130630222392	0.04315620333333334	1.7604705890766665
1.7278759594743864	0.04411851666666666	1.7591611440266668
1.7296212887263807	0.04771452666666667	1.7579428475166667
1.7313666179783749	0.05265868333333333	1.7564451391633331
1.733111947230369	0.05352046333333333	1.7503167701799998
1.7348572764823635	0.05130641333333333	1.7418165920766668
1.7366026057343578	0.05015190666666667	1.7359649650133333
1.738347934986352	0.048971023333333336	1.73198889485
1.7400932642383462	0.046145476666666664	1.72835836856
1.7418385934903404	0.044221170000000004	1.7273103501766667
1.7435839227423353	0.04392275333333333	1.7286239457533334
1.7453292519943295	0.04394488999999999	1.7302092096033332
1.7470745812463238	0.04577315	1.7333053428599998
1.7488199104983182	0.049639273333333324	1.7375972587966668
1.7505652397503124	0.05132800333333332	1.7380485605999998
1.7523105690023066	0.05024608333333333	1.7341806958400001
1.7540558982543013	0.05029133333333333	1.7307230951866668
1.7558012275062955	0.05075643	1.7273595510499997
1.75754655675829	0.04781007666666666	1.7205757815766667
1.7592918860102842	0.043431559999999994	1.7132583886966666
1.7610372152622784	0.041416839999999996	1.7097835873666665
1.7627825445142726	0.040676823333333334	1.7089315392633333
1.7645278737662669	0.03969659333333333	1.7091322457799998
1.7662732030182617	0.03985387666666666	1.7113499411266666
1.768018532270256	0.04058464	1.7136024114300001
1.7697638615222502	0.04033858	1.7134875892566666
1.7715091907742444	0.04033539666666666	1.7126919426299998
1.7732545200262386	0.04078987666666667	1.7113336288533332
1.7749998492782333	0.03877422999999999	1.7057466524733331
1.7767451785302275	0.034771656666666664	1.6973801052033333
1.7784905077822217	0.032509706666666666	1.69192906933
1.780235837034216	0.031708756666666664	1.68945441769
1.7819811662862102	0.029509056666666672	1.6866180221466665
1.7837264955382048	0.027227523333333337	1.6851560583333332
1.785471824790199	0.027126606666666667	1.6872363245233333
1.7872171540421935	0.027750993333333335	1.69020306954
1.7889624832941877	0.027492333333333334	1.6919051858599998
1.790707812546182	0.027181996666666666	1.6929326315266666
1.7924531417981764	0.02652218333333333	1.6918286481333333
1.7941984710501706	0.02476631	1.6877530754766668
1.7959438003021653	0.023222549999999998	1.6837342652633334
1.7976891295541597	0.022482870000000002	1.68080469396
1.7994344588061533	0.020747883333333335	1.6761193989366667
1.8011797880581482	0.01846829333333333	1.6710053203566666
1.8029251173101424	0.018053153333333335	1.6697995327933333
1.8046704465621368	0.018881993333333333	1.6714541827066665
1.806415775814131	0.018590046666666665	1.6722830748033335
1.8081611050661253	0.017919543333333333	1.6734295236833332
1.8099064343181195	0.018123746666666666	1.67638328476
1.8116517635701137	0.01813875	1.6789355261533334
1.8133970928221086	0.01739609	1.6800091556599999
1.8151424220741028	0.016851539333333332	1.6805204733933332
1.816887751326097	0.015967183666666666	1.6788405847299999
1.8186330805780913	0.014427394999999999	1.6744403565333332
1.8203784098300855	0.013891961999999997	1.6706781238966664
1.82212373908208	0.014493882	1.6682858127733333
1.8238690683340746	0.013936235	1.6641532024366665
1.8256143975860688	0.012624520333333333	1.65992059551
1.827359726838063	0.012728901333333334	1.6600954551833333
1.8291050560900572	0.013386562666666666	1.6633537787566666
1.830850385342052	0.012660298333333334	1.6657813510133332
1.8325957145940461	0.011674576666666667	1.6682253396999998
1.8343410438460404	0.011400927	1.6714519301833333
1.8360863730980346	0.010985977666666667	1.67278912389
1.8378317023500288	0.010687955999999998	1.67139110909
1.8395770316020235	0.011271557666666668	1.66853116515
1.8413223608540177	0.011222943333333332	1.6630425528033332
1.843067690106012	0.010276950666666666	1.6555342353866664
1.8448130193580063	0.010574830333333333	1.6505098941699998
1.8465583486100006	0.011772572999999998	1.6488931990833333
1.8483036778619948	0.011159223666666666	1.6471467822733334
1.850049007113989	0.009696140333333332	1.6462856737433331
1.8517943363659835	0.009892455666666666	1.64959647087
1.8535396656179781	0.010804646333333334	1.6543190504633334
1.8552849948699723	0.010879028666666665	1.6558425153033334
1.8570303241219668	0.011402948	1.6550504665366665
1.858775653373961	0.012637739999999998	1.6531655450833331
1.8605209826259552	0.013479844	1.6487761231599998
1.8622663118779497	0.014653543333333333	1.6427915707266667
1.8640116411299439	0.016580863333333334	1.6375909640800002
1.865756970381938	0.01690016333333333	1.6322000393166667
1.8675022996339323	0.01576071	1.6270582087733332
1.8692476288859265	0.016356526666666666	1.62594117034
1.8709929581379214	0.01831054333333333	1.6282171825299998
1.8727382873899157	0.01840377	1.6287937855566668
1.8744836166419099	0.018004879999999997	1.6281392905
1.876228945893904	0.02011962333333333	1.6298316341533332
1.8779742751458983	0.023185836666666668	1.6316919326866666
1.8797196043978928	0.024760916666666667	1.6300727912566668
1.881464933649887	0.026119079999999996	1.6273069870499999
1.8832102629018816	0.02771584	1.6257185329533332
1.8849555921538759	0.028238146666666665	1.6239360289466664
1.88670092140587	0.028553979999999996	1.6222087485199999
1.8884462506578648	0.029691573333333336	1.6219979646600002
1.890191579909859	0.02942319666666667	1.6210263661733333
1.8919369091618532	0.027998416666666665	1.6186215480299997
1.8936822384138474	0.02930236	1.6184102964199998
1.8954275676658416	0.03276457666666666	1.6199582067666667
1.8971728969178363	0.033653716666666667	1.6182192758166665
1.8989182261698305	0.033114113333333334	1.6147563994566667
1.900663555421825	0.035396033333333334	1.6150636822366666
1.9024088846738192	0.03842347333333333	1.6172305809699998
1.9041542139258134	0.038031463333333335	1.6163040865233331
1.9058995431778076	0.03643088333333334	1.6145672090499998
1.9076448724298019	0.03641026666666666	1.6150838233933333
1.9093902016817967	0.03631274666666666	1.61527158863
1.911135530933791	0.03553945333333333	1.61354636757
1.9128808601857852	0.03596418333333333	1.61198098743
1.9146261894377794	0.03648670666666666	1.60986577253
1.9163715186897738	0.03626074333333333	1.6064514821033333
1.9181168479417683	0.03800013333333333	1.60498490272
1.9198621771937625	0.04138231666666667	1.6057527050733331
1.9216075064457567	0.04162130333333333	1.6038969140766666
1.923352835697751	0.03955251	1.6002403929566666
1.9250981649497452	0.04018000333333333	1.6000890228133333
1.92684349420174	0.041884163333333335	1.6013945178666664
1.9285888234537343	0.03978165333333333	1.5983620695266665
1.9303341527057285	0.036561359999999994	1.5936949517066665
1.9320794819577227	0.03673146333333333	1.5923627046500002
1.933824811209717	0.03816961333333333	1.5919965293066665
1.9355701404617114	0.038098136666666664	1.5895464454966668
1.9373154697137056	0.03863444666666666	1.5875469302833332
1.9390607989656998	0.04038976333333333	1.58680376413
1.9408061282176947	0.04145360333333333	1.5852575562899998
1.9425514574696887	0.04233868	1.5837407555333334
1.9442967867216832	0.04365912333333333	1.5831700778099997
1.9460421159736774	0.042654193333333326	1.5805111477700002
1.9477874452256718	0.03965543999999999	1.5763888434000002
1.949532774477666	0.03885428666666667	1.5758694111566665
1.9512781037296603	0.03976312666666666	1.5782103760733333
1.953023432981655	0.03805741	1.5779623064466668
1.9547687622336491	0.03569374	1.5768878678133333
1.9565140914856434	0.03730725333333333	1.57968611805
1.9582594207376378	0.04060511666666666	1.5830984586766665
1.960004749989632	0.040970379999999994	1.5817947898
1.9617500792416263	0.04030519666666666	1.5782984823066668
1.9634954084936205	0.04122202666666667	1.5759795701566666
1.9652407377456147	0.04145070666666667	1.57323022887
1.9669860669976096	0.03940218666666667	1.56975168359
1.9687313962496038	0.037151343333333336	1.5684380004266665
1.970476725501598	0.03498285666666666	1.5690189325766668
1.9722220547535922	0.03238189666666667	1.5705755128433332
1.9739673840055865	0.03135172	1.5750397950666666
1.9757127132575811	0.03232414	1.5812687333066666
1.9774580425095754	0.03203293333333333	1.5837439978366668
1.9792033717615696	0.030844103333333334	1.5826012160566667
1.9809487010135638	0.032205399999999995	1.58230367038
1.982694030265558	0.034358813333333335	1.5812195365333332
1.9844393595175527	0.03270591333333333	1.5750518523833332
1.9861846887695471	0.02918746333333333	1.5675715308466664
1.9879300180215413	0.027750806666666662	1.5642952299266666
1.9896753472735356	0.026627783333333335	1.56353148472
1.9914206765255298	0.02327977333333333	1.5624901800866668
1.9931660057775242	0.020260194333333332	1.5633969243133334
1.9949113350295185	0.019336010666666667	1.5667841523166666
1.9966566642815133	0.019000042999999998	1.5699698903533332
1.9984019935335076	0.018920499666666667	1.5723891213466665
2.0001473227855016	0.019811989666666665	1.57425542717
2.0018926520374962	0.020000497666666665	1.5729565320799996
2.0036379812894904	0.019032686	1.5686050509266665
2.0053833105414847	0.018783009666666663	1.5647094077566666
2.0071286397934793	0.018697963999999997	1.56092061284
2.0088739690454736	0.016192497333333333	1.5540521001266665
2.0106192982974678	0.012753982333333334	1.546692507313333
2.012364627549462	0.011259933333333333	1.5433335855999997
2.014109956801456	0.010694162666666666	1.5426698025566665
2.0158552860534504	0.00912211	1.5419448970033331
2.0176006153054447	0.008136072666666667	1.5433271060866665
2.019345944557439	0.008886173333333332	1.5482582729233334
2.021091273809433	0.010010748	1.5541263399066667
2.022836603061428	0.010698535666666665	1.5589414794899998
2.0245819323134224	0.011481827	1.5626761945233334
2.0263272615654166	0.011600269666666666	1.5635382167233332
2.028072590817411	0.010740122666666666	1.5606076947999998
2.029817920069405	0.010040169999999998	1.55581973949
2.0315632493213998	0.009603209666666666	1.5499572910100001
2.033308578573394	0.008050545666666666	1.54181855337
2.035053907825388	0.006348305666666667	1.5340507432033332
2.036799237077383	0.006434837333333334	1.5309782969133334
2.0385445663293766	0.007588889333333333	1.53207430534
2.0402898955813713	0.007948153999999999	1.5343113372600001
2.0420352248333655	0.008398748333333332	1.5386388805033333
2.0437805540853597	0.009935289666666666	1.5460024581866665
2.045525883337354	0.011345336666666666	1.5531313778533333
2.047271212589348	0.011613988666666667	1.55690467961
2.0490165418413424	0.011638885999999998	1.5579262298233334
2.0507618710933366	0.011431381	1.55628705118
2.052507200345331	0.010726029	1.5514547417433333
2.054252529597326	0.010576634666666664	1.5450750513433331
2.05599785884932	0.011384119333333333	1.5388767136100001
2.0577431881013144	0.011464688666666667	1.5321087019533333
2.0594885173533086	0.011278291	1.5261912369133332
2.0612338466053033	0.012966846666666665	1.5244608381366664
2.0629791758572975	0.015453038666666665	1.5260673005466665
2.0647245051092917	0.01573097133333333	1.5272220459199999
2.0664698343612864	0.015091545333333335	1.5288675721466665
2.0682151636132806	0.016040093999999998	1.5332605953733334
2.069960492865275	0.017106820333333335	1.53745339578
2.071705822117269	0.016262177333333332	1.5376083743466666
2.0734511513692633	0.015447065	1.5352937000566667
2.0751964806212575	0.016067922999999998	1.5322727147766666
2.0769418098732517	0.016970320666666667	1.52727790939
2.078687139125246	0.017888711999999998	1.5203931444966667
2.080432468377241	0.019652296666666666	1.5141376038166667
2.0821777976292353	0.02106241966666667	1.5090362713366665
2.08392312688123	0.021759226	1.5055528647533332
2.0856684561332237	0.02335063733333333	1.5057848049999998
2.087413785385218	0.025300212333333336	1.5093331801599998
2.0891591146372126	0.024913354	1.51260392712
2.090904443889207	0.023490348666666667	1.5155479217966665
2.0926497731412015	0.02412401633333333	1.5201268857766665
2.0943951023931957	0.025575713333333333	1.5238207475299999
2.0961404316451895	0.024999316666666663	1.5226515615533334
2.097885760897184	0.024428627666666664	1.5188417110999999
2.0996310901491784	0.026501503333333332	1.5161018443066665
2.1013764194011726	0.029355666666666662	1.51338350245
2.103121748653167	0.030560673333333333	1.50914853484
2.104867077905161	0.03165311666666666	1.5063276073699998
2.1066124071571553	0.033750466666666666	1.5068849715133332
2.1083577364091495	0.03538079666666666	1.5092701115233331
2.1101030656611446	0.03584382333333333	1.5124667253966666
2.111848394913139	0.03627128	1.5169888705799999
2.113593724165133	0.03638506	1.5213754650366664
2.1153390534171272	0.03604207666666666	1.5246217634666666
2.1170843826691215	0.036709726666666664	1.52786616714
2.118829711921116	0.03846836333333333	1.5306065540799998
2.1205750411731104	0.039024586666666666	1.5300394534766666
2.1223203704251046	0.03915699	1.5274659064833334
2.124065699677099	0.041574846666666665	1.52647157871
2.1258110289290935	0.04473696	1.5259123807266666
2.1275563581810877	0.04494278333333333	1.5225785553833333
2.129301687433082	0.04408395999999999	1.5192549322533333
2.131047016685076	0.04554889333333334	1.519789036583333
2.1327923459370703	0.04727177666666667	1.5220354211733333
2.1345376751890646	0.046251230000000004	1.5227939833433333
2.1362830044410597	0.04513130666666666	1.5241050641833334
2.138028333693054	0.04637058	1.5272924002466666
2.139773662945048	0.04802595999999999	1.5296299782466667
2.141518992197043	0.04863698666666666	1.5294052757866665
2.143264321449037	0.04974135	1.5277817131466667
2.1450096507010312	0.051203523333333334	1.5244390707933333
2.1467549799530254	0.05193071999999999	1.51929547684
2.1485003092050197	0.05251422	1.5145198148966668
2.1502456384570143	0.05308499666666667	1.5109828002533334
2.1519909677090086	0.051853083333333334	1.5070444225833333
2.1537362969610028	0.04969751333333333	1.5042080729266667
2.155481626212997	0.04915997	1.50531079761
2.157226955464991	0.049437963333333335	1.5083395253233332
2.1589722847169854	0.04806974333333333	1.5091729215466665
2.1607176139689797	0.046874040000000006	1.50906838633
2.162462943220974	0.04839522333333333	1.51038519695
2.164208272472968	0.050735960000000004	1.5106736031466665
2.1659536017249623	0.051008906666666666	1.50719673441
2.1676989309769574	0.050782056666666665	1.5027804383866665
2.1694442602289516	0.05186327333333333	1.5003180054933332
2.171189589480946	0.05241742666666667	1.4987377367866668
2.17293491873294	0.05052455	1.4970438458899997
2.1746802479849343	0.04797442	1.4971498074233331
2.176425577236929	0.046290639999999994	1.4995128555333332
2.178170906488923	0.04462423333333333	1.50268404479
2.179916235740918	0.042488623333333336	1.50604534723
2.1816615649929116	0.04119581	1.509526808403333
2.183406894244906	0.04085208666666666	1.5115654955500002
2.1851522234969005	0.040912623333333335	1.5120393378099997
2.1868975527488947	0.04164283	1.5124387489066664
2.188642882000889	0.042889543333333335	1.5124064003533333
2.190388211252883	0.04302740333333333	1.5100968565666666
2.1921335405048774	0.04230210666666667	1.5072259328866666
2.1938788697568716	0.04212791	1.5064862055633332
2.1956241990088667	0.041695010000000005	1.5066764999900002
2.197369528260861	0.03919839666666666	1.5054481076066666
2.199114857512855	0.03625249	1.5046688159533332
2.20086018676485	0.03489091	1.5061734941166665
2.202605516016844	0.03406795333333333	1.5079970810133334
2.2043508452688383	0.032380553333333326	1.5081388297433334
2.206096174520833	0.03133448	1.5079159326233331
2.207841503772827	0.03177065999999999	1.50780079404
2.2095868330248214	0.032451876666666664	1.50647660041
2.2113321622768156	0.03250361333333333	1.5035636863133333
2.21307749152881	0.032484516666666664	1.4998991480266668
2.214822820780804	0.032147949999999995	1.4951958771799998
2.2165681500327983	0.031158283333333335	1.489910065623333
2.2183134792847925	0.02975136333333333	1.4855199934466667
2.2200588085367867	0.028215530000000003	1.4823405658566666
2.221804137788781	0.026304196666666668	1.4794320932366667
2.223549467040776	0.024611603333333332	1.4779039535333331
2.2252947962927703	0.02373321333333333	1.47904220358
2.2270401255447645	0.023535936666666663	1.4814834568466666
2.2287854547967587	0.023429203333333332	1.4829618667866664
2.230530784048753	0.023661306666666666	1.4839615065366667
2.2322761133007476	0.024279416666666664	1.4850955675766664
2.234021442552742	0.02473241333333333	1.4849419146333331
2.235766771804736	0.024255523333333334	1.48229760139
2.2375121010567303	0.023149423333333335	1.4788197189266665
2.239257430308725	0.021773329999999997	1.4760454217733332
2.241002759560719	0.020059999999999998	1.4739948035400001
2.2427480888127134	0.01784373666666667	1.47275049857
2.2444934180647076	0.015906713333333336	1.4734412292766665
2.246238747316702	0.01466442	1.4758989768033335
2.247984076568696	0.014054753333333331	1.4792338303866668
2.2497294058206903	0.014008506666666665	1.4828764052533332
2.2514747350726845	0.014667426666666665	1.4860941803433332
2.2532200643246787	0.015343353333333332	1.4872662682466666
2.254965393576674	0.015835696666666666	1.4865039470566668
2.256710722828668	0.01638369	1.4849961956066666
2.2584560520806622	0.016576944	1.4826005788533332
2.260201381332657	0.015430739666666667	1.4784911883233331
2.261946710584651	0.013687876666666664	1.4744573965866667
2.2636920398366454	0.012300042333333332	1.4723106013099998
2.26543736908864	0.010925807333333332	1.47122937835
2.2671826983406342	0.00913874	1.4699109946466664
2.2689280275926285	0.008007281666666666	1.4694545095733331
2.2706733568446227	0.007841015333333333	1.4703178451833332
2.272418686096617	0.008213066333333333	1.4713011429866667
2.274164015348611	0.009099915333333333	1.4716582915933334
2.2759093446006062	0.010550055	1.4719808789800002
2.2776546738525996	0.011533852666666665	1.47191846298
2.279400003104594	0.012072306666666666	1.4711155851733333
2.281145332356588	0.012807277333333334	1.4698230437533333
2.2828906616085836	0.013158673	1.4680309142133334
2.284635990860578	0.011984194333333332	1.4650108274033333
2.286381320112572	0.010412244	1.4616258680233332
2.288126649364566	0.009716505333333333	1.4592287387033331
2.28987197861656	0.009346350666666666	1.4578801784866668
2.291617307868555	0.008484374333333333	1.4570305908833332
2.2933626371205493	0.008307180333333332	1.4579386892266666
2.2951079663725436	0.009553549333333335	1.4615122759866666
2.2968532956245378	0.011328862999999998	1.46652809027
2.2985986248765315	0.01254333	1.4710697371566668
2.300343954128526	0.0137092	1.4751943281833333
2.3020892833805204	0.0150919	1.47886903796
2.3038346126325147	0.015954513333333333	1.4806682639400002
2.305579941884509	0.015588166666666667	1.4794421793866666
2.307325271136503	0.014804446666666667	1.47648205044
2.309070600388498	0.014179116666666667	1.4730401661599999
2.3108159296404924	0.013565973333333332	1.4692572026233333
2.3125612588924866	0.012963323333333332	1.46540643104
2.314306588144481	0.013107033333333332	1.4627766656466665
2.316051917396475	0.013822385666666668	1.46149483457
2.3177972466484698	0.014982203333333333	1.4611526903199998
2.319542575900464	0.016948333333333333	1.4616490914066667
2.321287905152458	0.019383376666666667	1.46260536244
2.3230332344044524	0.020805456666666666	1.46264732173
2.324778563656447	0.021693066666666667	1.4619911853366667
2.3265238929084413	0.023274493333333333	1.46160365168
2.3282692221604355	0.02453176	1.4608747945766667
2.3300145514124297	0.023738219999999997	1.4585211329699999
2.331759880664424	0.022621330000000002	1.4560205909233332
2.333505209916418	0.023086696666666663	1.45493490126
2.3352505391684133	0.02387685333333333	1.4542168780699998
2.3369958684204075	0.023518526666666668	1.4524762515399998
2.3387411976724017	0.023892	1.4512043691533334
2.340486526924396	0.026264663333333334	1.4514679121766667
2.34223185617639	0.02909313	1.45201743231
2.343977185428385	0.03092240666666667	1.4516646423233333
2.345722514680379	0.0328378	1.45161901108
2.3474678439323733	0.03534742666666667	1.4525983416366666
2.3492131731843675	0.037267713333333334	1.4537598544733332
2.3509585024363617	0.03763775	1.4543616767433332
2.3527038316883564	0.03750227666666666	1.4553973597833334
2.3544491609403506	0.03761891666666666	1.4573542598933333
2.356194490192345	0.03759241333333333	1.4596199714366664
2.357939819444339	0.0370746	1.4615542794166665
2.3596851486963333	0.03710744	1.4636319254966665
2.3614304779483275	0.038079829999999995	1.4657045222633331
2.3631758072003217	0.03952398666666666	1.4671941798933332
2.364921136452316	0.04115691666666666	1.4678150714566667
2.36666646570431	0.04318819333333333	1.4677831909533332
2.3684117949563044	0.044869803333333326	1.4666554682166668
2.3701571242083	0.04602362	1.4646758285166666
2.371902453460294	0.04715521	1.46249013862
2.373647782712288	0.04789184666666666	1.45996343337
2.375393111964282	0.04702590666666666	1.4562037147933333
2.3771384412162764	0.04568487333333333	1.45208875777
2.3788837704682715	0.045420493333333326	1.4486751277866665
2.3806290997202657	0.04536871000000001	1.4453843964933333
2.38237442897226	0.044176476666666666	1.4414062795133333
2.384119758224254	0.043578276666666665	1.4383688154199998
2.3858650874762484	0.04493712666666667	1.43758294495
2.3876104167282426	0.04675678333333333	1.43834425531
2.389355745980237	0.04752577	1.4396768686799999
2.391101075232231	0.048552193333333334	1.4423217517366667
2.3928464044842253	0.05050114333333333	1.4461506660899999
2.3945917337362195	0.05193299333333333	1.4494819158333332
2.3963370629882146	0.05165585	1.4507424966666664
2.398082392240209	0.05081419666666666	1.450225543806667
2.3998277214922035	0.05021319333333333	1.44829494764
2.4015730507441977	0.04917388	1.4448828144466668
2.403318379996192	0.04705896666666666	1.4402376558533334
2.4050637092481866	0.04522585999999999	1.43617151572
2.406809038500181	0.04467354	1.4340957851466665
2.408554367752175	0.04476202333333333	1.4340913728666664
2.4102996970041692	0.04467591333333333	1.4355572234
2.4120450262561635	0.04533868666666666	1.4387425287933333
2.4137903555081577	0.047026703333333336	1.4431489156099997
2.415535684760152	0.048697943333333334	1.4473495297466665
2.417281014012146	0.049570130000000004	1.450118852903333
2.4190263432641403	0.050148953333333336	1.451612465203333
2.4207716725161346	0.050238436666666664	1.4517879664066666
2.4225170017681297	0.04953821333333334	1.4506293174
2.424262331020124	0.048275083333333337	1.4484082206066669
2.426007660272118	0.046800783333333325	1.4457372233466668
2.4277529895241123	0.04481191999999999	1.4425795940933333
2.4294983187761066	0.04295913333333332	1.4392133693333333
2.4312436480281012	0.04195509333333333	1.4358618008666666
2.4329889772800954	0.041536073333333326	1.4326104547
2.4347343065320897	0.04102728333333333	1.42935951665
2.436479635784084	0.041139386666666666	1.4268780870033333
2.438224965036078	0.042221803333333335	1.4257015811099998
2.4399702942880728	0.043480393333333325	1.4258764946733333
2.441715623540067	0.04400814333333333	1.4269564025466668
2.443460952792061	0.044367616666666665	1.4289131664266668
2.4452062820440554	0.0448697	1.4312026719099997
2.4469516112960497	0.044879100000000005	1.4328285483333332
2.448696940548044	0.04365589666666667	1.4326586602299998
2.450442269800038	0.042114963333333325	1.4308826477166665
2.4521875990520323	0.04108928	1.4280892079533332
2.4539329283040274	0.04007462666666666	1.4246221395800003
2.4556782575560216	0.038255913333333336	1.42071068732
2.457423586808016	0.03681034333333333	1.4179844960099999
2.4591689160600105	0.03662009	1.417636980233333
2.4609142453120048	0.036663573333333324	1.4191568932133332
2.462659574563999	0.03580818333333333	1.4212830108499999
2.464404903815993	0.03518615	1.4241671026033331
2.466150233067988	0.035367319999999994	1.4274226793266664
2.467895562319982	0.035254999999999995	1.4294273406666664
2.4696408915719763	0.034108926666666664	1.42896434372
2.4713862208239705	0.03302537666666667	1.42694126001
2.4731315500759647	0.03233728999999999	1.424068613023333
2.47487687932796	0.03152020333333334	1.42038654801
2.476622208579954	0.030409106666666665	1.41622853082
2.4783675378319483	0.02963888	1.4129530158999999
2.4801128670839416	0.029121593333333334	1.411097165693333
2.481858196335936	0.028768860666666667	1.41066410705
2.4836035255879314	0.028585013333333333	1.4115712694533333
2.4853488548399256	0.028616403333333332	1.4140426302566667
2.48709418409192	0.02845237433333333	1.4176448788033333
2.488839513343914	0.028282071666666665	1.422087320663333
2.490584842595908	0.028248516666666668	1.4269745466833332
2.492330171847903	0.028139573333333334	1.4317367073099998
2.494075501099897	0.027410124666666667	1.4352763425633333
2.4958208303518914	0.026598137666666667	1.4373328316266667
2.4975661596038856	0.026225210666666665	1.4377911993733332
2.49931148885588	0.02592201	1.4361706020899998
2.501056818107874	0.024938398	1.4319418522833331
2.5028021473598683	0.024223112666666664	1.4264366019133332
2.5045474766118625	0.024598665333333332	1.4211866392
2.5062928058638567	0.025176458	1.41646491862
2.508038135115851	0.02477502966666667	1.4121408305633332
2.509783464367846	0.024590760000000003	1.4099251865166667
2.5115287936198403	0.025449277333333332	1.4108021611366666
2.5132741228718345	0.025994983666666666	1.4133937538233332
2.5150194521238287	0.024993700333333334	1.4159326814266664
2.516764781375823	0.023942658666666665	1.4189724504933334
2.5185101106278176	0.023725248666666664	1.4224925161533335
2.520255439879812	0.023124300666666667	1.42457515077
2.522000769131806	0.02127970133333333	1.42378304785
2.5237460983838007	0.01972913133333333	1.4214444671933333
2.525491427635795	0.019199190666666664	1.4184554896333332
2.527236756887789	0.018682679333333334	1.4141805130833331
2.5289820861397834	0.01747835266666667	1.4084940779633333
2.5307274153917776	0.016732545666666664	1.4034055894166664
2.532472744643772	0.016813467666666665	1.4001194638266665
2.534218073895766	0.016877336333333333	1.3984759001166664
2.535963403147761	0.016350910666666663	1.3984553510666666
2.5377087323997554	0.016029717333333332	1.40111550263
2.5394540616517496	0.016010343666666666	1.4063108033599998
2.541199390903744	0.015785830666666667	1.412998527833333
2.542944720155738	0.015144904	1.42013962529
2.5446900494077327	0.014600671999999999	1.4270229042466664
2.546435378659727	0.013986364333333334	1.4322037136933332
2.548180707911721	0.013329020333333332	1.4349709867533333
2.5499260371637154	0.012875590666666667	1.4352443413933333
2.5516713664157096	0.012643211333333335	1.4329080150466666
2.5534166956677042	0.012047119999999998	1.4277686049866667
2.5551620249196985	0.011604964999999998	1.42153341582
2.5569073541716927	0.011807734333333335	1.4160062839199998
2.558652683423687	0.012004446333333335	1.41137580384
2.560398012675681	0.011248682999999999	1.407297306913333
2.5621433419276762	0.010540961666666668	1.4054624958233335
2.5638886711796696	0.010620363666666664	1.4067948696633332
2.565634000431664	0.010495799	1.4096060127233332
2.567379329683658	0.009174360333333333	1.41200435446
2.5691246589356522	0.008117992666666667	1.41501582816
2.570869988187648	0.008284900666666666	1.4190604908933333
2.572615317439642	0.008427342666666667	1.42191292528
2.5743606466916362	0.007396791	1.4217602630066666
2.57610597594363	0.006828177733333334	1.4203744771833335
2.5778513051956247	0.007679689333333331	1.4189180332133333
2.5795966344476193	0.008365232333333333	1.41581621727
2.5813419636996136	0.007588312666666667	1.4102333266499998
2.5830872929516078	0.007124067566666666	1.4050281636966666
2.584832622203602	0.0078930127	1.4021233900533334
2.586577951455596	0.008220761533333332	1.40059089901
2.5883232807075904	0.007000499499999998	1.40002338581
2.5900686099595847	0.006063576166666666	1.4027051075766668
2.591813939211579	0.006171432399999999	1.40917088646
2.593559268463574	0.005940029033333333	1.4172644812599997
2.595304597715568	0.004690471276666666	1.425161694
2.5970499269675624	0.0039578143166666665	1.4329140183166666
2.598795256219557	0.0041597569666666665	1.4393898149866668
2.6005405854715513	0.004371111533333333	1.4426704517733333
2.6022859147235455	0.0041635655333333325	1.4419405425666665
2.6040312439755398	0.004409113066666666	1.4380215238666665
2.6057765732275344	0.005118321699999999	1.4314172756166663
2.6075219024795286	0.0057201212333333334	1.4230161077499999
2.609267231731523	0.005852022066666667	1.414130033153333
2.611012560983517	0.005969606933333334	1.4061203124766666
2.6127578902355113	0.006042725	1.39952896243
2.6145032194875055	0.005882069666666665	1.3952477057266663
2.6162485487394997	0.0053435259999999995	1.3937125953233331
2.617993877991494	0.0048622096666666665	1.3944635903966667
2.619739207243488	0.004440330133333333	1.3964777872466665
2.6214845364954824	0.004114205333333332	1.3999683154299998
2.6232298657474775	0.003906627066666666	1.4048601231133333
2.6249751949994717	0.004014462599999999	1.4098654367966665
2.626720524251466	0.004139793133333333	1.413556401993333
2.62846585350346	0.004493049633333333	1.4165798952533333
2.6302111827554544	0.0052268867	1.4192186135533333
2.631956512007449	0.006071931233333333	1.4200542313133333
2.6337018412594433	0.006428710833333334	1.4180110952699998
2.6354471705114375	0.0068483009	1.4148819669833332
2.6371924997634317	0.007610531766666666	1.41198516071
2.638937829015426	0.0081193527	1.4086466747566666
2.6406831582674206	0.0078013488999999995	1.4047031812166666
2.642428487519415	0.0075677574	1.4025761981233331
2.644173816771409	0.0077947103666666665	1.4033502737
2.6459191460234033	0.007917935766666665	1.40560736765
2.6476644752753975	0.007556794166666667	1.4080892511866665
2.6494098045273917	0.007632347833333332	1.4115464929933332
2.651155133779386	0.008381437133333332	1.4154753343633335
2.652900463031381	0.009231422599999999	1.4178220839566666
2.6546457922833753	0.009704742999999998	1.417369186383333
2.6563911215353695	0.010433044666666669	1.4151918869333333
2.658136450787364	0.011492966666666668	1.4118612616633333
2.6598817800393584	0.012317769333333332	1.407197205963333
2.6616271092913526	0.012426728666666666	1.40163607029
2.663372438543347	0.012505695999999998	1.3970187294
2.665117767795341	0.012767208666666665	1.3941818105233335
2.6668630970473353	0.012791496666666667	1.3930350101499998
2.66860842629933	0.012267738	1.3934645667533332
2.6703537555513237	0.011969730999999999	1.39590433336
2.6720990848033184	0.012080912	1.399820962533333
2.673844414055312	0.012261888333333332	1.4045287649933331
2.6755897433073077	0.012288741666666667	1.4094425474233332
2.677335072559302	0.012737089666666668	1.4141156675933333
2.679080401811296	0.013606102666666665	1.4176070818666666
2.6808257310632904	0.014647754333333334	1.4197576822699998
2.6825710603152837	0.015580955666666667	1.4204183524499998
2.6843163895672792	0.01669901533333333	1.4191460708933334
2.6860617188192735	0.01792745533333333	1.4155448496566667
2.6878070480712677	0.019010957999999998	1.41063821867
2.689552377323262	0.019513796666666666	1.4052278760066665
2.691297706575256	0.019843793666666665	1.3995710935966665
2.6930430358272504	0.020227481	1.3940577731366663
2.694788365079245	0.020355223333333332	1.39014321289
2.696533694331239	0.01978039	1.3884084457733332
2.6982790235832335	0.019397256666666668	1.38854160657
2.7000243528352272	0.01968977	1.39001231352
2.701769682087222	0.020035016666666666	1.3929323395
2.703515011339216	0.019859366666666663	1.3966306296866666
2.7052603405912103	0.02020917	1.4000306670266665
2.7070056698432046	0.021401519999999997	1.4021843008933335
2.708750999095199	0.022501749999999994	1.4031327907133333
2.710496328347194	0.022867509999999997	1.4026813571633334
2.712241657599188	0.023517473333333334	1.4006952951733331
2.7139869868511823	0.0247169	1.3973093560266667
2.7157323161031766	0.025589919999999995	1.39349182337
2.7174776453551712	0.025540303333333333	1.38978795339
2.7192229746071654	0.025673426666666666	1.3867750410933333
2.7209683038591597	0.02645621333333333	1.3849792517166666
2.722713633111154	0.026999406666666663	1.3849507222633335
2.7244589623631486	0.026595189999999998	1.3864471438466668
2.7262042916151423	0.026640596666666662	1.38955557835
2.727949620867137	0.027835473333333333	1.3940268511333331
2.729694950119131	0.028907093333333335	1.39887036729
2.7314402793711254	0.02889884	1.4026777777266668
2.7331856086231197	0.029513566666666664	1.4054907896933333
2.734930937875114	0.0314161	1.4071541539299999
2.736676267127109	0.03283582333333333	1.4065550279733334
2.738421596379103	0.032725986666666665	1.4030038343366666
2.7401669256310974	0.032978469999999996	1.39815670684
2.7419122548830916	0.034178009999999995	1.393179421353333
2.743657584135086	0.03459585333333333	1.38771496251
2.7454029133870805	0.033491466666666664	1.3818130973666665
2.7471482426390748	0.032803026666666665	1.37769241936
2.748893571891069	0.03309591333333333	1.3763732772166666
2.750638901143063	0.03297870333333333	1.3767489081966666
2.7523842303950574	0.0318972	1.3779622518366665
2.754129559647052	0.03152504666666667	1.3813281767666665
2.755874888899046	0.032295246666666666	1.3868580900399998
2.7576202181510405	0.032964589999999995	1.3923808800100002
2.7593655474030343	0.03292583333333333	1.3962786323866665
2.761110876655029	0.03357190333333333	1.3995789570866664
2.762856205907024	0.035174543333333336	1.4022428952566666
2.7646015351590183	0.036521066666666664	1.4022955963466668
2.7663468644110116	0.037013576666666666	1.3988461918233333
2.768092193663006	0.03783415333333333	1.3939984314433334
2.769837522915	0.03906501	1.38881051552
2.7715828521669956	0.039762149999999996	1.3825468704566666
2.77332818141899	0.03965726333333333	1.3755013651599999
2.775073510670984	0.03967743333333333	1.3702620124066667
2.7768188399229783	0.03973765666666666	1.3678213877699998
2.7785641691749725	0.039560776666666665	1.3673714223533333
2.780309498426967	0.03931243333333333	1.3686047463966666
2.782054827678961	0.03929692666666666	1.3725006207633332
2.7838001569309556	0.039083056666666664	1.3784790658433332
2.7855454861829494	0.039072246666666664	1.3849989734066668
2.787290815434944	0.039626346666666666	1.3909938650999998
2.7890361446869383	0.04017853	1.3962500909833333
2.7907814739389325	0.03996457666666667	1.39977577785
2.7925268031909276	0.04008560333333333	1.4008861283633331
2.794272132442922	0.04110836	1.3994264666499998
2.796017461694916	0.04178532333333333	1.3956368856666668
2.7977627909469107	0.04118992	1.3895630351533335
2.799508120198905	0.04110084666666666	1.3824015786933332
2.801253449450899	0.04229169666666666	1.3753871213399997
2.8029987787028934	0.04293219333333333	1.3690545413333333
2.8047441079548876	0.04194193666666666	1.3636622099100002
2.8064894372068823	0.04169456333333334	1.3608875132833333
2.808234766458876	0.043145920000000004	1.3615343683866663
2.8099800957108707	0.04392178333333333	1.3644573859833333
2.8117254249628645	0.042783796666666665	1.3683669836299999
2.813470754214859	0.04262041666666666	1.3741714027766667
2.8152160834668534	0.04449135	1.3816706717799998
2.8169614127188476	0.04544385666666667	1.3882323384466666
2.818706741970842	0.04403560666666667	1.3919383212099998
2.820452071222836	0.043625993333333335	1.3943746184066665
2.8221974004748303	0.04541879333333333	1.3960366153233332
2.8239427297268254	0.04598179333333333	1.3945027884966665
2.8256880589788196	0.04378559	1.38875667662
2.827433388230814	0.04281062	1.3822820010466668
2.829178717482808	0.04450811666666667	1.37701170248
2.8309240467348022	0.04497399333333333	1.3709479156466666
2.832669375986797	0.04258351	1.363669842103333
2.834414705238791	0.041848003333333335	1.359605003213333
2.8361600344907854	0.04425243666666666	1.3605438359199997
2.8379053637427796	0.04533612666666666	1.3630661602866667
2.839650692994774	0.043388340000000004	1.3654013609300002
2.841396022246768	0.043213156666666655	1.3709254674599998
2.8431413514987627	0.04614468333333333	1.3799021357533334
2.8448866807507565	0.047460633333333335	1.3873505878399999
2.846632010002751	0.04556729333333333	1.39087982601
2.8483773392547453	0.045275333333333334	1.3939925978033332
2.8501226685067405	0.047741606666666665	1.39735225511
2.8518679977587347	0.048429019999999996	1.3968210274
2.853613327010729	0.04598070666666666	1.3912111782066667
2.855358656262723	0.045019696666666664	1.385122656363333
2.8571039855147173	0.04665305333333333	1.38015888406
2.858849314766712	0.046735570000000004	1.3730762410033333
2.8605946440187062	0.04407374666666667	1.3633846866533332
2.8623399732707004	0.04305845666666667	1.3561355845999998
2.8640853025226947	0.044734090000000004	1.3532124824466667
2.865830631774689	0.045129220000000005	1.3514157747999997
2.8675759610266836	0.043050029999999996	1.3499357616766665
2.8693212902786778	0.04261736	1.3529763550666667
2.871066619530672	0.044665336666666666	1.36103617723
2.872811948782666	0.04537433	1.3693903909733331
2.87455727803466	0.04371770333333333	1.37577201458
2.8763026072866555	0.043479976666666656	1.3828863151066666
2.8780479365386498	0.0452433	1.3903294523299998
2.879793265790644	0.04573048	1.3938886980466665
2.881538595042638	0.044271309999999994	1.3925214491866669
2.8832839242946324	0.04402702	1.3899412644366667
2.885029253546627	0.04532936333333333	1.38722576284
2.8867745827986213	0.04570088	1.3823545998566669
2.8885199120506155	0.044701309999999994	1.3755614499966669
2.8902652413026098	0.04470555333333333	1.3703386433166664
2.892010570554604	0.04588639666666666	1.367498202033333
2.893755899806598	0.04642288333333333	1.365138950253333
2.895501229058593	0.045906953333333334	1.3629533955366666
2.8972465583105866	0.04609243666666666	1.36331443874
2.8989918875625813	0.04700947333333333	1.3664471160433334
2.900737216814575	0.047268486666666665	1.3704557658266667
2.9024825460665697	0.04660599333333333	1.3746763681399998
2.904227875318564	0.04629973666666666	1.3803882251333333
2.905973204570558	0.046149866666666664	1.3868125953233332
2.9077185338225524	0.045499269999999994	1.3918514133799997
2.9094638630745466	0.04458451333333333	1.39461860407
2.9112091923265417	0.04387923666666666	1.3955140593666666
2.912954521578536	0.04282187999999999	1.39382848833
2.91469985083053	0.04199983999999999	1.3894545647833332
2.916445180082525	0.042077313333333324	1.3832407688833332
2.918190509334519	0.04213988666666666	1.3758762694866666
2.9199358385865133	0.041285876666666665	1.3675987918533332
2.921681167838508	0.04135175666666667	1.3602741160399998
2.9234264970905017	0.042968393333333334	1.3551368360833334
2.9251718263424964	0.04398766333333333	1.35155975154
2.92691715559449	0.04350199333333333	1.3491626403499999
2.928662484846485	0.04400898	1.3498097664766666
2.930407814098479	0.045899803333333336	1.3537585438966666
2.9321531433504733	0.04665933666666666	1.3589313886866665
2.9338984726024675	0.045541389999999994	1.3641039115533333
2.9356438018544617	0.045180780000000004	1.3705975594499997
2.937389131106457	0.046071173333333326	1.3779836554633333
2.939134460358451	0.045742000000000005	1.3834833816433332
2.9408797896104453	0.04334654333333333	1.38569177622
2.9426251188624395	0.04200234	1.3868681440399997
2.9443704481144337	0.042774353333333334	1.3879066103
2.9461157773664284	0.042495146666666664	1.3865890233
2.9478611066184226	0.03982555	1.3823463994966665
2.949606435870417	0.039122199999999996	1.3793599414666666
2.951351765122411	0.04181393666666666	1.3791821716866668
2.9530970943744053	0.042993630000000005	1.3779817007866666
2.9548424236264	0.040879026666666665	1.3742050973033333
2.956587752878394	0.04123227333333333	1.3725315515133334
2.9583330821303884	0.04529705666666667	1.3739864510733333
2.960078411382382	0.046784516666666665	1.3734889079433332
2.961823740634377	0.04414841333333334	1.3699528459933332
2.963569069886372	0.043909079999999996	1.3693625878899998
2.965314399138366	0.047003340000000005	1.3728589398599997
2.9670597283903604	0.047129199999999996	1.3748552319833334
2.9688050576423537	0.04322826666666667	1.3737726866466666
2.970550386894349	0.04169638333333334	1.3745737041066666
2.9722957161463435	0.043470173333333334	1.37729393959
2.9740410453983377	0.04272512666666667	1.3759596777033334
2.975786374650332	0.03836357333333333	1.3694257920233333
2.977531703902326	0.036755063333333324	1.36423265963
2.9792770331543204	0.03921921666666667	1.3627018583966664
2.981022362406315	0.039477679999999994	1.3603777849233332
2.982767691658309	0.03588909666666666	1.3569015456266666
2.9845130209103035	0.035637379999999996	1.3593286687366666
2.9862583501622977	0.04022278	1.3685745204366668
2.988003679414292	0.041882609999999994	1.3765716450399998
2.989749008666286	0.03869442666666667	1.3801255863400002
2.9914943379182812	0.03901813999999999	1.3853215848999998
2.9932396671702755	0.04413663666666667	1.3924055633599999
2.9949849964222697	0.045409443333333334	1.39354419964
2.996730325674264	0.04141874666666666	1.3879539196833335
2.9984756549262586	0.04096189333333333	1.3845560847233334
3.000220984178253	0.04496143666666667	1.38519761379
3.001966313430247	0.045157829999999996	1.3828513840399999
3.0037116426822412	0.04056987333333333	1.3764448577666664
3.0054569719342354	0.039411313333333337	1.3731709853933332
3.00720230118623	0.04254371333333333	1.3732780896033332
3.008947630438224	0.04235450333333333	1.3692304182433332
3.0106929596902186	0.037716806666666665	1.36019930333
3.0124382889422123	0.036693213333333335	1.3548213506533333
3.014183618194207	0.04057196	1.3556450636933333
3.015928947446201	0.04128974	1.3564576273466664
3.0176742766981954	0.03717800333333333	1.35664271588
3.0194196059501897	0.03711833666666667	1.3644777129666665
3.021164935202184	0.04246425999999999	1.3801239667933332
3.022910264454178	0.04368484	1.3931088622133334
3.024655593706173	0.03901796	1.3998105053433332
3.0264009229581674	0.038474136666666665	1.407559377363333
3.0281462522101616	0.04316092666666667	1.4162167158166667
3.029891581462156	0.04310787333333333	1.41646135395
3.03163691071415	0.037347693333333334	1.4078439922133335
3.0333822399661448	0.036063063333333326	1.400702884123333
3.035127569218139	0.03997384666666666	1.3968553200066665
3.036872898470133	0.03984433999999999	1.38863546285
3.0386182277221274	0.035008739999999997	1.3759004716099998
3.040363556974122	0.03455166999999999	1.3675384433200002
3.042108886226116	0.03900327333333333	1.3643081176599998
3.0438542154781105	0.03981246333333333	1.3584361637199998
3.0455995447301047	0.0359515	1.3494597089366664
3.047344873982099	0.03617098666666666	1.3463075135866664
3.049090203234093	0.04143292333333333	1.3503980922733332
3.0508355324860883	0.04278206333333333	1.3537545927699999
3.0525808617380825	0.038757636666666664	1.35508462491
3.0543261909900767	0.03900641333333333	1.3628440455533335
3.056071520242071	0.04457173333333332	1.3771059528733334
3.057816849494065	0.04525415333333333	1.38760343295
3.05956217874606	0.03974153666666666	1.3921011811333335
3.061307507998054	0.03869433	1.3993584577433333
3.0630528372500487	0.04287285999999999	1.4093096702766665
3.0647981665020425	0.041933696666666666	1.4119173685666664
3.0665434957540367	0.035355193333333326	1.4062367641166666
3.0682888250060314	0.03368094333333333	1.4020571557233332
3.0700341542580256	0.03733852333333333	1.40029604098
3.07177948351002	0.036786316666666666	1.3928694330033333
3.073524812762014	0.03157939666666666	1.3805848710633333
3.075270142014008	0.03126504333333333	1.3740657229766664
3.0770154712660034	0.036291776666666664	1.3749913213966665
3.0787608005179976	0.03739231999999999	1.3751868818633333
3.080506129769992	0.033530149999999995	1.3735354705233331
3.082251459021986	0.03443939	1.3781069760833333
3.0839967882739803	0.04100205	1.3879409469733333
3.085742117525975	0.04281855333333333	1.3920407615833332
3.087487446777969	0.03844660333333333	1.3885062887466664
3.0892327760299634	0.03910631	1.3877814908666668
3.0909781052819576	0.04564943	1.3919287654933332
3.092723434533952	0.046167049999999994	1.3923960570866667
3.094468763785946	0.039698359999999995	1.3898254939499997
3.0962140930379407	0.038661179999999996	1.3953423175366666
3.0979594222899345	0.043487276666666665	1.40786293225
3.099704751541929	0.04222038333333333	1.4138396395866666
3.101450080793923	0.034693086666666664	1.4095849620233332
3.1031954100459176	0.03296403	1.4038053413666667
3.104940739297912	0.03718452333333333	1.3969824477300001
3.106686068549906	0.03618597666666666	1.3818007825633334
3.1084313978019003	0.029625556666666667	1.3632244297866667
3.1101767270538954	0.028942620000000002	1.3583671057499997
3.1119220563058896	0.034744983333333326	1.3722938039433332
3.113667385557884	0.03536121666666667	1.3942628313899998
3.1154127148098785	0.029493369999999998	1.4187242197166665
3.1171580440618727	0.030099760000000003	1.4495941638033332
3.118903373313867	0.038549	1.4779161513866665
3.120648702565861	0.040194179999999996	1.4822411953399997
3.122394031817856	0.033128529999999996	1.4593741558
3.1241393610698496	0.03407537333333333	1.4312231319366664
3.1258846903218442	0.044689156666666674	1.413711783563333
3.127630019573838	0.04626055333333333	1.4098488515499998
3.1293753488258327	0.037120249999999994	1.4374955889266663
3.131120678077827	0.03816777666666667	1.52714427561
3.132866007329821	0.05126439666666666	1.6804752387066666
3.1346113365818153	0.05309266333333333	1.8634454985733333
3.1363566658338096	0.040802676999999996	2.0473142630266663
3.1381019950858047	0.041300186	2.22142777989
3.139847324337799	0.06594103666666666	2.36311515758
3.141592653589793	0.09720207666666665	2.4363718571566664