# O(3P)+CO2(000; j=0) -> O(3P)+CO2(000; j') scattering, statistically averaged (3A2+3B2+3B1) potential energy surfaces
# Differential cross sections; packaged by M. Gacesa (marko.gacesa@nasa.gov), Apr 30 2019
# E = 1.02163 eV
# theta(rad)                 elastic DCS                total DCS (both in units of 1E-16 cm^2/Sr)
0.	2.208791e6	2.261446610146106e6
0.0017453292519943296	1.7526831999999997e6	1.7912601963086668e6
0.003490658503988659	917702.8333333333	934315.379657
0.005235987755982989	371934.0333333333	378672.991895
0.006981317007977318	136019.66666666666	140049.30055166665
0.008726646259971648	48350.43	52205.598429000005
0.010471975511965978	31297.02633333333	35952.5173202
0.012217304763960305	31832.604	36149.67325755
0.013962634015954637	26822.043333333335	29927.475412356667
0.015707963267948967	18978.143	21172.09959798333
0.017453292519943295	11722.119666666666	13692.198408023332
0.019198621771937624	7746.612666666666	10030.273053723333
0.020943951023931956	7642.158666666666	10116.717779846666
0.02268928027592628	7657.3443333333325	9723.445922033332
0.02443460952792061	6234.7463333333335	7674.581604749999
0.02617993877991494	4378.382333333333	5500.487167736666
0.027925268031909273	2809.971	4017.4096307833324
0.029670597283903602	2279.4520666666667	3742.512559023333
0.031415926535897934	2563.6651	4071.6393224233334
0.03316125578789226	2500.7461	3710.9846141099997
0.03490658503988659	1913.1413333333333	2755.9238881799997
0.03665191429188092	1248.1565333333333	1920.450036433333
0.03839724354387525	798.7543666666667	1516.683969512333
0.040142572795869566	794.6575333333333	1628.9861079226666
0.04188790204786391	1001.5180666666666	1834.985362377
0.043633231299858244	962.9242	1638.7546859240001
0.04537856055185256	690.7011666666667	1197.5766225799998
0.047123889803846894	403.5865	846.5832477733331
0.04886921905584122	245.543074	715.8066170019999
0.05061454830783555	301.3347333333333	810.5543427286666
0.05235987755982988	427.55856666666665	909.7940663876667
0.054105206811824215	417.8721333333333	808.905726994
0.05585053606381855	292.1304333333333	609.0719819569999
0.05759586531581287	154.4055833333333	462.35502254066665
0.059341194567807204	77.17820999999999	412.97118498200007
0.061086523819801536	106.80786333333333	456.232687359
0.06283185307179587	175.27796333333333	492.51605357799997
0.0645771823237902	182.12845	437.1546968393334
0.06632251157578452	134.29147666666665	349.82713560466664
0.06806784082777885	74.24003333333333	297.71463465066665
0.06981317007977318	31.195336666666666	283.16609871866666
0.0715584993317675	35.82384	297.8040708076667
0.07330382858376185	65.70669	299.97929388266664
0.07504915783575618	73.40473	256.4922085413333
0.0767944870877505	61.03269999999999	207.98013475066665
0.07853981633974483	42.86038333333333	190.61145704439997
0.08028514559173913	23.27538333333333	194.2361079095
0.08203047484373349	19.970596333333333	207.6516376983333
0.08377580409572782	30.60535666666667	208.81515937833333
0.08552113334772216	34.01743	179.115426275
0.08726646259971649	32.55237333333333	144.37569928126666
0.08901179185171079	31.070056666666666	129.81862573363333
0.09075712110370512	23.90469833333333	129.73614473376665
0.09250245035569944	19.501807	138.84433141246666
0.09424777960769379	21.85351516666666	145.52405300143334
0.09599310885968812	21.859301000000002	134.36286319643332
0.09773843811168244	22.540228666666668	116.47062067419998
0.09948376736367677	26.393160666666663	106.16833767153334
0.1012290966156711	25.221215	100.28753648536667
0.10297442586766543	21.590426666666666	99.59475151353334
0.10471975511965977	19.877634333333333	101.75909848946665
0.10646508437165408	16.388055666666666	97.14530520946666
0.10821041362364843	15.084410666666665	90.24742709026668
0.10995574287564276	19.074692	87.53748344946666
0.1117010721276371	21.312260000000002	84.37637602466665
0.11344640137963143	21.012631999999996	81.74927031666667
0.11519173063162574	20.081833333333332	80.68555625346666
0.11693705988362009	15.704009999999998	75.99169263056666
0.11868238913561441	11.656162666666667	71.08459573973333
0.12042771838760875	12.308525666666664	70.17369992406665
0.12217304763960307	13.755855999999998	68.79290048643333
0.12391837689159738	15.176163333333335	67.27364967993333
0.12566370614359174	16.97008	66.88081486563333
0.12740903539558604	15.337763333333331	63.7052111089
0.1291543646475804	11.863129	59.961863171999994
0.13089969389957473	10.362422333333331	58.9643092478
0.13264502315156904	9.218582666666666	57.35859163553333
0.1343903524035634	9.096270333333333	55.643613636366666
0.1361356816555577	11.188179999999997	55.49029009023333
0.13788101090755206	11.923223333333333	53.76861957116667
0.13962634015954636	10.75921	51.37512309776666
0.1413716694115407	9.745688666666666	50.73268929293333
0.143116998663535	7.703546666666668	49.31637508683333
0.14486232791552936	5.801470999999999	47.558225266
0.1466076571675237	6.313743666666667	47.31083073753332
0.148352986419518	7.177566	46.29020154076666
0.15009831567151236	7.275613666666666	44.6212060566
0.15184364492350666	7.4455089999999995	44.13558670733333
0.153588974175501	6.301225	43.085974324199995
0.15533430342749535	4.34689	41.7320154276
0.15707963267948966	3.7727073333333334	41.705893768433334
0.158824961931484	3.8232806666666663	41.3215042603
0.16057029118347826	3.808014	40.2005768667
0.16231562043547265	4.320573666666666	39.6207664764
0.16406094968746698	4.173776	38.4595545124
0.16580627893946132	3.186504	36.99119177853333
0.16755160819145565	2.6972069999999997	36.7074274784
0.16929693744344992	2.420351	36.566029220999994
0.1710422666954443	2.1400026666666667	36.083576594966665
0.17278759594743864	2.5292486666666663	35.9906208029
0.17453292519943298	2.821563666666667	35.26252201433333
0.17627825445142725	2.651772333333333	33.92802945813333
0.17802358370342158	2.6632236666666667	33.22438918523333
0.17976891295541597	2.533299333333333	32.6584194493
0.18151424220741025	2.2056036666666667	32.04424697933333
0.18325957145940458	2.4005333333333336	32.08641306123333
0.18500490071139888	2.715498666666666	31.9550200992
0.18675022996339324	2.910864	31.362859791766667
0.18849555921538758	3.370283333333333	31.036755500366667
0.1902408884673819	3.612999666666666	30.480820340233336
0.19198621771937624	3.3742543333333335	29.464840351466666
0.19373154697137057	3.272774666666667	28.815415519200002
0.19547687622336488	3.2283979999999994	28.332185741066667
0.19722220547535924	3.237477	27.9318877809
0.19896753472735354	3.7386723333333327	28.157809624166664
0.2007128639793479	4.298998999999999	28.458889384299997
0.2024581932313422	4.365928	28.17489722073333
0.20420352248333656	4.2295370000000005	27.6581572713
0.20594885173533087	3.904425333333333	26.8763744147
0.20769418098732523	3.4771286666666663	25.925392373266664
0.20943951023931953	3.4799849999999997	25.484237571866664
0.2111848394913139	3.8236106666666663	25.5262153817
0.21293016874330817	4.008333666666666	25.595516332133332
0.21467549799530256	4.053089666666666	25.7277039906
0.21642082724729686	3.8819233333333334	25.685356197199997
0.2181661564992912	3.4199699999999997	25.227880220466666
0.21991148575128552	3.0118946666666666	24.622763439966665
0.22165681500327983	2.844027333333333	24.052815297499997
0.2234021442552742	2.7536653333333327	23.53816602623333
0.22514747350726852	2.757790333333333	23.33306493443333
0.22689280275926285	2.7673083333333333	23.417317526233333
0.22863813201125716	2.580064	23.541891008799997
0.2303834612632515	2.2128266666666665	23.527536782333335
0.23212879051524585	1.8268996666666668	23.232142881999998
0.23387411976724018	1.5071257666666664	22.620342139099996
0.23561944901923448	1.3708551999999998	21.916957963
0.23736477827122882	1.4058168666666666	21.324252758999997
0.23911010752322315	1.4725035666666664	21.015156391799998
0.2408554367752175	1.4230395333333332	21.0185385315
0.24260076602721184	1.2379249999999997	21.174778828066668
0.24434609527920614	0.9877349	21.274453433466668
0.24609142453120048	0.8047987666666666	21.1655635961
0.24783675378319475	0.7662750333333332	20.7445151692
0.24958208303518917	0.8916049333333333	20.160193184599997
0.25132741228718347	1.0570787999999998	19.61137471993333
0.2530727415391778	1.1443733666666667	19.244765587466667
0.2548180707911721	1.1206813666666666	19.163924092466665
0.25656340004316636	1.0134735666666663	19.295403765266666
0.2583087292951608	0.8997491333333333	19.395073354466664
0.26005405854715513	0.926034	19.3562294527
0.26179938779914946	1.0663952	19.0756802646
0.2635447170511437	1.2454277333333332	18.571016527799998
0.26529004630313807	1.4311126666666665	18.094998655066668
0.26703537555513246	1.5204502666666668	17.804544834366666
0.2687807048071268	1.4559262333333332	17.6784693543
0.270526034059121	1.401233333333333	17.781410407666666
0.2722713633111154	1.3981129999999997	17.9420757426
0.2740166925631097	1.4550776666666665	17.917390131266664
0.2757620218151041	1.6708056666666666	17.7519674351
0.27750735106709834	1.9210266666666667	17.4441671477
0.2792526803190927	1.9717686666666663	16.917778116233332
0.280998009571087	1.9130916666666664	16.469942678866666
0.2827433388230814	1.791365	16.253302627366665
0.2844886680750758	1.611676	16.160778251133333
0.28623399732707	1.6082593333333333	16.271511226266668
0.28797932657906433	1.7953536666666665	16.472642360566667
0.2897246558310587	1.8691216666666666	16.353558072666665
0.291469985083053	1.8583526666666668	16.003779835499998
0.2932153143350474	1.821913	15.637830005766668
0.29496064358704166	1.6320943333333333	15.203667463633332
0.296705972839036	1.4438374666666667	14.906357060100001
0.2984513020910303	1.4213541333333333	14.911862614233332
0.3001966313430247	1.3532049	14.893877591699999
0.301941960595019	1.2757793333333334	14.820204763666666
0.3036872898470133	1.3262966666666667	14.824386934466666
0.30543261909900765	1.2967243333333334	14.660498873399998
0.307177948351002	1.1341156	14.302035450166665
0.3089232776029963	1.0258321333333331	14.011779414766666
0.3106686068549907	0.8842393666666666	13.703909851999999
0.312413936106985	0.7483177666666665	13.4569109069
0.3141592653589793	0.8108155	13.530089733266665
0.31590459461097364	0.9077893666666665	13.708595702799999
0.317649923862968	0.8579494333333333	13.7510851286
0.3193952531149623	0.7767824666666666	13.748142272766666
0.32114058236695653	0.6278047666666666	13.566821156533333
0.32288591161895097	0.43385720000000005	13.209959782266667
0.3246312408709453	0.4079108666666667	12.996175646666666
0.32637657012293964	0.5023845666666666	12.921436393133334
0.32812189937493397	0.5541639666666667	12.859238728166668
0.32986722862692824	0.6124875	12.9369451535
0.33161255787892263	0.5988372666666667	13.013788170799998
0.3333578871309169	0.4674232333333333	12.931555009733334
0.3351032163829113	0.39502016666666667	12.845003686
0.3368485456349056	0.4081402333333333	12.720242911366668
0.33859387488689985	0.43318466666666666	12.457555036533332
0.34033920413889424	0.5559756666666666	12.291120892666665
0.3420845333908886	0.6795306999999999	12.235870427666665
0.3438298626428829	0.6877575	12.179687265999998
0.3455751918948773	0.7045095	12.252890510566667
0.34732052114687156	0.7252468	12.3456710934
0.34906585039886595	0.6612052666666667	12.190070320566665
0.3508111796508603	0.6796431333333333	11.949056225299998
0.3525565089028545	0.7808445666666666	11.716259117966667
0.3543018381548489	0.8308227333333333	11.433069329933332
0.35604716740684317	0.9280442333333332	11.331892480666667
0.35779249665883756	1.0349631333333333	11.442424233366665
0.35953782591083194	0.9429079	11.4478093873
0.3612831551628262	0.8237517999999999	11.412591784099998
0.3630284844148205	0.8337748666666667	11.417519001433334
0.3647738136668149	0.8552724	11.258698567916667
0.36651914291880916	0.9480758	11.039021820173334
0.36826447217080355	1.128062	10.923890829353333
0.37000980142279777	1.1171563333333332	10.72872259843
0.3717551306747922	0.9747995	10.5701809939
0.3735004599267865	0.9317484333333332	10.6718459322
0.3752457891787809	0.8912977	10.798869013176665
0.37699111843077515	0.8439976666666666	10.810455374839998
0.3787364476827695	0.9274395333333333	10.80737680113
0.3804817769347638	0.9657170333333333	10.622973083766666
0.38222710618675815	0.8972888666666666	10.292979710873333
0.3839724354387525	0.9003681666666666	10.133924505423332
0.38571776469074687	0.8825678	10.0956194087
0.38746309394274114	0.7354414666666665	10.04583586077
0.3892084231947355	0.6513321666666667	10.121526975463333
0.39095375244672975	0.6376842333333332	10.213552339536665
0.39269908169872414	0.6059958333333333	10.171471841433332
0.39444441095071847	0.6488793666666666	10.123858687573334
0.3961897402027128	0.6994113	10.03358407989
0.3979350694547071	0.5884262	9.780635571793333
0.39968039870670136	0.4419502666666666	9.570480123013333
0.4014257279586958	0.35754186666666665	9.495572891323333
0.4031710572106902	0.28846156	9.472785241899999
0.4049163864626844	0.2977507033333333	9.565491905373332
0.4066617157146788	0.3806502233333333	9.712807387913331
0.4084070449666731	0.3863834633333333	9.70018247801
0.41015237421866746	0.3411552666666666	9.58524849144
0.41189770347066174	0.29778981	9.44224864384
0.413643032722656	0.21902578	9.231747930293333
0.41538836197465046	0.1732630433333333	9.080573943536667
0.4171336912266447	0.21553329999999998	9.068031965576665
0.41887902047863906	0.25453096666666664	9.06683827102
0.42062434973063334	0.2990934133333333	9.106897653743331
0.4223696789826278	0.36199216666666667	9.207759562816666
0.4241150082346221	0.36216863333333327	9.215820386706667
0.42586033748661634	0.3333511	9.129934949903332
0.4276056667386108	0.3437006	9.018063219686667
0.4293509959906051	0.3280746	8.796580358216666
0.43109632524259933	0.33277019999999996	8.568432432016666
0.4328416544945937	0.42987353333333334	8.504032717146666
0.434586983746588	0.5164186666666667	8.517252190099999
0.4363323129985824	0.5444731666666667	8.543637387466667
0.43807764225057666	0.5715013999999999	8.619789301343332
0.43982297150257105	0.5370064999999999	8.60401885135
0.44156830075456543	0.4728329	8.466184672306666
0.44331363000655966	0.5148096333333333	8.356948681066665
0.445058959258554	0.6049880666666666	8.245583922889999
0.4468042885105484	0.6392981666666666	8.079314248996667
0.44854961776254265	0.6727306666666666	7.998207954316666
0.45029494701453704	0.6751315333333332	7.995717231223333
0.4520402762665313	0.6088934333333333	7.993832804116668
0.4537856055185257	0.5825231	8.049431192739998
0.45553093477052	0.6097283	8.102221934266666
0.4572762640225143	0.5994411333333334	8.01010911453
0.45902159327450864	0.6102156666666666	7.8642879156733345
0.460766922526503	0.6641488333333333	7.749111769036666
0.46251225177849725	0.6711377666666666	7.633234016506667
0.4642575810304917	0.6418043	7.582306056619999
0.46600291028248597	0.6159113999999999	7.6295511104900005
0.46774823953448036	0.5443658666666666	7.661474937203332
0.4694935687864746	0.4789957333333333	7.6797558803533335
0.47123889803846897	0.4897994333333333	7.714998308453334
0.4729842272904633	0.5138072333333332	7.6828722117999995
0.47472955654245763	0.5030040666666666	7.572133547549999
0.4764748857944519	0.48117980000000005	7.455142794226667
0.4782202150464463	0.41939936666666666	7.323174348033334
0.4799655442984406	0.3337603	7.218218557049999
0.481710873550435	0.2873745	7.208429452919999
0.48345620280242924	0.2744610666666667	7.24788721693
0.4852015320544237	0.2708163533333333	7.2850108771399995
0.48694686130641796	0.28887774	7.325357541379999
0.4886921905584123	0.28910786	7.312413217163333
0.49043751981040656	0.25343974999999996	7.2367582835299995
0.49218284906240095	0.21518306033333334	7.158827047813333
0.4939281783143953	0.17894182999999997	7.080079610699999
0.4956735075663895	0.14612212666666666	6.9976452167300005
0.4974188368183839	0.15489720666666668	6.968356553583334
0.49916416607037833	0.18178415666666664	6.971710556243334
0.5009094953223726	0.19920650999999995	6.976916625923334
0.5026548245743669	0.22359364666666662	7.006463489103333
0.5044001538263612	0.23281626999999996	7.021479158086667
0.5061454830783556	0.19391089666666664	6.960816400863334
0.5078908123303499	0.15970387999999996	6.8751515331099995
0.5096361415823442	0.1562313	6.797183466783332
0.5113814708343385	0.16659831666666663	6.72050024118
0.5131268000863327	0.20688989000000002	6.689482243919999
0.5148721293383272	0.26545062999999997	6.71435883601
0.5166174585903216	0.2783173533333333	6.728670935686666
0.5183627878423158	0.26567597666666665	6.739241989286666
0.5201081170943103	0.27196396666666667	6.7632994956433325
0.5218534463463045	0.2794389666666667	6.751183273906666
0.5235987755982989	0.2876882666666667	6.692664107616666
0.5253441048502931	0.3260226	6.630671875363333
0.5270894341022874	0.3604270666666667	6.558201712486666
0.5288347633542818	0.3766632	6.4958033518099985
0.5305800926062761	0.4051164666666667	6.492037850366666
0.5323254218582705	0.4295887333333333	6.523400183669999
0.5340707511102649	0.41883349999999997	6.537841591183334
0.5358160803622593	0.4155366999999999	6.546622907930001
0.5375614096142536	0.44192503333333333	6.544752182403333
0.5393067388662478	0.47053923333333325	6.507848846613332
0.541052068118242	0.4926033666666666	6.448081691106666
0.5427973973702365	0.5098883333333333	6.38932739248
0.5445427266222308	0.49447969999999997	6.32766678834
0.5462880558742251	0.45871559999999995	6.282933631496666
0.5480333851262194	0.4401699333333333	6.2736236308999995
0.5497787143782138	0.43532803333333325	6.2783872867
0.5515240436302082	0.42100189999999993	6.261687068153333
0.5532693728822025	0.4130268	6.2234905350666665
0.5550147021341967	0.4136394666666666	6.166125188419999
0.5567600313861911	0.40100773333333334	6.086250790846667
0.5585053606381855	0.37281813333333336	5.994021908929999
0.5602506898901798	0.34772003333333334	5.919249436426666
0.561996019142174	0.32162903333333326	5.8701442269
0.5637413483941685	0.30246196666666664	5.850246847533333
0.5654866776461628	0.3068062333333333	5.863582335953333
0.5672320068981571	0.3178126	5.8896164668366655
0.5689773361501516	0.30174409999999996	5.886466186833333
0.5707226654021459	0.27098469999999997	5.852977673003332
0.57246799465414	0.2410197633333333	5.799712548876666
0.5742133239061344	0.20799296999999997	5.723889449533333
0.5759586531581287	0.18065509666666663	5.639577804773333
0.5777039824101231	0.17488995666666665	5.579961404516666
0.5794493116621174	0.17253534333333334	5.545800260013333
0.5811946409141118	0.16683463266666668	5.539076365006666
0.582939970166106	0.16496191666666665	5.564250804373332
0.5846852994181004	0.15398028493333332	5.59356094212
0.5864306286700948	0.12109992133333332	5.590842501236666
0.5881759579220891	0.09249476833333332	5.56162795301
0.5899212871740833	0.08293086999999999	5.5108565147099995
0.5916666164260775	0.08718688999999999	5.44393271969
0.593411945678072	0.10100023999999999	5.383697274096666
0.5951572749300664	0.11902283333333333	5.34925809648
0.5969026041820606	0.12551686666666667	5.338294843210001
0.5986479334340549	0.12255805333333332	5.3535991228299995
0.6003932626860494	0.11627428666666667	5.380085242819999
0.6021385919380438	0.11331536333333332	5.395267731626667
0.603883921190038	0.11957105000000001	5.389297303413334
0.6056292504420324	0.13767397666666664	5.3589112947499995
0.6073745796940266	0.16061730333333332	5.303662489056666
0.609119908946021	0.1838479533333333	5.24952631357
0.6108652381980153	0.19342752	5.21132302991
0.6126105674500095	0.19156827333333332	5.196404407766666
0.614355896702004	0.19748257333333333	5.21871695853
0.6161012259539983	0.21385662	5.265400031163333
0.6178465552059926	0.22853250000000003	5.295336717013333
0.6195918844579871	0.25394406666666663	5.308023561513332
0.6213372137099814	0.2853211333333333	5.30571400953
0.6230825429619757	0.3022782666666667	5.27233065582
0.62482787221397	0.3121120333333333	5.225298275423333
0.6265732014659642	0.32215666666666665	5.192901858863333
0.6283185307179586	0.3117306333333333	5.160084557583333
0.630063859969953	0.304891	5.1449222100166665
0.6318091892219473	0.3340383666666667	5.177873383216667
0.6335545184739415	0.37051993333333333	5.22048764688
0.635299847725936	0.3876374	5.233223910336666
0.6370451769779303	0.40126416666666664	5.235658940456667
0.6387905062299246	0.39463953333333335	5.215824910473334
0.6405358354819191	0.3640922333333333	5.16686079172
0.6422811647339131	0.35246943333333336	5.1353708642900004
0.6440264939859075	0.35788793333333324	5.12509177608
0.6457718232379019	0.34301133333333333	5.098255174426666
0.6475171524898962	0.3359459666666667	5.0884922887699995
0.6492624817418906	0.35107596666666663	5.114292415546666
0.6510078109938849	0.3468789666666666	5.12662536441
0.6527531402458793	0.31945539999999994	5.1137692828466665
0.6544984694978735	0.29247389999999995	5.091986662596666
0.6562437987498679	0.24972056666666664	5.034423667516666
0.6579891280018623	0.20995733333333333	4.962294082826666
0.6597344572538565	0.21193223333333333	4.9276641007799995
0.6614797865058508	0.22802396000000003	4.913208986553333
0.6632251157578453	0.22190987	4.8950138386266655
0.6649704450098396	0.21262160000000002	4.899727440513333
0.6667157742618338	0.1964491	4.910912552353333
0.668461103513828	0.16096126666666666	4.90076242033
0.6702064327658226	0.13092525333333332	4.884317291496666
0.6719517620178169	0.11588964333333335	4.855386457896666
0.6736970912698113	0.09788456966666666	4.79315461786
0.6754424205218055	0.092525449	4.735950397903334
0.6771877497737997	0.10451803633333334	4.70748271737
0.6789330790257941	0.10740265500000001	4.692246844933333
0.6806784082777885	0.09509449666666665	4.694917379053333
0.6824237375297828	0.07906599333333332	4.71297963526
0.6841690667817772	0.055591203333333325	4.71113510012
0.6859143960337715	0.038554196666666665	4.69419875987
0.6876597252857658	0.040468359999999995	4.675885486213334
0.6894050545377601	0.05141523999999999	4.642701139176666
0.6911503837897546	0.06527343333333332	4.605253103876667
0.6928957130417489	0.08131273666666666	4.586981266416666
0.6946410422937431	0.08396764666666667	4.573018794696666
0.6963863715457373	0.08066318566666666	4.56951663313
0.6981317007977319	0.08587589666666667	4.589952625596666
0.6998770300497262	0.09479117	4.60303036574
0.7016223593017206	0.11032089333333334	4.589666570076666
0.7033676885537148	0.13872338	4.56781607728
0.705113017805709	0.15438785	4.525003440483333
0.7068583470577035	0.15782345666666667	4.470151707766666
0.7086036763096978	0.1735698	4.447616045483334
0.710349005561692	0.18630363333333333	4.446464892543333
0.7120943348136863	0.18111982999999998	4.434396456866667
0.7138396640656808	0.19070629333333333	4.438931013686666
0.7155849933176751	0.21516143333333332	4.4574532539766665
0.7173303225696694	0.23465666666666665	4.454034271996666
0.7190756518216639	0.2642638	4.4428649776333335
0.7208209810736581	0.29292193333333333	4.429314327666666
0.7225663103256524	0.2797711666666667	4.379069454346666
0.7243116395776467	0.2564845333333333	4.329040564903333
0.726056968829641	0.2620207666666666	4.325446782716666
0.7278022980816354	0.26940966666666666	4.33152246565
0.7295476273336298	0.27190426666666667	4.326595551943333
0.7312929565856241	0.2931433333333333	4.334815283599999
0.7330382858376183	0.30476026666666667	4.327630861356667
0.7347836150896128	0.29767326666666666	4.293901391543333
0.7365289443416071	0.3049883	4.274054475169999
0.7382742735936013	0.30714236666666667	4.254520442826665
0.7400196028455955	0.2745568333333333	4.20596991662
0.7417649320975901	0.2526078333333333	4.17788670488
0.7435102613495844	0.26066776666666663	4.190137151513333
0.7452555906015788	0.26690886666666663	4.205468255233333
0.747000919853573	0.2734778333333333	4.224113304243334
0.7487462491055674	0.28262466666666664	4.244963836243333
0.7504915783575618	0.2593078999999999	4.226042448233333
0.752236907609556	0.21998216666666665	4.18427548614
0.7539822368615503	0.20116946666666663	4.158433741033333
0.7557275661135445	0.1830602033333333	4.128568601216666
0.757472895365539	0.1538018	4.08975916956
0.7592182246175333	0.14279097000000002	4.077907062853333
0.7609635538695276	0.14223698666666665	4.082483289766667
0.7627088831215221	0.13468990333333333	4.087267437596667
0.7644542123735163	0.13137709666666667	4.103617799626667
0.7661995416255106	0.12427972333333333	4.1096908788299995
0.767944870877505	0.09538299266666667	4.078094558689999
0.7696902001294994	0.06906548609999999	4.038017885516666
0.7714355293814937	0.059243417199999995	4.00619979706
0.773180858633488	0.051986446699999994	3.9762758345633333
0.7749261878854823	0.04875966966666666	3.9660860177199995
0.7766715171374765	0.05262214333333333	3.9794823840966664
0.778416846389471	0.04742164	3.9884646312233336
0.7801621756414653	0.03890386333333333	3.996655242226667
0.7819075048934595	0.036843186666666666	4.006982156029999
0.7836528341454538	0.03289148	3.994592733293333
0.7853981633974483	0.02880776666666667	3.9612618538133333
0.7871434926494427	0.033410533333333325	3.92820310659
0.7888888219014369	0.03491903833333333	3.890724527266667
0.7906341511534312	0.035687591666666664	3.86543091163
0.7923794804054256	0.04602488766666666	3.876418836113333
0.7941248096574199	0.05478350333333333	3.9014764375066666
0.7958701389094142	0.05730581	3.91752588391
0.7976154681614087	0.0680654	3.933370198156666
0.7993607974134027	0.07946887333333333	3.933108826383333
0.8011061266653973	0.08923057999999998	3.9078197397766665
0.8028514559173916	0.11281439333333332	3.88427083902
0.8045967851693858	0.13736117333333334	3.862850056393333
0.8063421144213804	0.14111225	3.827377817593333
0.8080874436733746	0.14564548666666666	3.809577798996666
0.8098327729253688	0.16189630666666666	3.823087969576666
0.8115781021773631	0.17348763666666667	3.8360079869966666
0.8133234314293576	0.18627006666666668	3.8409997427500002
0.815068760681352	0.20664163333333332	3.8418806015566664
0.8168140899333463	0.21184519999999998	3.813670247556666
0.8185594191853405	0.2103269	3.769888624903333
0.8203047484373349	0.2244166	3.7463268823733333
0.8220500776893291	0.23387929999999996	3.729684136186666
0.8237954069413235	0.22436696666666667	3.706780406926666
0.8255407361933177	0.22256806666666665	3.70594356144
0.827286065445312	0.22941879999999998	3.7219387000733333
0.8290313946973066	0.23012066666666664	3.72873702045
0.8307767239493009	0.23400226666666663	3.7302013405433336
0.8325220532012951	0.23688120000000001	3.72018567258
0.8342673824532894	0.21800369999999997	3.6784146618133335
0.8360127117052839	0.1962206333333333	3.6313773593366663
0.8377580409572781	0.19062216666666668	3.6056523109333334
0.8395033702092725	0.1855817333333333	3.588046924703333
0.8412486994612667	0.1779248	3.5768567018866664
0.8429940287132611	0.18101273333333334	3.583167196873333
0.8447393579652556	0.18230516666666666	3.587056031523333
0.8464846872172498	0.17658443333333332	3.57956341393
0.8482300164692442	0.17520399999999997	3.570991412403333
0.8499753457212386	0.16900886666666665	3.5501078302633333
0.8517206749732327	0.14778066666666667	3.5100183974066668
0.853466004225227	0.13209336666666666	3.479212994273333
0.8552113334772216	0.12931000666666664	3.469156626943333
0.8569566627292158	0.12790720333333333	3.4716640215233334
0.8587019919812102	0.12825386333333333	3.4889419166266666
0.8604473212332044	0.12978444666666666	3.51278431728
0.8621926504851987	0.11944806666666666	3.5194981931399996
0.8639379797371932	0.10327597	3.511084113886666
0.8656833089891874	0.09132235	3.4948289815699995
0.8674286382411818	0.07884264999999999	3.46567911234
0.869173967493176	0.06693672666666665	3.4335675966666663
0.8709192967451702	0.064707989	3.4180107283833334
0.8726646259971648	0.065300114	3.4174554640066663
0.8744099552491591	0.06495730066666666	3.43241639899
0.8761552845011533	0.0665582893	3.46318641215
0.8779006137531478	0.063087913	3.4886477662766664
0.8796459430051421	0.05040604699999999	3.491003623376667
0.8813912722571363	0.040790316666666666	3.4768142887666666
0.8831366015091309	0.036470783333333326	3.447271070293333
0.8848819307611251	0.03618975666666666	3.4086303551999997
0.8866272600131193	0.046451759999999995	3.382761256843333
0.8883725892651138	0.06108089733333333	3.3753207956766667
0.890117918517108	0.06411159833333333	3.3748778682999996
0.8918632477691024	0.06350324599999999	3.388126673353333
0.8936085770210968	0.067752971	3.4123244809599997
0.895353906273091	0.06706218333333333	3.4212825887466662
0.8970992355250853	0.06148040666666666	3.404869070703333
0.8988445647770799	0.06388259999999998	3.374354604993333
0.9005898940290741	0.06966299333333333	3.332146995743333
0.9023352232810684	0.07565098999999999	3.29178736274
0.9040805525330626	0.08818053999999999	3.2760006182266665
0.9058258817850569	0.09846922666666666	3.28259025924
0.9075712110370514	0.09396468999999999	3.296362090236667
0.9093165402890456	0.08875654333333334	3.3193836800766663
0.91106186954104	0.09279094666666667	3.3426033273433333
0.9128071987930344	0.09630128533333333	3.3429599061866666
0.9145525280450286	0.09756295666666666	3.3162958781099996
0.9162978572970231	0.10400014999999999	3.275133354636666
0.9180431865490173	0.10852414333333332	3.2266424595666665
0.9197885158010117	0.10858288333333332	3.1878218296666665
0.921533845053006	0.11142586666666665	3.1766887479933335
0.9232791743050003	0.11387817	3.189115850586667
0.9250245035569945	0.10991978333333333	3.210381259523333
0.9267698328089891	0.11201607999999999	3.235604973196666
0.9285151620609834	0.1261248133333333	3.252787178223333
0.9302604913129776	0.14072630999999997	3.2459412451266667
0.9320058205649719	0.14930464	3.2147050496599996
0.9337511498169662	0.15560471666666667	3.172753545046666
0.9354964790689607	0.15554253666666668	3.1319305952899996
0.9372418083209549	0.14874533	3.1073575718699997
0.9389871375729492	0.14349466666666666	3.1101353660366664
0.9407324668249435	0.14171777666666666	3.1354048963266665
0.9424777960769379	0.13876448	3.1670581803166664
0.9442231253289324	0.1413101333333333	3.1944107070500003
0.9459684545809266	0.1524125	3.206653525666667
0.9477137838329208	0.15976256666666666	3.1922883166633333
0.9494591130849153	0.1545388	3.1511331137600003
0.9512044423369096	0.14493113	3.10096676499
0.9529497715889038	0.13521592333333335	3.0591760015133334
0.9546951008408984	0.12403208666666665	3.0358321395766663
0.9564404300928926	0.11609972333333332	3.0364821794666668
0.9581857593448869	0.11650445999999999	3.059928587916666
0.9599310885968813	0.11958779666666665	3.0912888089066666
0.9616764178488755	0.12352059	3.116058898706666
0.96342174710087	0.1291417	3.125164513163333
0.9651670763528643	0.12857331666666666	3.110729872326667
0.9669124056048585	0.11532184499999999	3.0718031414499998
0.9686577348568528	0.10034324033333332	3.025704628783333
0.9704030641088474	0.09204452433333332	2.989481131143333
0.9721483933608416	0.08701958066666667	2.9685976044999998
0.9738937226128359	0.08465898733333334	2.9650663431533326
0.9756390518648301	0.08938918966666666	2.9792739505933334
0.9773843811168246	0.09562655366666667	2.99881195946
0.9791297103688189	0.09784231333333333	3.01043998105
0.9808750396208131	0.09677166366666667	3.0077501671833335
0.9826203688728073	0.09076816066666667	2.9868477374366664
0.9843656981248019	0.07712253	2.94868744653
0.9861110273767961	0.06488443333333332	2.9080849730666665
0.9878563566287906	0.06101476333333333	2.87853405373
0.9896016858807848	0.06112332666666666	2.864075547893333
0.991347015132779	0.06120045666666666	2.865163618633333
0.9930923443847736	0.06471773166666667	2.88057477929
0.9948376736367678	0.06942030466666667	2.90007039787
0.9965830028887621	0.07036210166666668	2.9128931690566664
0.9983283321407567	0.06784435066666666	2.91268958375
1.0000736613927508	0.064927105	2.897943843106667
1.0018189906447452	0.06111446999999999	2.8715529906099997
1.0035643198967397	0.05933354666666666	2.84304242949
1.0053096491487339	0.06282547	2.8212227313766665
1.007054978400728	0.06859240333333333	2.811510788243333
1.0088003076527223	0.07112682666666666	2.8138155577066666
1.0105456369047165	0.0740721	2.825989632443333
1.0122909661567112	0.08076731666666667	2.84304576289
1.0140362954087054	0.08584921666666667	2.8565947437266663
1.0157816246606999	0.08536473666666666	2.8580917953299996
1.017526953912694	0.08679223999999999	2.8504387131166666
1.0192722831646883	0.09255323	2.8397088628133327
1.0210176124166828	0.09656837333333332	2.8258960205
1.022762941668677	0.09779302666666667	2.8108766140466663
1.0245082709206712	0.09971212666666665	2.8036618823766664
1.0262536001726654	0.09833740666666665	2.80371400142
1.02799892942466	0.09480486299999999	2.8055490509133336
1.0297442586766543	0.09580877033333332	2.80889271532
1.0314895879286488	0.09683732286666666	2.8093517360666667
1.0332349171806432	0.09025774633333333	2.797913223203333
1.0349802464326374	0.08619999966666665	2.7822614025933334
1.0367255756846316	0.09043922633333334	2.7720542805233332
1.0384709049366259	0.09206218333333334	2.7609484085833333
1.0402162341886205	0.08835068999999998	2.74679694478
1.041961563440615	0.08833685999999999	2.7410648741266663
1.043706892692609	0.0887848	2.741760629306667
1.0454522219446034	0.08731069999999999	2.74102993841
1.0471975511965979	0.09082786333333333	2.741563060563333
1.048942880448592	0.09458357	2.7403785538633336
1.0506882097005863	0.08885382666666666	2.728200915753333
1.0524335389525805	0.08530038333333334	2.71578269146
1.0541788682045747	0.09168832666666667	2.7132530103766666
1.0559241974565694	0.09555107333333332	2.7100876560366665
1.0576695267085636	0.09405015666666666	2.7024418511566664
1.059414855960558	0.09767540666666666	2.7005174455466667
1.0611601852125523	0.10188227666666666	2.699012512903333
1.0629055144645467	0.10246266666666666	2.6908745767499997
1.064650843716541	0.10638753333333331	2.6820670328433334
1.0663961729685352	0.10848604333333334	2.669492812843333
1.0681415022205298	0.09922116	2.645708914863333
1.069886831472524	0.09243887333333334	2.6266353115266665
1.0716321607245185	0.09716354333333334	2.62359007461
1.0733774899765127	0.10003296	2.624490075663333
1.0751228192285072	0.09734287333333333	2.6252769810466665
1.0768681484805014	0.09938284333333332	2.6336588345366665
1.0786134777324956	0.10144751666666665	2.6408041457666664
1.0803588069844898	0.09814097666666667	2.63891165564
1.082104136236484	0.09562497666666667	2.632935912413333
1.0838494654884787	0.09162945733333333	2.619096379766666
1.085594794740473	0.08018651966666666	2.59295164333
1.0873401239924672	0.07330717866666667	2.5715192842166665
1.0890854532444616	0.07766420433333332	2.5649344137466668
1.0908307824964558	0.08219370166666666	2.5646529352466665
1.0925761117484503	0.08310877233333333	2.5692370582799997
1.0943214410004445	0.08644209333333333	2.5816216029199994
1.0960667702524387	0.08757839333333334	2.5907229672366663
1.0978120995044334	0.08326789366666668	2.5912608858266664
1.0995574287564276	0.078510455	2.586597246256667
1.101302758008422	0.07298748899999999	2.57187036194
1.1030480872604165	0.06472306666666666	2.546683390123333
1.1047934165124107	0.06169006733333333	2.5272037602033333
1.106538745764405	0.06599765133333332	2.520452352783333
1.1082840750163991	0.07086678399999999	2.5228571440799996
1.1100294042683934	0.07419863666666666	2.5356665485266667
1.111774733520388	0.07678025	2.5548508821599993
1.1135200627723822	0.07467042333333332	2.566994666076666
1.1152653920243765	0.06901360000000001	2.5703818830399996
1.117010721276371	0.06348332	2.566505809363333
1.1187560505283651	0.05762310666666666	2.549269880693333
1.1205013797803596	0.05227222666666666	2.5225362956566664
1.1222467090323538	0.05148986	2.5017256999166664
1.123992038284348	0.05352295666666666	2.49156259269
1.1257373675363422	0.05666251	2.49377215468
1.127482696788337	0.061469696666666664	2.51180966209
1.1292280260403311	0.06492795333333333	2.535955421473333
1.1309733552923256	0.06432167999999999	2.55196681139
1.13271868454432	0.06374767333333332	2.5603533982099997
1.1344640137963142	0.06377979333333333	2.559624820793333
1.1362093430483085	0.06293353666666665	2.54356324334
1.1379546723003031	0.06397964666666667	2.5197687912199997
1.139700001552297	0.06645367266666666	2.500576705363333
1.1414453308042918	0.06541546933333334	2.4878078454666666
1.143190660056286	0.06556775999999999	2.4887549768066664
1.14493598930828	0.07100573733333333	2.50863597189
1.1466813185602747	0.074657213	2.5322799103466664
1.1484266478122689	0.07406444666666666	2.5454317626466665
1.150171977064263	0.07639178999999999	2.5516264604099996
1.1519173063162573	0.07975616999999999	2.5477067020099997
1.1536626355682515	0.08031316999999999	2.5275613830499997
1.1554079648202462	0.0819108	2.5016035547733333
1.1571532940722404	0.08264720333333332	2.4803166476833334
1.1588986233242349	0.07675148999999999	2.4641386440799997
1.160643952576229	0.07295072666666666	2.4637591059333332
1.1623892818282235	0.07725806333333332	2.484653268493333
1.1641346110802178	0.08030142666666666	2.508822756793333
1.165879940332212	0.07949033999999999	2.5228308367166665
1.1676252695842066	0.08260916333333335	2.5305162042499996
1.1693705988362009	0.08590237666666667	2.526383509066666
1.171115928088195	0.08501899333333332	2.50507720986
1.1728612573401895	0.08511813333333332	2.4780557978166664
1.1746065865921838	0.08401246666666667	2.452724949886666
1.1763519158441782	0.07644235333333332	2.4288433995266665
1.1780972450961724	0.07330958	2.4199856361366665
1.1798425743481666	0.08046370666666666	2.4319477320100003
1.1815879036001609	0.08683613666666665	2.44716571125
1.183333232852155	0.08953140999999999	2.4556099460933334
1.18507856210415	0.09524150333333334	2.461540656556666
1.186823891356144	0.09869240333333332	2.458047134506667
1.1885692206081382	0.09673102333333333	2.44177053015
1.1903145498601329	0.09603655	2.4241161865166667
1.192059879112127	0.09364421333333334	2.407280999036667
1.1938052083641213	0.08446846	2.3886060887399996
1.1955505376161155	0.08087697999999999	2.382791329683333
1.1972958668681097	0.08811892333333333	2.3946935528099997
1.1990411961201044	0.09337909666666666	2.4063519453033333
1.2007865253720988	0.09354902666666666	2.410479461933333
1.2025318546240933	0.09577701666666666	2.412868985333333
1.2042771838760875	0.09524336666666668	2.407077456033333
1.2060225131280817	0.08945556333333333	2.391339804296667
1.207767842380076	0.08553183	2.3766752897699996
1.2095131716320702	0.08099373666666668	2.362765108953333
1.2112585008840648	0.07112197	2.3460565506533335
1.213003830136059	0.06694873999999999	2.3404475753766665
1.2147491593880533	0.07224959666666667	2.34942375412
1.2164944886400477	0.07490598666666666	2.3566071072566666
1.218239817892042	0.072650967	2.357377603933333
1.2199851471440364	0.07224044733333333	2.3575432512166663
1.2217304763960306	0.06974024666666666	2.351299147733333
1.2234758056480248	0.06414361033333334	2.338945839873333
1.225221134900019	0.062166207	2.3307189550933334
1.2269664641520137	0.06056234533333334	2.32397886595
1.228711793404008	0.05438833633333333	2.3145415771566666
1.2304571226560024	0.052941247000000004	2.3148615971333335
1.2322024519079966	0.05853692333333333	2.3265414004233334
1.233947781159991	0.06020107733333333	2.334179428696667
1.2356931104119853	0.056732738333333324	2.334373409663333
1.23743843966398	0.054689699999999994	2.3320772072700002
1.2391837689159741	0.05115030333333333	2.3220599598
1.240929098167968	0.04597547666666666	2.3061379108433333
1.2426744274199628	0.04488143	2.294101522803333
1.244419756671957	0.04427404666666666	2.2834341200466666
1.2461650859239515	0.03948560999999999	2.27148853856
1.2479104151759457	0.03819453	2.270178833816667
1.24965574442794	0.04200134	2.280606405873333
1.2514010736799341	0.04203609	2.289521263853333
1.2531464029319284	0.03810632333333333	2.29403478972
1.254891732183923	0.03609374666666666	2.2969227277033335
1.2566370614359172	0.03377105333333333	2.292339929883333
1.2583823906879115	0.030974449999999994	2.28143160942
1.260127719939906	0.031588868	2.27146784235
1.2618730491919004	0.03229844233333333	2.2598664613399997
1.2636183784438946	0.029605489000000002	2.24562101014
1.2653637076958888	0.029214811999999996	2.2392451022166666
1.267109036947883	0.03199273066666666	2.2416903460133333
1.2688543661998777	0.03258675833333333	2.244206967506667
1.270599695451872	0.032145797016666665	2.246076186593333
1.2723450247038663	0.0339326954	2.24788871318
1.2740903539558606	0.03526742833333333	2.24384771434
1.2758356832078548	0.03707691633333333	2.2363859502566665
1.2775810124598492	0.041776916666666664	2.23086923969
1.2793263417118435	0.04480646	2.2229932825233334
1.2810716709638381	0.04357427666666667	2.2120741004199997
1.282817000215832	0.043541116666666664	2.20731064628
1.2845623294678261	0.04522457666666666	2.2086158037166665
1.286307658719821	0.04524605333333333	2.209443570583333
1.288052987971815	0.04563180333333333	2.2103797119966666
1.2897983172238097	0.04798551333333333	2.21088770086
1.2915436464758039	0.04933759	2.2058947749033333
1.293288975727798	0.05132489666666666	2.199373958193333
1.2950343049797923	0.055524116666666665	2.1959885605366662
1.296779634231787	0.057109386666666664	2.1909679711833334
1.2985249634837812	0.054620736666666656	2.1841539841633333
1.3002702927357757	0.053158899999999995	2.1832653068266668
1.3020156219877699	0.05272984333333333	2.18677805025
1.3037609512397643	0.05148830333333333	2.189285779433333
1.3055062804917585	0.05190635	2.1917016394066664
1.3072516097437528	0.05376458333333334	2.191966416546667
1.308996938995747	0.05387458333333332	2.1854912888799998
1.3107422682477412	0.055080689999999995	2.1780277741300003
1.3124875974997359	0.05872566	2.1743928269933335
1.31423292675173	0.05977261666666665	2.1699154271633327
1.3159782560037245	0.05776630333333333	2.165391004883333
1.3177235852557188	0.05751887	2.167974635223333
1.319468914507713	0.05807735	2.1749845322966666
1.3212142437597074	0.058271206666666665	2.181259190753333
1.3229595730117016	0.06072750666666666	2.1873694284766665
1.3247049022636959	0.06329905666666666	2.189323596183333
1.3264502315156905	0.062308133333333335	2.18197518839
1.3281955607676847	0.06241904333333334	2.1722931498699998
1.3299408900196792	0.06555955999999999	2.1655478978866665
1.3316862192716734	0.0657117	2.1567537992266663
1.3334315485236676	0.06273018999999999	2.1475425193533333
1.3351768777756619	0.06248702333333332	2.1466184242166664
1.336922207027656	0.06365436999999999	2.1518933359733334
1.338667536279651	0.06389318999999999	2.1576882870166667
1.3404128655316452	0.06555931999999999	2.1643167798066667
1.3421581947836396	0.06674295666666666	2.1680542806
1.3439035240356338	0.06381651333333332	2.1633355974266664
1.345648853287628	0.06171537999999999	2.1559102273966664
1.3473941825396225	0.06299018666666667	2.1505192111599998
1.3491395117916167	0.06171460333333334	2.1421329399466664
1.350884841043611	0.05752531333333333	2.1319969685999998
1.3526301702956052	0.05663356666666667	2.1290538253066664
1.3543754995475994	0.057737076666666665	2.1320630507833336
1.356120828799594	0.05720589666666666	2.1350010167566666
1.3578661580515883	0.05681844666666667	2.138008079453333
1.3596114873035827	0.05595889999999999	2.139182683493333
1.361356816555577	0.05166896666666666	2.133878649803333
1.3631021458075712	0.048082414999999996	2.1261833703599997
1.3648474750595656	0.048041926	2.1203902444466665
1.3665928043115598	0.046639507	2.112767630013333
1.3683381335635545	0.043063774	2.104063734933333
1.3700834628155487	0.042881545333333326	2.1019149464066667
1.371828792067543	0.04502300666666666	2.10551228778
1.3735741213195374	0.04498369666666666	2.1087442604033333
1.3753194505715316	0.04366612	2.11093881456
1.377064779823526	0.04199078333333334	2.1115531931866665
1.3788101090755203	0.038015066666666666	2.1070959765233335
1.3805554383275145	0.034116846666666666	2.0995816903766666
1.3823007675795091	0.03276197	2.092400737803333
1.384046096831503	0.03102800333333333	2.083992563143333
1.3857914260834978	0.028019409999999998	2.0751340940766667
1.387536755335492	0.02755064	2.07108989337
1.3892820845874863	0.028904743333333333	2.071325482213333
1.3910274138394805	0.028462119999999997	2.0714000463766666
1.3927727430914747	0.026753463333333328	2.070500701153333
1.3945180723434691	0.025223556666666664	2.06831482926
1.3962634015954638	0.022824749999999998	2.0626037944666664
1.398008730847458	0.020833483333333333	2.054851409113333
1.3997540600994525	0.020935526666666666	2.0477047913799997
1.4014993893514467	0.021259549999999995	2.0407679133666665
1.4032447186034411	0.02074774833333333	2.0349027811066667
1.4049900478554354	0.021679999	2.033470951343333
1.4067353771074296	0.023570670666666668	2.0357103456766663
1.4084807063594238	0.023894644333333333	2.038367628873333
1.410226035611418	0.023181231333333333	2.0403646330166665
1.4119713648634127	0.023038835666666663	2.04065789045
1.413716694115407	0.022936198999999997	2.03723410842
1.4154620233674011	0.023547074	2.0313324487599997
1.4172073526193956	0.02595307233333333	2.0249752475866662
1.4189526818713898	0.028454776666666667	2.0178656754566666
1.420698011123384	0.029589983333333333	2.0109779260266665
1.4224433403753782	0.03113967	2.007637781863333
1.4241886696273727	0.033175819999999995	2.0078508889766664
1.4259339988793673	0.033315866666666666	2.0090695813366666
1.4276793281313616	0.03188618666666666	2.0104229839666665
1.429424657383356	0.031619256666666665	2.0115932437199997
1.4311699866353502	0.03257616333333333	2.0109013717599997
1.4329153158873444	0.033748436666666666	2.008274027403333
1.4346606451393389	0.03552960333333333	2.004882563453333
1.436405974391333	0.03763518	2.0010161480466664
1.4381513036433278	0.03858744333333333	1.9974600042366664
1.439896632895322	0.038812316666666666	1.99659762529
1.4416419621473162	0.03896313999999999	1.9988791598366666
1.4433872913993107	0.03793845999999999	2.0025895033866665
1.4451326206513049	0.03590317999999999	2.0066449307466665
1.446877949903299	0.03556901666666666	2.0105880454466662
1.4486232791552933	0.03742179333333333	2.0127280058166663
1.4503686084072875	0.03952852	2.0119332686866667
1.452113937659282	0.04151000666666667	2.0086813943733333
1.4538592669112762	0.043936076666666664	2.00393216622
1.4556045961632709	0.04548281333333333	1.998832539433333
1.457349925415265	0.045478576666666666	1.9956746227233335
1.4590952546672595	0.044911263333333326	1.9959178795433332
1.460840583919254	0.04386547999999999	1.99887605956
1.4625859131712482	0.042334863333333334	2.003372556126666
1.4643312424232424	0.04266676666666667	2.00896271645
1.4660765716752366	0.04569942999999999	2.0138245082666666
1.4678219009272309	0.04889027333333333	2.0151481649299994
1.4695672301792255	0.051111649999999995	2.0121884763633333
1.4713125594312197	0.05380984666666666	2.006666121063333
1.4730578886832142	0.05605491333333333	1.9999243215466669
1.4748032179352084	0.05576460333333333	1.99320439765
1.4765485471872026	0.053820839999999995	1.9886506546466667
1.478293876439197	0.05187688333333333	1.98745940272
1.480039205691191	0.049811049999999996	1.9886454269666667
1.481784534943186	0.048689593333333336	1.991293596486667
1.4835298641951802	0.04970102	1.9939972724666666
1.4852751934471744	0.05081531	1.99339619727
1.4870205226991688	0.050353369999999995	1.98761495776
1.488765851951163	0.05033397666666667	1.97909200119
1.4905111812031575	0.050819359999999994	1.9697849052833334
1.4922565104551517	0.04849795999999999	1.9592617924833333
1.494001839707146	0.04359139333333334	1.9495377215699998
1.4957471689591406	0.03996672	1.9447414346033334
1.4974924982111348	0.03796570333333333	1.9447070838033333
1.4992378274631293	0.03573482333333333	1.9462469911266664
1.5009831567151235	0.034117343333333335	1.9479891697966665
1.5027284859671177	0.03395918666666667	1.9486559499066667
1.504473815219112	0.03364007333333333	1.9456035294466665
1.5062191444711062	0.03289187433333333	1.9388925876133334
1.5079644737231006	0.032340985999999995	1.9303790254133333
1.5097098029750948	0.030413210666666666	1.9200987064399997
1.511455132227089	0.02666632633333333	1.9093614804566665
1.5132004614790837	0.02411912733333333	1.9025251186599998
1.514945790731078	0.023582027666666665	1.9004984177866666
1.5166911199830724	0.022694103666666667	1.8999574325933333
1.5184364492350666	0.021652602	1.8997711638733332
1.520181778487061	0.02246840933333333	1.90035519708
1.5219271077390553	0.024062861666666664	1.89932059035
1.5236724369910495	0.024801323333333333	1.8950645920933333
1.5254177662430441	0.025309336333333335	1.8890563297666667
1.5271630954950384	0.02555234866666667	1.8819622494166666
1.5289084247470326	0.02479910666666666	1.87440504361
1.530653753999027	0.024505239333333335	1.8698749428800001
1.5323990832510213	0.02546072733333333	1.8697660389333333
1.5341444125030157	0.025860864	1.8711891985166667
1.53588974175501	0.025525816999999996	1.8730674371633331
1.537635071007004	0.026306135666666668	1.8764255265899998
1.5393804002589988	0.027631758	1.8790629972766668
1.541125729510993	0.028009226666666664	1.8784730134766665
1.5428710587629875	0.02817017333333333	1.8757231913799999
1.5446163880149817	0.028519499999999996	1.87165933807
1.546361717266976	0.02828505666666667	1.86646704649
1.5481070465189704	0.02845818	1.86339385
1.5498523757709646	0.029758816666666667	1.8644931967533331
1.5515977050229588	0.030266903333333334	1.8670790708566667
1.553343034274953	0.029511689999999997	1.8700960824533333
1.5550883635269477	0.029657953333333334	1.8755540036899998
1.556833692778942	0.030550731999999997	1.88142988208
1.5585790220309363	0.030266412666666662	1.88340892558
1.5603243512829306	0.029498041666666662	1.8816793047866665
1.5620696805349248	0.02969524566666666	1.8780527229566666
1.563815009786919	0.030269146666666667	1.8724405967566666
1.5655603390389135	0.030957246666666664	1.86656170651
1.5673056682909077	0.032254847333333336	1.8631028321733334
1.5690509975429023	0.033386012	1.8615994718433333
1.5707963267948966	0.033866395333333334	1.8616721600133332
1.5725416560468908	0.03462579666666667	1.86493392721
1.5742869852988854	0.035616143	1.8698431416033332
1.5760323145508797	0.03613567333333333	1.8724896753933333
1.5777776438028739	0.036833309999999994	1.8722216836099999
1.579522973054868	0.03809363666666666	1.8696308313799999
1.5812683023068623	0.03932603	1.86393019374
1.583013631558857	0.040962223333333325	1.8565288112566667
1.5847589608108512	0.04322578666666667	1.8500388783233332
1.5865042900628454	0.04454697333333333	1.8441159619033334
1.5882496193148399	0.04459336	1.8390039692999998
1.589994948566834	0.044880906666666665	1.8374529063766665
1.5917402778188283	0.04529434333333333	1.8386568408666666
1.5934856070708228	0.04496558666666667	1.8386929583833331
1.5952309363228174	0.04489517333333333	1.837139231853333
1.5969762655748112	0.045424563333333334	1.8348390896133333
1.5987215948268054	0.045574633333333336	1.830401805533333
1.6004669240788003	0.046225999999999996	1.8247035864
1.6022122533307945	0.047953256666666666	1.8203578824866666
1.603957582582789	0.047984493333333336	1.8160769432766666
1.6057029118347832	0.04555758	1.8112540558066668
1.6074482410867772	0.04408043666666667	1.8098579766733334
1.6091935703387716	0.04387875	1.8115705782499998
1.6109388995907659	0.041640677	1.8101883041466664
1.6126842288427607	0.038203368333333335	1.8050955392133332
1.614429558094755	0.036803048666666664	1.8005004605766666
1.6161748873467492	0.03638211433333333	1.7955262967399999
1.6179202165987434	0.03492533066666667	1.7881862292666666
1.6196655458507376	0.033509715999999995	1.7818200324066666
1.621410875102732	0.031971092333333326	1.77835419484
1.6231562043547263	0.029011270333333332	1.77641615831
1.624901533606721	0.026573722333333334	1.7775474672733333
1.6266468628587152	0.025908063866666668	1.7819284404066666
1.6283921921107094	0.02408738696666667	1.7835859115833332
1.630137521362704	0.021018017099999998	1.7804357516533333
1.6318828506146983	0.02053741733333333	1.7771180134766666
1.6336281798666925	0.021990889	1.77354263881
1.6353735091186867	0.021498589666666665	1.7659721737733332
1.637118838370681	0.019897962666666665	1.7577886980066666
1.6388641676226756	0.01922935	1.7540957120933334
1.6406094968746698	0.018083390666666664	1.7538183406966665
1.642354826126664	0.016549224	1.75613210714
1.6441001553786583	0.016571061999999998	1.7619951250733332
1.6458454846306525	0.016479644	1.7672244779633335
1.647590813882647	0.015318656666666666	1.768393102323333
1.6493361431346412	0.016568196666666663	1.7689239906833332
1.6510814723866354	0.020093586666666666	1.7690201109733332
1.6528268016386303	0.020884539999999997	1.763342867053333
1.654572130890624	0.0192137	1.7540481854666665
1.6563174601426187	0.018902554999999998	1.7484048099499998
1.6580627893946132	0.018750213	1.7461309893266668
1.6598081186466074	0.016973879999999997	1.7443996838999998
1.6615534478986018	0.01611284933333333	1.74564745991
1.663298777150596	0.01646501933333333	1.7497402422233332
1.6650441064025903	0.016470379	1.7531944657166667
1.6667894356545845	0.01857762933333333	1.7573275090333333
1.6685347649065787	0.023274284333333332	1.7625788201233334
1.6702800941585736	0.025056382999999995	1.7627512920266666
1.6720254234105678	0.023195276333333334	1.7572136791833333
1.673770752662562	0.022763932666666667	1.7529868425833333
1.6755160819145563	0.023040457	1.7501774128933332
1.6772614111665505	0.020056842999999998	1.7438910531866665
1.679006740418545	0.016613316666666666	1.7376123289433334
1.6807520696705391	0.016212522666666666	1.73668239775
1.6824973989225334	0.017274667	1.7391335753533332
1.684242728174528	0.019729033333333333	1.7434005316433334
1.6859880574265222	0.02472916733333333	1.7504797117533333
1.6877333866785167	0.028500430666666663	1.7560792991699998
1.6894787159305111	0.029050117666666667	1.7565095685366665
1.6912240451825054	0.030171693333333336	1.75492389483
1.6929693744344996	0.031714497999999994	1.7513359881666668
1.6947147036864938	0.029246624	1.7409013226733334
1.6964600329384885	0.025078319	1.7270518348866664
1.6982053621904827	0.024422748666666667	1.7182091200633334
1.6999506914424771	0.0263006	1.7150668400999998
1.7016960206944713	0.02898381	1.7154947272766665
1.7034413499464653	0.03407115	1.7214714554633332
1.7051866791984598	0.039641819999999994	1.73115704777
1.706932008450454	0.04276317666666666	1.7390848425766665
1.708677337702449	0.04571369333333333	1.7445984212766668
1.7104226669544431	0.04889101333333333	1.7468783913366668
1.7121679962064373	0.047371489999999995	1.740315779803333
1.7139133254584316	0.04243096333333333	1.72639488783
1.7156586547104258	0.04111061666666667	1.714448184793333
1.7174039839624204	0.04333651	1.7068118085966664
1.7191493132144147	0.04466644333333334	1.70016087632
1.7208946424664089	0.04697144	1.6977290704899999
1.722639971718403	0.05235941	1.7027427269366666
1.7243853009703973	0.05733243333333333	1.7105132026566665
1.726130630222392	0.060313263333333325	1.7171775730933334
1.7278759594743864	0.06258839	1.7226957827266667
1.7296212887263807	0.06145705	1.7233197042433333
1.7313666179783749	0.056373603333333334	1.7175092260266667
1.733111947230369	0.053587239999999994	1.71163315538
1.7348572764823635	0.054665603333333326	1.7079850241566668
1.7366026057343578	0.05382948333333333	1.7013093486733333
1.738347934986352	0.05223293333333333	1.6937075120833331
1.7400932642383462	0.056185	1.69258134217
1.7418385934903404	0.06287678333333332	1.6955327916733332
1.7435839227423353	0.06548786666666666	1.69609174934
1.7453292519943295	0.06563781333333332	1.6963654803633332
1.7470745812463238	0.06603769	1.6987581859566667
1.7488199104983182	0.06432220666666666	1.7004051468966666
1.7505652397503124	0.06121237999999999	1.7019816084666666
1.7523105690023066	0.059955383333333334	1.7057590280466668
1.7540558982543013	0.05809292666666666	1.7073180352366668
1.7558012275062955	0.05495045	1.7052023714366666
1.75754655675829	0.05646337	1.7056309130399998
1.7592918860102842	0.06215784666666666	1.7080033035833333
1.7610372152622784	0.06370815333333332	1.7044448286166667
1.7627825445142726	0.06169823666666666	1.6973505415933332
1.7645278737662669	0.06294603	1.6949669367466669
1.7662732030182617	0.06499410333333333	1.695597836013333
1.768018532270256	0.06224040666666667	1.6947079207133333
1.7697638615222502	0.05819731	1.6956298759633333
1.7715091907742444	0.05651054999999999	1.6996821408666665
1.7732545200262386	0.054971593333333325	1.7031316557533334
1.7749998492782333	0.05399567666666666	1.7065177456433331
1.7767451785302275	0.05554599333333333	1.7106226263999997
1.7784905077822217	0.05574355666666665	1.70960351092
1.780235837034216	0.05319080666666666	1.70291039395
1.7819811662862102	0.05306236666666665	1.6980966800866666
1.7837264955382048	0.05478274333333333	1.6950658561133332
1.785471824790199	0.05150722	1.6869444682566663
1.7872171540421935	0.045052249999999995	1.6769293753266665
1.7889624832941877	0.04237080333333333	1.6725884062199996
1.790707812546182	0.04175931333333333	1.6715938262033332
1.7924531417981764	0.03821545333333333	1.6692688310133335
1.7941984710501706	0.034316816666666666	1.6682078352833332
1.7959438003021653	0.03310805666666666	1.6694253952999998
1.7976891295541597	0.03219945333333333	1.6697077176166666
1.7994344588061533	0.030185949999999996	1.6690582833733334
1.8011797880581482	0.02845780666666667	1.6679605288466668
1.8029251173101424	0.02595247	1.6623759214366665
1.8046704465621368	0.022062176666666662	1.6522734665933332
1.806415775814131	0.01929640333333333	1.6431198358099999
1.8081611050661253	0.017987631666666663	1.6354774713833333
1.8099064343181195	0.015205812999999999	1.6260925315199999
1.8116517635701137	0.011702590333333332	1.6182963811933333
1.8133970928221086	0.010477401999999999	1.6170098514266666
1.8151424220741028	0.010435147333333334	1.62036062231
1.816887751326097	0.008675485	1.6249069776166665
1.8186330805780913	0.006298798999999999	1.6306235793233332
1.8203784098300855	0.005134704333333333	1.6355110287866665
1.82212373908208	0.004325450333333333	1.6363521499766667
1.8238690683340746	0.0029433532	1.6333862387833333
1.8256143975860688	0.0019408576233333331	1.6274007158466666
1.827359726838063	0.0015700819333333334	1.6173007219133333
1.8291050560900572	0.0014391797333333331	1.6059916319833332
1.830850385342052	0.0014722339	1.59900819893
1.8325957145940461	0.0016013928333333332	1.5974826865866665
1.8343410438460404	0.0015105275333333334	1.5998078604366666
1.8360863730980346	0.0015439154999999998	1.6067073456066665
1.8378317023500288	0.0015738973999999998	1.6170428066966664
1.8395770316020235	0.0015717102666666666	1.6266669868033334
1.8413223608540177	0.0024880940666666667	1.6333604682399998
1.843067690106012	0.0046218540333333325	1.63623802993
1.8448130193580063	0.0063114682999999994	1.6325538177999999
1.8465583486100006	0.007500699833333333	1.62342097004
1.8483036778619948	0.009569735933333332	1.6146134207933331
1.850049007113989	0.011720603	1.6084463642866667
1.8517943363659835	0.012139889666666664	1.60362547897
1.8535396656179781	0.011940269666666666	1.6030083598266665
1.8552849948699723	0.012184320999999998	1.6094775409766664
1.8570303241219668	0.012350281666666666	1.6197925890833331
1.858775653373961	0.013342993333333332	1.6298133804766666
1.8605209826259552	0.016312431666666665	1.638559927003333
1.8622663118779497	0.01894959	1.6431846021
1.8640116411299439	0.020665075999999998	1.6414288529466667
1.865756970381938	0.024464802999999997	1.6360439882633333
1.8675022996339323	0.029421603333333327	1.62896376271
1.8692476288859265	0.030610692	1.6182922370933333
1.8709929581379214	0.029291446333333332	1.6073716912566667
1.8727382873899157	0.030065929999999998	1.6031156096366665
1.8744836166419099	0.03163743533333333	1.6051129492466665
1.876228945893904	0.03115525533333333	1.6086030157900002
1.8779742751458983	0.03137928833333333	1.6144671780666666
1.8797196043978928	0.034053260333333335	1.6234922757866665
1.881464933649887	0.03724375533333333	1.63098702428
1.8832102629018816	0.04122893666666667	1.6338201829933334
1.8849555921538759	0.04674969666666666	1.6327945025333332
1.88670092140587	0.050019256666666664	1.6264200824433335
1.8884462506578648	0.05037265	1.6151279644133334
1.890191579909859	0.052567173333333335	1.6049067552566667
1.8919369091618532	0.05612078333333333	1.5982986970533333
1.8936822384138474	0.05535355333333332	1.5918070099099997
1.8954275676658416	0.05270034999999999	1.5877774448766666
1.8971728969178363	0.05488728	1.5921539431099998
1.8989182261698305	0.05985371666666667	1.6015040434066665
1.900663555421825	0.06196590333333333	1.6076639341566665
1.9024088846738192	0.06371586333333334	1.6111971681833333
1.9041542139258134	0.06844038	1.6149561549433333
1.9058995431778076	0.07296985666666667	1.6154984337266667
1.9076448724298019	0.07492394333333333	1.6106241949833333
1.9093902016817967	0.07639047333333333	1.6041781026466666
1.911135530933791	0.07684323333333333	1.5976753008233333
1.9128808601857852	0.07539256	1.5910605568666665
1.9146261894377794	0.07552057666666667	1.5879830592
1.9163715186897738	0.07819752999999999	1.5894134439533334
1.9181168479417683	0.07853623333333333	1.5898242622633332
1.9198621771937625	0.07740478333333334	1.5891174607833334
1.9216075064457567	0.08104505333333334	1.5928653467366667
1.923352835697751	0.08720721333333332	1.5985132723933333
1.9250981649497452	0.08804785333333333	1.5982597612699998
1.92684349420174	0.08593913333333332	1.5948022459266666
1.9285888234537343	0.08736321999999999	1.5947960999733335
1.9303341527057285	0.08923028	1.5952835875066667
1.9320794819577227	0.08644907999999998	1.5914424161333331
1.933824811209717	0.08291162999999999	1.5870806964766664
1.9355701404617114	0.08213567333333333	1.58524240072
1.9373154697137056	0.08168828666666667	1.5835960706633332
1.9390607989656998	0.08105787666666665	1.5821792274166668
1.9408061282176947	0.08202596999999999	1.5827068675833333
1.9425514574696887	0.08199945	1.5820907822866666
1.9442967867216832	0.07998736333333333	1.5794167589466666
1.9460421159736774	0.07979684000000001	1.5787068497366665
1.9477874452256718	0.08074822666666666	1.57891131481
1.949532774477666	0.07739837	1.5743055848299998
1.9512781037296603	0.07194845	1.5676736223066663
1.953023432981655	0.07046797999999999	1.5658588831333333
1.9547687622336491	0.07085863333333334	1.5671687346633334
1.9565140914856434	0.06809847666666666	1.5668731445466666
1.9582594207376378	0.06501870666666666	1.5677517538966665
1.960004749989632	0.06501254666666666	1.5721916570599999
1.9617500792416263	0.06524147999999999	1.5761224563566665
1.9634954084936205	0.06329605666666666	1.57645475636
1.9652407377456147	0.061076429999999994	1.5743631769266664
1.9669860669976096	0.05870892666666666	1.5693031433466667
1.9687313962496038	0.05533617	1.56151518966
1.970476725501598	0.052596073333333326	1.55508189381
1.9722220547535922	0.05121733333333334	1.5520258643833333
1.9739673840055865	0.04873595	1.55000832831
1.9757127132575811	0.04580471	1.55040559454
1.9774580425095754	0.04552205666666666	1.55649042354
1.9792033717615696	0.046557266666666666	1.56492618104
1.9809487010135638	0.044921529999999994	1.56933693574
1.982694030265558	0.042039133333333326	1.570231800333333
1.9844393595175527	0.04104827	1.5702757172066666
1.9861846887695471	0.040314369999999995	1.5676459135666667
1.9879300180215413	0.03723537333333333	1.5609035811133332
1.9896753472735356	0.033942063333333335	1.5536882749866667
1.9914206765255298	0.03234232333333333	1.5485095108199998
1.9931660057775242	0.031219296666666663	1.5450778998466665
1.9949113350295185	0.029949740000000002	1.5440048000333333
1.9966566642815133	0.02956822666666667	1.54583047468
1.9984019935335076	0.02914368333333333	1.5480466765433332
2.0001473227855016	0.028076339999999998	1.5499232150933333
2.0018926520374962	0.027666979999999997	1.5531872690666666
2.0036379812894904	0.027639863333333334	1.5565870477333332
2.0053833105414847	0.02553850333333333	1.5565789353700001
2.0071286397934793	0.02236521	1.5545155333466667
2.0088739690454736	0.02076739333333333	1.5534489955933335
2.0106192982974678	0.019863747	1.5521702392599999
2.012364627549462	0.017467862333333334	1.54862022784
2.014109956801456	0.015225463333333331	1.5452175621533333
2.0158552860534504	0.014763005333333332	1.544034443863333
2.0176006153054447	0.01479406733333333	1.5441807807266665
2.019345944557439	0.014162150333333333	1.54507286651
2.021091273809433	0.013711808666666667	1.54734539175
2.022836603061428	0.013177409333333334	1.5496678238800001
2.0245819323134224	0.012059722333333332	1.5509839897833333
2.0263272615654166	0.010918657666666666	1.5517835451866668
2.028072590817411	0.010003673333333333	1.5517435572566662
2.029817920069405	0.008385043333333331	1.5494800483466666
2.0315632493213998	0.006746711333333333	1.5465711323633333
2.033308578573394	0.006192171333333333	1.5453991030499998
2.035053907825388	0.006242790666666666	1.5457442974266666
2.036799237077383	0.005915056333333333	1.5463297005666665
2.0385445663293766	0.005840778666666666	1.5477168304933333
2.0402898955813713	0.006089447999999999	1.5494608199666664
2.0420352248333655	0.0061233669999999985	1.5498983772933332
2.0437805540853597	0.006095923566666666	1.5484380973766663
2.045525883337354	0.006447241933333334	1.5456245669333333
2.047271212589348	0.006286308333333332	1.5410917049366666
2.0490165418413424	0.005924587333333333	1.5360865988566665
2.0507618710933366	0.006797632999999999	1.5332364057866665
2.052507200345331	0.008584365	1.5330044591166667
2.054252529597326	0.009281112333333333	1.53345980703
2.05599785884932	0.009668279899999998	1.5350325383266665
2.0577431881013144	0.011526899666666666	1.5386559692733333
2.0594885173533086	0.013842363	1.5420928884533334
2.0612338466053033	0.014560111333333335	1.54228822094
2.0629791758572975	0.014983255566666668	1.5400917054666667
2.0647245051092917	0.016635700666666663	1.5369662361933332
2.0664698343612864	0.018525244	1.53246500806
2.0682151636132806	0.019546932099999997	1.5265618281266669
2.069960492865275	0.020779767666666664	1.5213282517133333
2.071705822117269	0.022399596	1.5176322964366666
2.0734511513692633	0.023792310666666667	1.5156480793966667
2.0751964806212575	0.025226317666666664	1.516172580673333
2.0769418098732517	0.027069300666666664	1.5192953379833334
2.078687139125246	0.028118823999999994	1.5230444611133331
2.080432468377241	0.02870451766666667	1.5269672290299998
2.0821777976292353	0.030453378333333336	1.5315626460666665
2.08392312688123	0.03288564333333333	1.5349979265466667
2.0856684561332237	0.03373257166666666	1.5341194689499997
2.087413785385218	0.03399671833333333	1.5296188603599998
2.0891591146372126	0.035862374333333336	1.5237597135799998
2.090904443889207	0.038130782333333335	1.5165241041899997
2.0926497731412015	0.03816991333333333	1.5075055987233335
2.0943951023931957	0.03749524133333333	1.4999999198833334
2.0961404316451895	0.038438505	1.4971901785833333
2.097885760897184	0.03972118266666666	1.4987852232833334
2.0996310901491784	0.03919876233333333	1.503030135793333
2.1013764194011726	0.03857112733333333	1.5096762112866666
2.103121748653167	0.03954638133333333	1.5172520520833335
2.104867077905161	0.04090041333333333	1.5226514593966667
2.1066124071571553	0.041283543333333325	1.5234862902233335
2.1083577364091495	0.04183114666666666	1.5195782860466667
2.1101030656611446	0.042819119999999995	1.51115459657
2.111848394913139	0.0434456	1.4998241679533333
2.113593724165133	0.04367702999999999	1.4885609985933332
2.1153390534171272	0.04399268333333334	1.4801176609633333
2.1170843826691215	0.043592736666666666	1.4756630367466665
2.118829711921116	0.04286115333333333	1.4767094078599998
2.1205750411731104	0.04314318	1.4837904882566666
2.1223203704251046	0.04424184666666667	1.494821993133333
2.124065699677099	0.04463477666666666	1.5061427574966668
2.1258110289290935	0.04520469	1.5157503666366665
2.1275563581810877	0.047224373333333326	1.52203872557
2.129301687433082	0.049578776666666664	1.5231460043533334
2.131047016685076	0.05037236333333332	1.5182603467466667
2.1327923459370703	0.05047734666666666	1.50935340542
2.1345376751890646	0.051042323333333334	1.4990645128366666
2.1362830044410597	0.051351669999999995	1.4898196869466667
2.138028333693054	0.05030219666666667	1.4836106982600001
2.139773662945048	0.04921970333333334	1.48249922841
2.141518992197043	0.04951613	1.4871026906433333
2.143264321449037	0.05074236666666666	1.49643950894
2.1450096507010312	0.051712673333333334	1.5080625790833333
2.1467549799530254	0.05316327	1.5196848173
2.1485003092050197	0.05555996	1.5288456946166669
2.1502456384570143	0.05777599666666666	1.53336641494
2.1519909677090086	0.05865938	1.5318904822233332
2.1537362969610028	0.058793660000000005	1.5250915030233334
2.155481626212997	0.05813041	1.514348548593333
2.157226955464991	0.056532173333333324	1.5019520664899997
2.1589722847169854	0.05492714	1.49079253777
2.1607176139689797	0.054059076666666664	1.48344586736
2.162462943220974	0.05289712	1.4806088984333332
2.164208272472968	0.05222376666666667	1.4829756038033335
2.1659536017249623	0.05390118333333333	1.49060982207
2.1676989309769574	0.056808363333333334	1.5011657366866666
2.1694442602289516	0.05793767666666667	1.51057315092
2.171189589480946	0.05825674666666667	1.5172338867433333
2.17293491873294	0.05962964333333333	1.5206598147333334
2.1746802479849343	0.06018479333333333	1.5192110724466668
2.176425577236929	0.05748753666666667	1.5117324656733333
2.178170906488923	0.053711923333333335	1.500995886893333
2.179916235740918	0.051218606666666666	1.4904824177133333
2.1816615649929116	0.04913641666666666	1.4816636393066667
2.183406894244906	0.046352486666666665	1.4751921751933335
2.1851522234969005	0.04472707666666667	1.47322178258
2.1868975527488947	0.045405873333333326	1.4765746743400001
2.188642882000889	0.04717827333333333	1.4835833327599999
2.190388211252883	0.048551359999999995	1.4917235406366667
2.1921335405048774	0.04988482	1.4998606946566666
2.1938788697568716	0.05098557666666667	1.5064699426266666
2.1956241990088667	0.050847456666666666	1.5097599059399998
2.197369528260861	0.049053589999999994	1.5088442973333331
2.199114857512855	0.04637242	1.504367828653333
2.20086018676485	0.04269391333333333	1.496703832893333
2.202605516016844	0.038650366666666665	1.4873888579366668
2.2043508452688383	0.03603797	1.4791266086633332
2.206096174520833	0.03525887666666666	1.47366238051
2.207841503772827	0.034435299999999995	1.4707476273466666
2.2095868330248214	0.034493641000000005	1.4719105203533334
2.2113321622768156	0.03760721266666667	1.4787421578133335
2.21307749152881	0.04161274366666667	1.48871248406
2.214822820780804	0.04232401166666667	1.4969696649833333
2.2165681500327983	0.041329147	1.5027347342666666
2.2183134792847925	0.04148884966666667	1.5062538617499999
2.2200588085367867	0.04044035233333333	1.5046640693
2.221804137788781	0.035399274999999994	1.4958239367900001
2.223549467040776	0.02985265226666666	1.48354843097
2.2252947962927703	0.027079435033333335	1.4722689817733334
2.2270401255447645	0.02553241416666667	1.4631481306966665
2.2287854547967587	0.0236194738	1.4568393512266664
2.230530784048753	0.0234043933	1.4558439299266666
2.2322761133007476	0.02551302476666667	1.4602528037
2.234021442552742	0.02796252986666667	1.46734380808
2.235766771804736	0.029257046766666663	1.4742661414866665
2.2375121010567303	0.029771961133333334	1.4795680837699998
2.239257430308725	0.029155084666666668	1.4816066197933333
2.241002759560719	0.027075564333333337	1.4799574422866666
2.2427480888127134	0.023980957666666667	1.4755698530833332
2.2444934180647076	0.020696938999999998	1.4697380065466668
2.246238747316702	0.01713616533333333	1.4628864799966665
2.247984076568696	0.014149385999999996	1.4564264924366666
2.2497294058206903	0.012975007666666665	1.4516491914266667
2.2514747350726845	0.013392329333333331	1.44821841891
2.2532200643246787	0.013683945999999999	1.44478827991
2.254965393576674	0.014455417666666665	1.442435231853333
2.256710722828668	0.016981665666666663	1.44271977672
2.2584560520806622	0.019710315333333332	1.44513529442
2.260201381332657	0.019953276333333332	1.4482017845733335
2.261946710584651	0.019162776	1.4527617550866667
2.2636920398366454	0.01938361	1.45892705132
2.26543736908864	0.01906003053333333	1.46413702598
2.2671826983406342	0.016307394666666666	1.465709486073333
2.2689280275926285	0.013587444666666665	1.4640126777799998
2.2706733568446227	0.012905139666666666	1.45965999466
2.272418686096617	0.012998048	1.4529549899233332
2.274164015348611	0.012725375333333334	1.4452598786066666
2.2759093446006062	0.013550057333333334	1.43922604136
2.2776546738525996	0.015656127	1.4360312921833334
2.279400003104594	0.017768549	1.4361261926533333
2.281145332356588	0.019148486	1.4392855684266666
2.2828906616085836	0.020050189666666662	1.4442079088933335
2.284635990860578	0.019924021	1.4485475022899998
2.286381320112572	0.018883148666666662	1.4515956857999996
2.288126649364566	0.017574017999999997	1.4533426870366668
2.28987197861656	0.016313063666666665	1.4535402328166662
2.291617307868555	0.014691446666666665	1.4520365323433335
2.2933626371205493	0.013559428999999998	1.4503605477266666
2.2951079663725436	0.013698420999999999	1.44944234702
2.2968532956245378	0.014588211333333332	1.4488162244266667
2.2985986248765315	0.01494328133333333	1.4473945148966667
2.300343954128526	0.015337106333333333	1.4453010396366666
2.3020892833805204	0.016478645	1.4425358496566665
2.3038346126325147	0.017523983333333333	1.4390276777166666
2.305579941884509	0.01708606333333333	1.43501825037
2.307325271136503	0.01635070333333333	1.4321175626466665
2.309070600388498	0.016665296666666666	1.43153849544
2.3108159296404924	0.017198056666666666	1.4335915952566665
2.3125612588924866	0.01650894	1.4375440042099998
2.314306588144481	0.01604813	1.4429472053566665
2.316051917396475	0.017147283333333332	1.44867523646
2.3177972466484698	0.018604296333333332	1.4531422090066668
2.319542575900464	0.018850579666666666	1.45478576816
2.321287905152458	0.019305379999999997	1.4537645455233332
2.3230332344044524	0.02100967333333333	1.4506959111699997
2.324778563656447	0.022754993333333334	1.4462091907999999
2.3265238929084413	0.02336568333333333	1.4408509847766666
2.3282692221604355	0.02412917666666667	1.4361972024566665
2.3300145514124297	0.02560431333333333	1.4331905739433335
2.331759880664424	0.027014256666666667	1.4319413461266666
2.333505209916418	0.02794243333333333	1.4320276382733335
2.3352505391684133	0.029178910000000002	1.4336875094066666
2.3369958684204075	0.030481836666666665	1.4365343908266666
2.3387411976724017	0.03167996333333333	1.4399749257833332
2.340486526924396	0.03304809	1.4432753254299997
2.34223185617639	0.034553589999999995	1.4461319673066666
2.343977185428385	0.03523647333333333	1.4476891446233333
2.345722514680379	0.035708229999999994	1.4475371717066665
2.3474678439323733	0.03689158333333333	1.4454496237433334
2.3492131731843675	0.038221696666666666	1.4415517729866665
2.3509585024363617	0.03841110666666667	1.4358197254866667
2.3527038316883564	0.03861547	1.4295293703633334
2.3544491609403506	0.040058916666666666	1.4242736611266666
2.356194490192345	0.041645836666666665	1.4209782889899998
2.357939819444339	0.041533523333333336	1.4194506033966665
2.3596851486963333	0.041143316666666666	1.4206911400766666
2.3614304779483275	0.04221160333333333	1.4253961953033332
2.3631758072003217	0.043274596	1.4318725861966666
2.364921136452316	0.041991129333333335	1.4370074438066667
2.36666646570431	0.04057773566666667	1.4408684280833333
2.3684117949563044	0.04160496833333333	1.4442808807233334
2.3701571242083	0.042936949333333335	1.4451703163399998
2.371902453460294	0.04168823533333333	1.4411836411466665
2.373647782712288	0.040686858666666666	1.4352775729766665
2.375393111964282	0.042431880333333324	1.43076154881
2.3771384412162764	0.04408994833333333	1.4265130114833333
2.3788837704682715	0.04309160566666666	1.4210613903733331
2.3806290997202657	0.04229461333333333	1.4176496037966668
2.38237442897226	0.04321695666666667	1.4181837479233332
2.384119758224254	0.04359319266666667	1.4201781478066664
2.3858650874762484	0.042347042333333335	1.4214634888566664
2.3876104167282426	0.04138224533333333	1.42341243031
2.389355745980237	0.040811899666666665	1.4259700980699999
2.391101075232231	0.03994949033333334	1.4272417563666668
2.3928464044842253	0.03919624873333333	1.4264200722333333
2.3945917337362195	0.03894881573	1.4244533481900001
2.3963370629882146	0.0382576589	1.42122756235
2.398082392240209	0.037721023666666666	1.4171043183933332
2.3998277214922035	0.038251924	1.41327295903
2.4015730507441977	0.038962615	1.4104990431866666
2.403318379996192	0.03818271766666666	1.4083245635433332
2.4050637092481866	0.037087773666666664	1.408043934083333
2.406809038500181	0.037093255666666665	1.411065016226667
2.408554367752175	0.036907302	1.4160012795999999
2.4102996970041692	0.034462262333333334	1.419850815846667
2.4120450262561635	0.03192319766666667	1.42328871933
2.4137903555081577	0.031906367666666664	1.4275081833799999
2.415535684760152	0.032408399633333335	1.4295566035766667
2.417281014012146	0.030379663	1.4260317438533332
2.4190263432641403	0.028842565666666667	1.4202592481333334
2.4207716725161346	0.03074063133333333	1.4161560603799999
2.4225170017681297	0.032582305	1.4118358858833333
2.424262331020124	0.030867250333333335	1.4053590036433334
2.426007660272118	0.02923883933333333	1.4014461123966666
2.4277529895241123	0.030122685666666666	1.4030879918966666
2.4294983187761066	0.030187967	1.4067256806999997
2.4312436480281012	0.02757354533333333	1.4093129587999997
2.4329889772800954	0.025558644	1.41289413021
2.4347343065320897	0.025134043533333334	1.41738662364
2.436479635784084	0.024569876999999997	1.4196109726000001
2.438224965036078	0.023722338199999998	1.4183189026599998
2.4399702942880728	0.023746774999999998	1.4150426230233333
2.441715623540067	0.02384586433333333	1.4098309016166666
2.443460952792061	0.023922456666666665	1.4030640735666666
2.4452062820440554	0.024599243333333333	1.3963857172733332
2.4469516112960497	0.025251173333333335	1.39083453184
2.448696940548044	0.024435926666666666	1.38601636205
2.450442269800038	0.023288653333333333	1.3837053180666665
2.4521875990520323	0.02305558	1.3857581813466666
2.4539329283040274	0.022676893666666663	1.3908098715300001
2.4556782575560216	0.020549839	1.3960596081966665
2.457423586808016	0.018659214333333334	1.4026579138433333
2.4591689160600105	0.019132690666666667	1.4117355302366665
2.4609142453120048	0.020242143999999997	1.41963386522
2.462659574563999	0.019342332666666667	1.4221578467833331
2.464404903815993	0.01908836	1.42190406868
2.466150233067988	0.022058314	1.4217996466433331
2.467895562319982	0.024911504666666667	1.4187735530833332
2.4696408915719763	0.024129378333333333	1.4102965338999998
2.4713862208239705	0.023255808666666662	1.4017169983666666
2.4731315500759647	0.024818122666666664	1.3971194971599998
2.47487687932796	0.025232967999999998	1.3937054283833334
2.476622208579954	0.022349649	1.3895975947766666
2.4783675378319483	0.02005065266666667	1.3888516655233332
2.4801128670839416	0.019888413333333334	1.3926310388633332
2.481858196335936	0.019651355666666665	1.3973567546866665
2.4836035255879314	0.018894138999999997	1.4010399751999998
2.4853488548399256	0.019417590999999998	1.40471814471
2.48709418409192	0.020656237666666667	1.4072054566266665
2.488839513343914	0.02189435666666667	1.4071141403
2.490584842595908	0.023426202999999996	1.4049821367266668
2.492330171847903	0.024840688	1.4014677215466667
2.494075501099897	0.024747147666666663	1.3960906966366666
2.4958208303518914	0.024085254666666667	1.3910608881566664
2.4975661596038856	0.023965227333333332	1.3890199155533332
2.49931148885588	0.02344637833333333	1.3892248696433334
2.501056818107874	0.021173977666666666	1.3895056983633334
2.5028021473598683	0.019094925	1.39186917872
2.5045474766118625	0.019091547333333334	1.39798321454
2.5062928058638567	0.019609142666666666	1.4042216334566666
2.508038135115851	0.018356946533333335	1.4065372812133332
2.509783464367846	0.017931594233333334	1.4080735547866665
2.5115287936198403	0.0208017022	1.4119414396866665
2.5132741228718345	0.023771093433333335	1.414263109353333
2.5150194521238287	0.023294590233333332	1.4114574107533333
2.516764781375823	0.02294007953333333	1.4085932931633334
2.5185101106278176	0.025401243166666664	1.4092648474266665
2.520255439879812	0.026532626633333334	1.4087372172033332
2.522000769131806	0.02342197534	1.4036272974300001
2.5237460983838007	0.020629591623333332	1.3991564352666668
2.525491427635795	0.020564144056666667	1.39815422689
2.527236756887789	0.01999274624333333	1.39667937844
2.5289820861397834	0.017592521566666665	1.39290334315
2.5307274153917776	0.016676517133333332	1.39085115394
2.532472744643772	0.01785924033333333	1.3914700324366667
2.534218073895766	0.0190097279	1.3917667045200002
2.535963403147761	0.019378526666666666	1.3905579497133331
2.5377087323997554	0.019997894333333332	1.3894870431566666
2.5394540616517496	0.020427065666666668	1.3883474086299998
2.541199390903744	0.020139886	1.38672357054
2.542944720155738	0.019194496666666665	1.3855537625566667
2.5446900494077327	0.017994164	1.3858126438933334
2.546435378659727	0.016249881666666664	1.3868919423899997
2.548180707911721	0.014513107333333332	1.3895744346666667
2.5499260371637154	0.013411945999999998	1.3945811612366665
2.5516713664157096	0.012813216333333332	1.3999291043566666
2.5534166956677042	0.011750802	1.4025815939366666
2.5551620249196985	0.011287853666666667	1.4038072571466664
2.5569073541716927	0.012617654	1.4053145748966664
2.558652683423687	0.014398980333333334	1.4047078501633332
2.560398012675681	0.014552272333333333	1.3997718915466666
2.5621433419276762	0.015029878333333333	1.39495329404
2.5638886711796696	0.017404559	1.393863060613333
2.565634000431664	0.018997065333333334	1.39339165605
2.567379329683658	0.017514788333333333	1.3907930628833332
2.5691246589356522	0.016037122666666667	1.3903731182499999
2.570869988187648	0.016330049666666666	1.3941742075099999
2.572615317439642	0.01592201	1.3974886582333332
2.5743606466916362	0.013653523333333334	1.39725545829
2.57610597594363	0.012559866666666666	1.3970285531199997
2.5778513051956247	0.013514174666666667	1.3979400015966665
2.5795966344476193	0.014595615333333332	1.396421464763333
2.5813419636996136	0.014987724000000001	1.3909925223366666
2.5830872929516078	0.015956324666666667	1.3848261491866665
2.584832622203602	0.017174281	1.3790554766999998
2.586577951455596	0.017724372999999998	1.37256370276
2.5883232807075904	0.017436219	1.3658155280466666
2.5900686099595847	0.016883079	1.3613392993966666
2.591813939211579	0.015802863	1.359693533483333
2.593559268463574	0.014585461000000001	1.36081972496
2.595304597715568	0.013786440666666665	1.36505620763
2.5970499269675624	0.013375722666666666	1.3720484576866667
2.598795256219557	0.012546462666666664	1.3797547942800001
2.6005405854715513	0.012260669000000002	1.3879738602833334
2.6022859147235455	0.013434916333333333	1.396810180393333
2.6040312439755398	0.014972232499999998	1.4038794650266664
2.6057765732275344	0.015290596666666666	1.40637210199
2.6075219024795286	0.016143001666666663	1.4062396323333335
2.609267231731523	0.018746896266666667	1.4053692160599998
2.611012560983517	0.020890453233333335	1.4013210416500002
2.6127578902355113	0.020629148166666667	1.3923405843633332
2.6145032194875055	0.0204663	1.3831378642433334
2.6162485487394997	0.021732370166666667	1.3772018588499997
2.617993877991494	0.022115664333333333	1.3722311893366665
2.619739207243488	0.020381988	1.3668216794099997
2.6214845364954824	0.019458759333333332	1.3654797396699998
2.6232298657474775	0.020504599666666665	1.3698264548766668
2.6249751949994717	0.02162292333333333	1.3752648112999997
2.626720524251466	0.021885912666666667	1.37836276688
2.62846585350346	0.02313985366666666	1.3812401704466666
2.6302111827554544	0.02544374366666667	1.3839165544866667
2.631956512007449	0.027210270999999998	1.38275183576
2.6337018412594433	0.027820481999999997	1.376624834983333
2.6354471705114375	0.028246752666666666	1.3692644122366666
2.6371924997634317	0.028171933333333333	1.3625110270266667
2.638937829015426	0.02743739233333333	1.3558535652833332
2.6406831582674206	0.026653314666666667	1.3500335943833335
2.642428487519415	0.026043804999999996	1.34720300635
2.644173816771409	0.024670698999999994	1.3470206713766668
2.6459191460234033	0.02374763433333333	1.34895522292
2.6476644752753975	0.024650221	1.3533424465633335
2.6494098045273917	0.02589734166666667	1.3595889928166667
2.651155133779386	0.025492835666666665	1.3658293006733333
2.652900463031381	0.025972076666666667	1.3731408752733334
2.6546457922833753	0.029159735666666665	1.3824792362566667
2.6563911215353695	0.03191876433333333	1.3908371975233333
2.658136450787364	0.031616038	1.3947382910933332
2.6598817800393584	0.03190727733333333	1.3962302904600001
2.6616271092913526	0.03488230899999999	1.3967577216566665
2.663372438543347	0.036522529666666664	1.3926118479633331
2.665117767795341	0.03419827533333333	1.3816637424833333
2.6668630970473353	0.032625006666666664	1.3699342839000002
2.66860842629933	0.034470192999999996	1.3620422794466667
2.6703537555513237	0.035435328333333335	1.3550391478866666
2.6720990848033184	0.03284105066666666	1.3469143747366668
2.673844414055312	0.03194239933333333	1.3436432962433333
2.6755897433073077	0.035366681999999997	1.3477378607533332
2.677335072559302	0.037877875	1.3523726261099998
2.679080401811296	0.036311756	1.3528454503399998
2.6808257310632904	0.036024769666666664	1.3544494462799999
2.6825710603152837	0.039271327999999994	1.35965570385
2.6843163895672792	0.04067885033333333	1.3625337157766666
2.6860617188192735	0.037820882	1.3605935432499998
2.6878070480712677	0.03611154466666666	1.3606384180466666
2.689552377323262	0.037372006666666666	1.3651746490766663
2.691297706575256	0.03736555033333333	1.36842308607
2.6930430358272504	0.034803489666666666	1.3675682129633335
2.694788365079245	0.03380371066666667	1.3672038593466667
2.696533694331239	0.035135325333333335	1.3683494370433333
2.6982790235832335	0.03601512033333333	1.3669071919966669
2.7000243528352272	0.035754214666666666	1.36214864682
2.701769682087222	0.036567858999999994	1.3588096473799998
2.703515011339216	0.03839018499999999	1.35841864693
2.7052603405912103	0.03979179966666667	1.3586949831866666
2.7070056698432046	0.040465239	1.3587500753666664
2.708750999095199	0.04126018133333333	1.3600785534666664
2.710496328347194	0.04160747299999999	1.3615630782833332
2.712241657599188	0.041378703	1.3612363657633333
2.7139869868511823	0.041167879	1.3591319003566664
2.7157323161031766	0.040851687666666664	1.3564614638266665
2.7174776453551712	0.039259705	1.35322623379
2.7192229746071654	0.03805706966666666	1.3513062762266665
2.7209683038591597	0.039026874999999996	1.3527987803966668
2.722713633111154	0.04007962899999999	1.356290587713333
2.7244589623631486	0.038752219666666664	1.35882521554
2.7262042916151423	0.038557007	1.3619920629966664
2.727949620867137	0.04177544166666667	1.3666192088066664
2.729694950119131	0.043800448	1.3681783676133332
2.7314402793711254	0.041452836333333326	1.3638712462666667
2.7331856086231197	0.04012017033333333	1.35948342632
2.734930937875114	0.04240604966666667	1.3589468289633333
2.736676267127109	0.04269109533333333	1.3583074180333332
2.738421596379103	0.038282456666666666	1.3553120391600002
2.7401669256310974	0.035575773333333324	1.3558384231066665
2.7419122548830916	0.03718366733333333	1.36155655357
2.743657584135086	0.03742277233333333	1.3651542962466667
2.7454029133870805	0.03375010866666667	1.3624838127033332
2.7471482426390748	0.032445459999999995	1.35963492311
2.748893571891069	0.03600023133333333	1.3597188687266666
2.750638901143063	0.03845911	1.3573164908666666
2.7523842303950574	0.036818734666666665	1.35048146669
2.754129559647052	0.037372101	1.3471420105566665
2.755874888899046	0.042554348	1.35029123618
2.7576202181510405	0.04570513633333333	1.3524075476066666
2.7593655474030343	0.043652751999999996	1.3493706015166667
2.761110876655029	0.043109174666666666	1.3475913763666665
2.762856205907024	0.04633811933333332	1.3491990382733334
2.7646015351590183	0.04690399566666667	1.34783550388
2.7663468644110116	0.042717192333333334	1.3422922003233335
2.768092193663006	0.040338114333333334	1.3408501248400002
2.769837522915	0.041387938	1.3462802185299998
2.7715828521669956	0.04088813966666666	1.3530832014166667
2.77332818141899	0.03783313733333333	1.3588266768333335
2.775073510670984	0.036786117333333326	1.3668655247233332
2.7768188399229783	0.038121936999999995	1.3757706689
2.7785641691749725	0.038651122999999996	1.3797892971333332
2.780309498426967	0.03781440266666666	1.3771907082566666
2.782054827678961	0.037959767000000005	1.3715995780299999
2.7838001569309556	0.03893992633333333	1.3645513760666665
2.7855454861829494	0.039325674666666664	1.35573699105
2.787290815434944	0.03895434	1.3466666572699997
2.7890361446869383	0.03896179266666666	1.3404692311499997
2.7907814739389325	0.039034081666666665	1.33732972412
2.7925268031909276	0.03891115233333334	1.3361530845533331
2.794272132442922	0.038912932666666664	1.3365234909633332
2.796017461694916	0.039169439	1.3382474433799998
2.7977627909469107	0.03877844	1.34003116504
2.799508120198905	0.03876159666666666	1.3427188812999997
2.801253449450899	0.04021405533333333	1.34763211834
2.8029987787028934	0.04157364733333333	1.3534901690133332
2.8047441079548876	0.04095106266666667	1.3581599427466664
2.8064894372068823	0.041177527	1.3635940632733332
2.808234766458876	0.044005004	1.37028707221
2.8099800957108707	0.045628286	1.3732980838466666
2.8117254249628645	0.04349219133333333	1.3692241970499999
2.813470754214859	0.042553922333333334	1.3627693492066666
2.8152160834668534	0.04508202533333333	1.3569433205233334
2.8169614127188476	0.045630921	1.348024187703333
2.818706741970842	0.041651768	1.3354392108866666
2.820452071222836	0.03966810366666666	1.3275162516899999
2.8221974004748303	0.04206319	1.32795054826
2.8239427297268254	0.04242901666666666	1.3307062416233333
2.8256880589788196	0.03824087033333333	1.3325320726433332
2.827433388230814	0.03658750833333333	1.3392768478400001
2.829178717482808	0.03970694333333333	1.351620772143333
2.8309240467348022	0.040714463333333326	1.36088479847
2.832669375986797	0.03704395666666666	1.3631608696133333
2.834414705238791	0.03602780666666667	1.3655341608066665
2.8361600344907854	0.03991562333333333	1.3703664588566666
2.8379053637427796	0.04154740999999999	1.3704204166266667
2.839650692994774	0.038290403333333334	1.3633479819433332
2.841396022246768	0.037807146666666666	1.35768170075
2.8431413514987627	0.04243627333333334	1.3562315648566667
2.8448866807507565	0.04463024	1.3514642981933331
2.846632010002751	0.04167062333333334	1.3411521540699998
2.8483773392547453	0.04153751333333333	1.3343927060266667
2.8501226685067405	0.04643256666666666	1.3343230449066665
2.8518679977587347	0.04843501333333333	1.3337383016433333
2.853613327010729	0.04498048999999999	1.3307388876233333
2.855358656262723	0.04409253333333333	1.3336217308933334
2.8571039855147173	0.04761044666666667	1.34367054292
2.858849314766712	0.048049063333333336	1.3522023545233335
2.8605946440187062	0.04360617666666666	1.3558797733399999
2.8623399732707004	0.04170352333333333	1.3607293243266665
2.8640853025226947	0.043649759999999996	1.3670177471933331
2.865830631774689	0.04332936	1.3680076042566667
2.8675759610266836	0.03966288333333333	1.3626481407599997
2.8693212902786778	0.03846205666666667	1.3576547530899998
2.871066619530672	0.04041544666666667	1.3547409533266666
2.872811948782666	0.040940939999999995	1.3499925110366666
2.87455727803466	0.039125999999999994	1.34321660104
2.8763026072866555	0.0392031	1.3395015438933333
2.8780479365386498	0.041679400000000005	1.3397156150933331
2.879793265790644	0.04295976333333333	1.3404651774933334
2.881538595042638	0.042033753333333326	1.3411157029733334
2.8832839242946324	0.04237755333333333	1.3451217337666663
2.885029253546627	0.04436851333333333	1.3523045729266667
2.8867745827986213	0.04490014666666667	1.3591018587966666
2.8885199120506155	0.04338442666666667	1.3639483192699997
2.8902652413026098	0.04282361999999999	1.3679630366233333
2.892010570554604	0.04316929333333334	1.36966314885
2.893755899806598	0.042759570000000004	1.3672526329933332
2.895501229058593	0.042170803333333326	1.3614727035799998
2.8972465583105866	0.04262848	1.3540061126433331
2.8989918875625813	0.04300577666666667	1.3452270833499997
2.900737216814575	0.04383514	1.3376115187666664
2.9024825460665697	0.04604214666666667	1.3332881624666668
2.904227875318564	0.04771283999999999	1.3308429198199998
2.905973204570558	0.04705402	1.32849198175
2.9077185338225524	0.04688493	1.3288223644266666
2.9094638630745466	0.04813247	1.33252317501
2.9112091923265417	0.04754550666666667	1.3360416230399998
2.912954521578536	0.04416680333333334	1.3382926070099999
2.91469985083053	0.04197856333333333	1.34395078919
2.916445180082525	0.04181257666666666	1.3540650570766666
2.918190509334519	0.04047182333333333	1.3637423490733334
2.9199358385865133	0.037043933333333334	1.3699499252666665
2.921681167838508	0.035410609999999995	1.3754951256666665
2.9234264970905017	0.036829926666666665	1.3799179158266668
2.9251718263424964	0.03760772333333333	1.3772224236066668
2.92691715559449	0.03590631333333333	1.3657082219666665
2.928662484846485	0.037018716666666666	1.3534972127
2.930407814098479	0.043069383333333336	1.3454270600533331
2.9321531433504733	0.04743144999999999	1.337083579293333
2.9338984726024675	0.04675655666666666	1.3274964270466665
2.9356438018544617	0.048653993333333326	1.325642364813333
2.937389131106457	0.05503345	1.33288602906
2.939134460358451	0.05640104666666666	1.3381904832733333
2.9408797896104453	0.05015955	1.3372680223533333
2.9426251188624395	0.046431509999999995	1.3392733805966668
2.9443704481144337	0.04726672333333333	1.3461954254066666
2.9461157773664284	0.04385884666666666	1.3491830598033332
2.9478611066184226	0.03530415666666667	1.3474035688033332
2.949606435870417	0.03112012	1.3512692037833332
2.951351765122411	0.032618963333333334	1.3616950141966666
2.9530970943744053	0.031877876666666666	1.3678116097266666
2.9548424236264	0.02728765	1.3656100765133332
2.956587752878394	0.027073223333333334	1.3632445605866668
2.9583330821303884	0.0331906	1.3625089667266668
2.960078411382382	0.03721240666666666	1.35494762231
2.961823740634377	0.03616256999999999	1.3402073992633332
2.963569069886372	0.03985928	1.33196708376
2.965314399138366	0.05072951333333334	1.3348308466566667
2.9670597283903604	0.05659192333333333	1.33758190745
2.9688050576423537	0.053330670000000004	1.3361797940299998
2.970550386894349	0.05341068	1.34153942558
2.9722957161463435	0.05901314333333333	1.3538121762766666
2.9740410453983377	0.056919773333333326	1.3585943463333332
2.975786374650332	0.04565672999999999	1.3535677703366666
2.977531703902326	0.03938376666666667	1.3528504382933333
2.9792770331543204	0.039996569999999995	1.35921924115
2.981022362406315	0.03642165333333333	1.3617020356566665
2.982767691658309	0.028074870000000002	1.3589641639533332
2.9845130209103035	0.02567807	1.3615088632399996
2.9862583501622977	0.029798913333333333	1.3688260587233334
2.988003679414292	0.030858893333333335	1.3689944042766666
2.989749008666286	0.02708098333333333	1.3596958473966665
2.9914943379182812	0.028097409999999996	1.3523901436833334
2.9932396671702755	0.03605983333333333	1.3507212629199998
2.9949849964222697	0.040747269999999995	1.3459566945800001
2.996730325674264	0.03894952333333333	1.33722423582
2.9984756549262586	0.04230716666666666	1.3372805528933331
3.000220984178253	0.052875679999999994	1.34772915464
3.001966313430247	0.05649860333333333	1.3543419286266665
3.0037116426822412	0.04990265	1.3531186652633331
3.0054569719342354	0.04752402666666666	1.3564541725133332
3.00720230118623	0.05125408666666667	1.3655029127833331
3.008947630438224	0.047791673333333326	1.36780804617
3.0106929596902186	0.03703665	1.3629885729833333
3.0124382889422123	0.032917343333333335	1.3640189927466668
3.014183618194207	0.03602178	1.3711917375399998
3.015928947446201	0.03545072333333333	1.3728868621599999
3.0176742766981954	0.030583489999999994	1.367370986
3.0194196059501897	0.030701533333333336	1.36395931573
3.021164935202184	0.035851806666666666	1.36322254063
3.022910264454178	0.037155836666666664	1.35695088798
3.024655593706173	0.03308638666666666	1.345239223103333
3.0264009229581674	0.033165419999999994	1.339080193513333
3.0281462522101616	0.03944632666666666	1.3408304625466667
3.029891581462156	0.04167932333333333	1.3408356676666666
3.03163691071415	0.03715038	1.3366048644100001
3.0333822399661448	0.03759732333333333	1.3383225957399998
3.035127569218139	0.044527316666666664	1.34688272755
3.036872898470133	0.04480357	1.3511847650299997
3.0386182277221274	0.036863059999999996	1.3506199955866667
3.040363556974122	0.0343343	1.3576631490233333
3.042108886226116	0.038155676666666666	1.3732015039433332
3.0438542154781105	0.036852243333333326	1.3861704880666665
3.0455995447301047	0.030730300000000002	1.3945303167366667
3.047344873982099	0.03071989	1.4055298951766666
3.049090203234093	0.03628661	1.4163450068333332
3.0508355324860883	0.03818188	1.4167647543833333
3.0525808617380825	0.03565565666666666	1.40591785228
3.0543261909900767	0.036629369999999994	1.3928247140066667
3.056071520242071	0.04155413333333333	1.3803737486199998
3.057816849494065	0.04239547333333333	1.3643460905033333
3.05956217874606	0.03766681333333333	1.3464586617733334
3.061307507998054	0.03685789666666667	1.3365799253633333
3.0630528372500487	0.04162344999999999	1.33598921573
3.0647981665020425	0.04154939	1.3353138571133334
3.0665434957540367	0.03480146	1.3317375574666666
3.0682888250060314	0.033063043333333327	1.3331827525266666
3.0700341542580256	0.03715088333333333	1.3397756203266664
3.07177948351002	0.03556064666666666	1.3435366930466668
3.073524812762014	0.028180003333333332	1.346331429903333
3.075270142014008	0.026520887999999996	1.3596826079233333
3.0770154712660034	0.03030024	1.3851015421499997
3.0787608005179976	0.03022445333333333	1.4147599059233331
3.080506129769992	0.02664693933333333	1.4455612498566668
3.082251459021986	0.027669637	1.4783750017100001
3.0839967882739803	0.032715166	1.50529955368
3.085742117525975	0.03456092933333333	1.5134979897333332
3.087487446777969	0.03241396033333333	1.4986664741066669
3.0892327760299634	0.033566263666666665	1.4679397792733333
3.0909781052819576	0.03894137633333333	1.42831582902
3.092723434533952	0.040398980333333334	1.3842898157433332
3.094468763785946	0.03619542033333333	1.3462712413766664
3.0962140930379407	0.036210815	1.3296673625733333
3.0979594222899345	0.041654685	1.336996694133333
3.099704751541929	0.041429377	1.35528177248
3.101450080793923	0.034444128	1.3728152663333333
3.1031954100459176	0.032812624	1.3857002936633331
3.104940739297912	0.036727659999999995	1.38660120802
3.106686068549906	0.034917366333333325	1.3698220302833333
3.1084313978019003	0.027829874666666664	1.34749604436
3.1101767270538954	0.026284910333333335	1.3457996548166666
3.1119220563058896	0.02956218833333333	1.3826009054133332
3.113667385557884	0.028691344	1.4605789240633333
3.1154127148098785	0.024007667	1.5725298673466668
3.1171580440618727	0.023922865666666668	1.6998469210099998
3.118903373313867	0.02858655033333333	1.8060409300600002
3.120648702565861	0.029868706999999998	1.84862040867
3.122394031817856	0.026518883333333333	1.8047670894333332
3.1241393610698496	0.02837245666666667	1.6859891888366665
3.1258846903218442	0.03750585333333333	1.5285679441066666
3.127630019573838	0.04151949333333333	1.3838568761499999
3.1293753488258327	0.03716050666666666	1.3182522883933334
3.131120678077827	0.04078296333333333	1.3972423701299999
3.132866007329821	0.056300553333333336	1.6445751127866668
3.1346113365818153	0.061448260000000005	2.023434384143333
3.1363566658338096	0.050376656666666665	2.4642792660666664
3.1381019950858047	0.05232362333333333	2.8895200543433335
3.139847324337799	0.08346603999999999	3.212425694003333
3.141592653589793	0.12498514666666666	3.3578226851233333