# O(3P)+CO2(000; j=0) -> O(3P)+CO2(000; j') scattering, statistically averaged (3A2+3B2+3B1) potential energy surfaces
# Differential cross sections; packaged by M. Gacesa (marko.gacesa@nasa.gov), Apr 30 2019
# E = 0.773661 eV
# theta(rad)                 elastic DCS                total DCS (both in units of 1E-16 cm^2/Sr)
0.	1.801967e6	1.8446329825356533e6
0.0017453292519943296	1.4698507666666666e6	1.5023670264399997e6
0.003490658503988659	837481.0999999999	853559.6645839999
0.005235987755982989	387585.93333333335	395368.7387036667
0.006981317007977318	167087.63333333333	171499.8647503333
0.008726646259971648	66683.54333333333	69432.08883159999
0.010471975511965978	30682.883333333335	33500.92960823333
0.012217304763960305	23324.462666666663	26731.67940627333
0.013962634015954637	21834.165666666664	25396.435279560003
0.015707963267948967	20235.78	23348.68998888
0.017453292519943295	16424.714	18642.945284836667
0.019198621771937624	11030.220333333333	12528.563882816667
0.020943951023931956	7419.605333333333	8809.69284457
0.02268928027592628	6182.841333333332	7838.852084236665
0.02443460952792061	6095.500333333333	7977.447516663333
0.02617993877991494	6260.8859999999995	8079.964129800001
0.027925268031909273	5624.092333333334	7077.74198055
0.029670597283903602	4106.630333333333	5174.9013613
0.031415926535897934	2772.7736666666665	3714.7765730866668
0.03316125578789226	2127.5500999999995	3181.2217910033332
0.03490658503988659	2066.9530666666665	3281.711229203333
0.03665191429188092	2310.4887	3560.989346313333
0.03839724354387525	2304.019033333333	3392.938373151667
0.040142572795869566	1824.5910333333334	2662.751286243
0.04188790204786391	1215.834	1890.8589719353333
0.043633231299858244	781.3621666666666	1439.6469314709998
0.04537856055185256	640.6329000000001	1367.369904108
0.047123889803846894	773.9123999999999	1552.261303343
0.04886921905584122	919.9273666666666	1653.353195482
0.05061454830783555	859.8035999999998	1465.136004944
0.05235987755982988	641.0167	1123.4477141293332
0.054105206811824215	389.4421333333333	816.971226586
0.05585053606381855	222.66705333333334	661.0276247873333
0.05759586531581287	223.74811666666665	693.3346583539999
0.059341194567807204	323.5079033333333	788.0286388516666
0.061086523819801536	385.79846	789.6727727236666
0.06283185307179587	362.22366666666665	685.558409975
0.0645771823237902	265.34603	534.9249699983333
0.06632251157578452	144.54223	405.6592752453333
0.06806784082777885	80.940226	364.88544145900005
0.06981317007977318	97.87733333333333	399.6405670663333
0.0715584993317675	145.93494666666663	430.899408977
0.07330382858376185	179.18732	417.4259606533333
0.07504915783575618	171.76809333333335	362.1577481593334
0.0767944870877505	120.33800666666664	287.1425125056667
0.07853981633974483	63.50204166666666	238.12186023966666
0.08028514559173913	40.004776666666665	237.9423978683333
0.08203047484373349	48.146556666666655	257.0675788653333
0.08377580409572782	69.57519666666667	262.58690892100003
0.08552113334772216	85.26052	243.97765691666666
0.08726646259971649	77.32345	203.54686778399997
0.08901179185171079	51.25898333333333	165.0294767281
0.09075712110370512	29.727314333333332	155.15708540503334
0.09250245035569944	21.845149999999997	168.2861041638
0.09424777960769379	25.05925	181.71110321233334
0.09599310885968812	34.78100333333333	181.613306325
0.09773843811168244	39.51710333333333	161.1589345613333
0.09948376736367677	33.05914333333333	128.41681145686664
0.1012290966156711	23.28233666666667	106.1796461602
0.10297442586766543	16.157659666666664	104.0718639895
0.10471975511965977	12.120223333333332	113.69138333909999
0.10646508437165408	13.765894333333335	125.69701588336666
0.10821041362364843	18.569574666666668	129.4991427695333
0.10995574287564276	20.161659999999998	118.18889857473332
0.1117010721276371	19.365086666666667	100.17284390006667
0.11344640137963143	17.986705333333333	86.31037281623334
0.11519173063162574	14.269167	78.6408639143
0.11693705988362009	11.157297666666667	78.67150635983333
0.11868238913561441	11.61106033333333	84.56238490673333
0.12042771838760875	12.7636372	87.84573761463332
0.12217304763960307	14.067942000000002	85.8287059697
0.12391837689159738	16.592163666666664	81.54255457706667
0.12566370614359174	17.266255333333334	74.97905235486667
0.12740903539558604	15.978962333333332	68.50993669486667
0.1291543646475804	15.846665000000002	66.1421215944
0.13089969389957473	15.522188666666665	65.2347162621
0.13264502315156904	13.901550666666667	62.97081156030001
0.1343903524035634	13.474750333333334	61.251397284566664
0.1361356816555577	13.823878666666666	59.805746034833334
0.13788101090755206	14.033283666666666	58.2802416713
0.13962634015954636	15.974068333333335	59.03102973946666
0.1413716694115407	18.207681333333333	60.329975047766666
0.143116998663535	17.52583333333333	58.44113793093332
0.14486232791552936	15.223523333333333	54.486533336399994
0.1466076571675237	12.951690333333334	50.18937292356666
0.148352986419518	10.694637666666667	46.10915402166667
0.15009831567151236	10.271096333333332	44.81984447733333
0.15184364492350666	12.070257333333334	46.773298290566665
0.153588974175501	13.248613333333333	48.75475538586666
0.15533430342749535	13.099476666666664	49.596069515833335
0.15707963267948966	12.47336	49.3984862177
0.158824961931484	10.683306666666667	47.1471404292
0.16057029118347826	8.225760333333334	43.76138218373333
0.16231562043547265	6.806068	41.226504551366666
0.16406094968746698	6.193245999999999	39.495948258733335
0.16580627893946132	6.003367333333334	38.711672511033335
0.16755160819145565	6.624046999999999	39.422669000133325
0.16929693744344992	7.059184666666667	40.40398786233333
0.1710422666954443	6.274942666666666	40.58763001583333
0.17278759594743864	4.978134333333333	40.300684536666665
0.17453292519943298	3.759475333333333	39.37757043573333
0.17627825445142725	2.7723479999999996	37.84494565566666
0.17802358370342158	2.512877233333333	36.50157323573333
0.17976891295541597	2.818861666666667	35.3838271386
0.18151424220741025	2.941452	34.26450044043333
0.18325957145940458	2.7966226666666665	33.618445377499995
0.18500490071139888	2.4798016666666665	33.4490370699
0.18675022996339324	1.989205333333333	33.47164622376667
0.18849555921538758	1.6395914333333332	33.7589266556
0.1902408884673819	1.6331129666666666	33.94261419103333
0.19198621771937624	1.8232494999999997	33.48478942233333
0.19373154697137057	2.1453612999999994	32.583005571466664
0.19547687622336488	2.3939909999999998	31.4371249557
0.19722220547535924	2.3720236666666663	30.2003599663
0.19896753472735354	2.2497013333333333	29.4129308869
0.2007128639793479	2.1695233333333332	29.205504159566665
0.2024581932313422	2.1067646666666664	29.167374053466666
0.20420352248333656	2.2558606666666665	29.2335997929
0.20594885173533087	2.635757	29.297164834333334
0.20769418098732523	3.013389	29.033753214399997
0.20943951023931953	3.355644	28.5281660367
0.2111848394913139	3.6197386666666667	27.9633748567
0.21293016874330817	3.5726163333333334	27.2173203602
0.21467549799530256	3.3571136666666668	26.474097046233332
0.21642082724729686	3.2811419999999996	26.022045585033332
0.2181661564992912	3.336648333333333	25.751057004733333
0.21991148575128552	3.4790103333333335	25.5422468966
0.22165681500327983	3.758369666666667	25.445027513966668
0.2234021442552742	3.992597	25.30712499886667
0.22514747350726852	4.050982666666666	25.031510182266665
0.22689280275926285	4.026024	24.6961035816
0.22863813201125716	3.924711333333333	24.276165902899997
0.2303834612632515	3.6821563333333325	23.712681109966667
0.23212879051524585	3.4500909999999996	23.14685059393333
0.23387411976724018	3.3698059999999996	22.7154942545
0.23561944901923448	3.3897553333333335	22.4455332915
0.23736477827122882	3.410762333333333	22.293006277266663
0.23911010752322315	3.403764	22.2100163809
0.2408554367752175	3.3069903333333333	22.120983833300002
0.24260076602721184	3.093705	21.929110704733333
0.24434609527920614	2.850638	21.58407725636667
0.24609142453120048	2.6651423333333337	21.150347733433335
0.24783675378319475	2.4831519999999996	20.648813882699997
0.24958208303518917	2.3202706666666666	20.144094593633334
0.25132741228718347	2.274267333333333	19.817535397733334
0.2530727415391778	2.268366666666666	19.69030589153333
0.2548180707911721	2.1457976666666667	19.58595331273333
0.25656340004316636	1.9758176666666665	19.502223989466664
0.2583087292951608	1.8180446666666665	19.434677968133332
0.26005405854715513	1.6368843333333332	19.231916317299998
0.26179938779914946	1.5284818333333332	18.907627985399998
0.2635447170511437	1.5426183666666669	18.5597776054
0.26529004630313807	1.4944623	18.097020757399996
0.26703537555513246	1.3826872	17.61764444
0.2687807048071268	1.3472900666666665	17.365242600866665
0.270526034059121	1.3054820333333332	17.280272580066665
0.2722713633111154	1.1888253666666666	17.2325754128
0.2740166925631097	1.1288570999999998	17.270553766599996
0.2757620218151041	1.0990439333333333	17.2622382676
0.27750735106709834	1.0484959	17.083898443533332
0.2792526803190927	1.0891015999999998	16.863461329333333
0.280998009571087	1.1741184333333332	16.605423254166666
0.2827433388230814	1.1352503666666667	16.2134656904
0.2844886680750758	1.0563174000000002	15.868442457333334
0.28623399732707	1.0204330333333334	15.6864301228
0.28797932657906433	0.9762242999999999	15.594629893799999
0.2897246558310587	0.9791584666666664	15.636179185633333
0.291469985083053	1.0655457999999998	15.779733646366667
0.2932153143350474	1.1091858333333333	15.798160721566667
0.29496064358704166	1.1176289	15.6920545753
0.296705972839036	1.1494568333333333	15.544967407300001
0.2984513020910303	1.1395461999999998	15.289572263966665
0.3001966313430247	1.1008029	14.996470705133333
0.301941960595019	1.112361733333333	14.802733194599998
0.3036872898470133	1.1164166999999998	14.62617350613333
0.30543261909900765	1.1260945666666666	14.499698048766668
0.307177948351002	1.2089459333333332	14.543038528099999
0.3089232776029963	1.2843003666666668	14.6206206321
0.3106686068549907	1.3041559999999999	14.617297371933333
0.312413936106985	1.3294312333333331	14.59390827653333
0.3141592653589793	1.2977264333333332	14.446359749733332
0.31590459461097364	1.2198802	14.159406214999999
0.317649923862968	1.2451304666666667	13.953243474799999
0.3193952531149623	1.3354035	13.822386011966666
0.32114058236695653	1.3757989333333331	13.6413964652
0.32288591161895097	1.4313806	13.542523850833334
0.3246312408709453	1.4686850666666666	13.532640266099998
0.32637657012293964	1.4104746666666668	13.477844514566666
0.32812189937493397	1.3847084333333335	13.469739106266667
0.32986722862692824	1.4205178666666667	13.5038464214
0.33161255787892263	1.369526833333333	13.357032913266666
0.3333578871309169	1.3215058	13.125756161433333
0.3351032163829113	1.3865653333333334	12.994320765566664
0.3368485456349056	1.434421	12.856876293033332
0.33859387488689985	1.4385819999999998	12.712824822166667
0.34033920413889424	1.462453	12.671095782966667
0.3420845333908886	1.3782073333333333	12.5777878854
0.3438298626428829	1.2131167333333333	12.412303114133332
0.3455751918948773	1.1748013666666666	12.367747729766666
0.34732052114687156	1.2080031	12.349401566966666
0.34906585039886595	1.1846954333333333	12.2052268951
0.3508111796508603	1.1963770666666667	12.076400050866667
0.3525565089028545	1.2126453333333334	11.974498767900002
0.3543018381548489	1.1333014	11.816396961933332
0.35604716740684317	1.0602133333333332	11.731057157766665
0.35779249665883756	1.0125318333333333	11.711849962499999
0.35953782591083194	0.8678821333333333	11.567122930166665
0.3612831551628262	0.7339763000000001	11.383841830033333
0.3630284844148205	0.7293627666666667	11.278536288059998
0.3647738136668149	0.7525462999999999	11.149458272633334
0.36651914291880916	0.77129823	11.021584846286666
0.36826447217080355	0.81142699	10.974428624586666
0.37000980142279777	0.7546941166666667	10.883184951029998
0.3717551306747922	0.6110730233333332	10.76178297281
0.3735004599267865	0.51902826	10.740609299613334
0.3752457891787809	0.4544297666666666	10.720631652016666
0.37699111843077515	0.38183223333333327	10.616785629439999
0.3787364476827695	0.3874025666666666	10.523549719666665
0.3804817769347638	0.43104549999999997	10.402196533343332
0.38222710618675815	0.4473876333333333	10.231215819906666
0.3839724354387525	0.4889361666666666	10.15282216061
0.38571776469074687	0.5172117333333334	10.142893433273333
0.38746309394274114	0.4483318333333333	10.077948698036666
0.3892084231947355	0.37225336666666664	10.03749375304
0.39095375244672975	0.3456418333333333	10.037225528253332
0.39269908169872414	0.33509136666666667	9.98202277735
0.39444441095071847	0.39309639999999996	9.932183595749999
0.3961897402027128	0.5149699999999999	9.907508085813333
0.3979350694547071	0.5698928	9.780363751543334
0.39968039870670136	0.5752611333333333	9.625242513109999
0.4014257279586958	0.6013527333333333	9.570543920273334
0.4031710572106902	0.5956343666666666	9.5368119689
0.4049163864626844	0.5764326	9.504112234813332
0.4066617157146788	0.6236100333333332	9.535807217956666
0.4084070449666731	0.6725888666666666	9.524114637179999
0.41015237421866746	0.7127515666666666	9.446562853083332
0.41189770347066174	0.8280733333333333	9.432614896986665
0.413643032722656	0.9392584999999999	9.422041717533332
0.41538836197465046	0.9398545666666666	9.311531325596665
0.4171336912266447	0.9095379333333332	9.213836333406666
0.41887902047863906	0.8805954	9.162318231526665
0.42062434973063334	0.8304038	9.098137370233333
0.4223696789826278	0.8498771	9.0999132049
0.4241150082346221	0.9489703666666667	9.165662607683332
0.42586033748661634	0.9987940333333333	9.14676584083
0.4276056667386108	1.0182826333333335	9.087621364296666
0.4293509959906051	1.0665566666666666	9.082923234499999
0.43109632524259933	1.0598842666666668	9.048726582643333
0.4328416544945937	0.9804597999999999	8.967984234736665
0.434586983746588	0.9121696666666665	8.921365290479999
0.4363323129985824	0.8390961	8.859904382656666
0.43807764225057666	0.7742824333333334	8.78446318214
0.43982297150257105	0.8032610333333334	8.7962162819
0.44156830075456543	0.8734165333333334	8.84149857226
0.44331363000655966	0.8784153	8.82113531913
0.445058959258554	0.8493321333333332	8.79266818098
0.4468042885105484	0.8001186666666666	8.766147967356666
0.44854961776254265	0.6984158666666667	8.69257890202
0.45029494701453704	0.5972097333333333	8.623756328323333
0.4520402762665313	0.5383636333333333	8.578155631453333
0.4537856055185257	0.48402773333333327	8.49089040639
0.45553093477052	0.45909426666666664	8.408316440166665
0.4572762640225143	0.4885219666666666	8.38443419756
0.45902159327450864	0.5077824333333333	8.363686207843333
0.460766922526503	0.4834157133333333	8.332687206143333
0.46251225177849725	0.43670392	8.315847375726666
0.4642575810304917	0.35120489	8.25976181498
0.46600291028248597	0.25235173666666666	8.169979320176665
0.46774823953448036	0.20311352733333332	8.108572544333333
0.4694935687864746	0.1960014433333333	8.047513838843333
0.47123889803846897	0.20497716666666668	7.959582431783334
0.4729842272904633	0.24160222666666664	7.893450401093333
0.47472955654245763	0.2683056933333333	7.834239024416665
0.4764748857944519	0.25539020333333334	7.762146110696666
0.4782202150464463	0.23740303333333335	7.726249106636667
0.4799655442984406	0.21506520333333334	7.70849538552
0.481710873550435	0.16621780666666666	7.645521637643332
0.48345620280242924	0.14309620999999997	7.579770971983334
0.4852015320544237	0.17094342666666665	7.5399988658899995
0.48694686130641796	0.21503995999999997	7.487735191106666
0.4886921905584123	0.2772598833333333	7.442691706503334
0.49043751981040656	0.3479616566666666	7.42230198871
0.49218284906240095	0.3612677233333333	7.36485010799
0.4939281783143953	0.33484576999999993	7.2877184625
0.4956735075663895	0.3337384666666666	7.253427416776667
0.4974188368183839	0.3415910333333333	7.22146422905
0.49916416607037833	0.34478166666666665	7.1576826160566664
0.5009094953223726	0.3877813	7.112300705866667
0.5026548245743669	0.4513781	7.0779663708100005
0.5044001538263612	0.5010988	7.034809273783333
0.5061454830783556	0.5612486666666667	7.02753564935
0.5078908123303499	0.6106124666666666	7.040386975926666
0.5096361415823442	0.5913539666666666	7.003344122190001
0.5113814708343385	0.5494583	6.947785937716667
0.5131268000863327	0.5441397666666666	6.913497323823333
0.5148721293383272	0.5527183666666666	6.862325496556666
0.5166174585903216	0.5693437666666666	6.793209657683333
0.5183627878423158	0.6161089666666666	6.744073366123333
0.5201081170943103	0.6547844333333332	6.69539239807
0.5218534463463045	0.6658995333333333	6.652049516663333
0.5235987755982989	0.6792170666666666	6.655117901043333
0.5253441048502931	0.6774780333333333	6.676257368373333
0.5270894341022874	0.6285050333333333	6.665173817139999
0.5288347633542818	0.5770588333333333	6.64216507151
0.5305800926062761	0.5587553666666667	6.614936909513333
0.5323254218582705	0.5540130666666666	6.560250036673333
0.5340707511102649	0.5570746999999999	6.49079030578
0.5358160803622593	0.5723055666666667	6.427569202423333
0.5375614096142536	0.5710362333333333	6.362846312006667
0.5393067388662478	0.5476445999999999	6.315918745329999
0.541052068118242	0.5221800666666666	6.309594227926667
0.5427973973702365	0.4899481333333333	6.325713940136667
0.5445427266222308	0.44157716666666663	6.341521631389999
0.5462880558742251	0.4014184666666667	6.355974345783332
0.5480333851262194	0.3825382666666666	6.3546563828533325
0.5497787143782138	0.372922	6.326430153683333
0.5515240436302082	0.3626714333333333	6.276398757523332
0.5532693728822025	0.3507858	6.212324239916666
0.5550147021341967	0.33061203333333333	6.14392851868
0.5567600313861911	0.30223577	6.090884129743333
0.5585053606381855	0.2711707166666667	6.060384026273334
0.5602506898901798	0.24384679	6.054785300996667
0.561996019142174	0.22155834666666668	6.072860113656667
0.5637413483941685	0.20710846666666663	6.1004823183533325
0.5654866776461628	0.20174788300000002	6.11865221682
0.5672320068981571	0.20097598099999997	6.120996361606666
0.5689773361501516	0.1922131603333333	6.097723508996666
0.5707226654021459	0.17763852766666666	6.049035912706666
0.57246799465414	0.16785533999999996	5.992192431153333
0.5742133239061344	0.16154979333333333	5.938204456253333
0.5759586531581287	0.15229969999999998	5.886762040400001
0.5777039824101231	0.15068751999999996	5.854795559416666
0.5794493116621174	0.15998093666666666	5.85176614511
0.5811946409141118	0.17102689	5.863864410703333
0.582939970166106	0.18148024333333335	5.878013044619999
0.5846852994181004	0.1931014033333333	5.889440363576666
0.5864306286700948	0.19618634666666668	5.882043453263333
0.5881759579220891	0.19560454333333332	5.852577823453332
0.5899212871740833	0.20597837999999996	5.813425729686667
0.5916666164260775	0.22346896333333333	5.768161200883332
0.593411945678072	0.23536269	5.71538821518
0.5951572749300664	0.24991440666666667	5.6730797475533326
0.5969026041820606	0.27177805333333327	5.653045599429999
0.5986479334340549	0.2905214933333333	5.648317933973333
0.6003932626860494	0.3015870433333333	5.649408626133334
0.6021385919380438	0.31264579	5.653479883979999
0.603883921190038	0.32278057	5.650655870266666
0.6056292504420324	0.33320696666666666	5.63383176235
0.6073745796940266	0.35100566666666666	5.603569195516666
0.609119908946021	0.3738861	5.563810787056667
0.6108652381980153	0.3883513333333333	5.515353776306666
0.6126105674500095	0.3972655333333333	5.468212646413333
0.614355896702004	0.4098892666666667	5.435288944213333
0.6161012259539983	0.4199390666666667	5.416737486396666
0.6178465552059926	0.4177512666666666	5.400439178656666
0.6195918844579871	0.4160877666666667	5.388456940593334
0.6213372137099814	0.4243927666666667	5.384289549543333
0.6230825429619757	0.4345397333333333	5.37474197416
0.62482787221397	0.44225296666666664	5.348944878216667
0.6265732014659642	0.4515406333333334	5.31659366537
0.6283185307179586	0.4518301333333333	5.279103178503333
0.630063859969953	0.44166533333333335	5.236592255733333
0.6318091892219473	0.4368283666666667	5.204248877736665
0.6335545184739415	0.43482519999999997	5.185041451789999
0.635299847725936	0.41878266666666664	5.161058563103333
0.6370451769779303	0.4041472	5.1415079937699995
0.6387905062299246	0.40677596666666666	5.1417572570833325
0.6405358354819191	0.40868609999999994	5.14289855214
0.6422811647339131	0.3980330666666666	5.128995497869999
0.6440264939859075	0.38659380000000004	5.114730287993333
0.6457718232379019	0.36841193333333333	5.098130014146666
0.6475171524898962	0.34137053333333334	5.0726486735166665
0.6492624817418906	0.32584426666666666	5.054516487199999
0.6510078109938849	0.3201692666666667	5.0435158406
0.6527531402458793	0.30237083333333337	5.01788467965
0.6544984694978735	0.2867686333333333	4.992821209573332
0.6562437987498679	0.2882694333333333	4.98801143263
0.6579891280018623	0.2841876333333333	4.984799852133333
0.6597344572538565	0.2626008666666666	4.973003996633333
0.6614797865058508	0.23978552	4.969273526253334
0.6632251157578453	0.21393025666666668	4.967748053526666
0.6649704450098396	0.18595916333333332	4.96288012998
0.6667157742618338	0.17590438666666666	4.969131560779999
0.668461103513828	0.18023430333333335	4.97829424379
0.6702064327658226	0.17724276900000002	4.967768298776666
0.6719517620178169	0.17639726266666667	4.951041218363333
0.6736970912698113	0.18510391966666667	4.9393578467033326
0.6754424205218055	0.1836624473333333	4.91853861073
0.6771877497737997	0.1661854413333333	4.890102700963333
0.6789330790257941	0.14760769999999998	4.86840539329
0.6806784082777885	0.12893652333333333	4.848178381343334
0.6824237375297828	0.11552958999999999	4.835151185763333
0.6841690667817772	0.12107860999999999	4.843260238926667
0.6859143960337715	0.1397881	4.860634811236666
0.6876597252857658	0.15655226666666666	4.871410682813334
0.6894050545377601	0.17347008666666666	4.880646314853333
0.6911503837897546	0.18749790333333333	4.881065520713332
0.6928957130417489	0.18900064866666666	4.862487249886667
0.6946410422937431	0.1806354	4.833124263969999
0.6963863715457373	0.17085644666666666	4.796097489916667
0.6981317007977319	0.162725378	4.747407625489999
0.6998770300497262	0.16508296699999997	4.706092094346666
0.7016223593017206	0.18074786333333331	4.685613948393333
0.7033676885537148	0.20376781	4.679836375329999
0.705113017805709	0.23067406666666668	4.69001785579
0.7068583470577035	0.2553017733333333	4.713972646423334
0.7086036763096978	0.2646229733333333	4.727992813103333
0.710349005561692	0.2630348633333333	4.728279632753333
0.7120943348136863	0.26092839999999995	4.723516677896667
0.7138396640656808	0.25713976666666666	4.6993201530699995
0.7155849933176751	0.25567902	4.649817926383333
0.7173303225696694	0.26672833333333335	4.599491919116667
0.7190756518216639	0.2813103833333333	4.556292399506666
0.7208209810736581	0.29567136666666666	4.523223813106666
0.7225663103256524	0.3190651	4.520781297023333
0.7243116395776467	0.3385465666666666	4.54283407116
0.726056968829641	0.3347001333333333	4.558564977553333
0.7278022980816354	0.3252709433333333	4.573697601116667
0.7295476273336298	0.32510998999999996	4.594486474116666
0.7312929565856241	0.32360592	4.59162194839
0.7330382858376183	0.32451528999999996	4.556723401379999
0.7347836150896128	0.33677992666666656	4.510743161113333
0.7365289443416071	0.3422316533333333	4.452450114496666
0.7382742735936013	0.34064582	4.393309297916666
0.7400196028455955	0.3508701333333333	4.36800851944
0.7417649320975901	0.35661723333333334	4.37029014093
0.7435102613495844	0.3376689766666666	4.373475153729999
0.7452555906015788	0.32056594666666666	4.3935625759366665
0.747000919853573	0.32034265333333334	4.4333632564866665
0.7487462491055674	0.3204642166666667	4.456638237853333
0.7504915783575618	0.3238238	4.4530743060199995
0.752236907609556	0.3355515	4.431542221369999
0.7539822368615503	0.3325610333333333	4.378669617916666
0.7557275661135445	0.3180270666666667	4.309209525293333
0.757472895365539	0.31443873333333333	4.261366447996666
0.7592182246175333	0.3058379333333333	4.230598279206666
0.7609635538695276	0.2766442	4.203315637363333
0.7627088831215221	0.25582666666666665	4.205201585193333
0.7644542123735163	0.25484996666666665	4.238482319939999
0.7661995416255106	0.25696386666666665	4.273194884586666
0.767944870877505	0.26487741666666664	4.3024244889666665
0.7696902001294994	0.27825304333333334	4.320817518646667
0.7714355293814937	0.27348325	4.30369271257
0.773180858633488	0.25624013	4.26271332647
0.7749261878854823	0.24627770666666665	4.2261884103766665
0.7766715171374765	0.23028686666666667	4.187040502083333
0.778416846389471	0.20059254666666665	4.143695580426666
0.7801621756414653	0.18225640866666665	4.12408602862
0.7819075048934595	0.18042427899999997	4.129489376936666
0.7836528341454538	0.18371643466666668	4.145992277253333
0.7853981633974483	0.196395557	4.176797700433333
0.7871434926494427	0.21232749333333334	4.208013405393333
0.7888888219014369	0.21079747333333332	4.212005352923333
0.7906341511534312	0.19957275666666666	4.198824275853333
0.7923794804054256	0.19167230333333332	4.18285872346
0.7941248096574199	0.17699866	4.153016289103332
0.7958701389094142	0.15606147666666667	4.115161828283333
0.7976154681614087	0.14568371666666666	4.0904669158099995
0.7993607974134027	0.14350478	4.074981808593333
0.8011061266653973	0.14656252366666667	4.070115277426666
0.8028514559173916	0.16202656733333332	4.0882404894199995
0.8045967851693858	0.17897761406666668	4.110668094313334
0.8063421144213804	0.1816355964	4.113167836843333
0.8080874436733746	0.17998825766666665	4.107236446706667
0.8098327729253688	0.179586701	4.096574431093333
0.8115781021773631	0.1731358133333333	4.069358741906666
0.8133234314293576	0.16742410666666666	4.0371385537333335
0.815068760681352	0.16949207	4.012007997936666
0.8168140899333463	0.16974656333333332	3.9843937545633334
0.8185594191853405	0.17326522333333333	3.96673049141
0.8203047484373349	0.19001392333333333	3.976107847856666
0.8220500776893291	0.20570039333333334	3.99051846168
0.8237954069413235	0.20957346666666665	3.9901896540533337
0.8255407361933177	0.21394055	3.987221805453333
0.827286065445312	0.2190208833333333	3.9777191179
0.8290313946973066	0.21963936	3.9509612957
0.8307767239493009	0.22601683666666667	3.92171879447
0.8325220532012951	0.23732414666666668	3.89506412439
0.8342673824532894	0.23922952133333333	3.859456904203333
0.8360127117052839	0.24190284433333334	3.8344950870866663
0.8377580409572781	0.2564715756666667	3.8388916091199996
0.8395033702092725	0.267185409	3.850817040806666
0.8412486994612667	0.26704463533333334	3.8552057305466665
0.8429940287132611	0.26952360599999997	3.8623396202199993
0.8447393579652556	0.2725035163333333	3.862784992426667
0.8464846872172498	0.2722542813333333	3.84626705559
0.8482300164692442	0.27922174666666666	3.825793301813333
0.8499753457212386	0.2888162733333333	3.8009578756366666
0.8517206749732327	0.28659008666666663	3.7615635307499997
0.853466004225227	0.2838951733333333	3.7295931110266665
0.8552113334772216	0.29033548	3.722652097253333
0.8569566627292158	0.29197303666666663	3.7245513607899996
0.8587019919812102	0.28511746	3.7274435165399997
0.8604473212332044	0.28142856666666666	3.738772935766667
0.8621926504851987	0.2778809333333333	3.7465272969566663
0.8639379797371932	0.2725211666666666	3.742242134103333
0.8656833089891874	0.2736626333333333	3.734048591443333
0.8674286382411818	0.2757653333333333	3.716321069033333
0.869173967493176	0.2681689666666667	3.6810803938599994
0.8709192967451702	0.26037126666666666	3.647333166836667
0.8726646259971648	0.25771239999999995	3.6275263071733335
0.8744099552491591	0.2510726666666666	3.613623067793333
0.8761552845011533	0.24080206666666665	3.606562712256667
0.8779006137531478	0.2334329	3.6102335087566666
0.8796459430051421	0.2245946	3.6126084580766666
0.8813912722571363	0.21578758666666664	3.6108946406999998
0.8831366015091309	0.2130604533333333	3.609914123873333
0.8848819307611251	0.21021182333333333	3.599859286856667
0.8866272600131193	0.20165755	3.5752694011266666
0.8883725892651138	0.19436554333333333	3.5500260919
0.890117918517108	0.18807773	3.52872171983
0.8918632477691024	0.17914322666666666	3.5096701900066667
0.8936085770210968	0.17242730333333328	3.500738488686667
0.895353906273091	0.167531577	3.5004811180966664
0.8970992355250853	0.15738069	3.4963623615266664
0.8988445647770799	0.1485747133333333	3.493002886433333
0.9005898940290741	0.14674890333333332	3.4949231152666664
0.9023352232810684	0.14385374	3.4893736943099993
0.9040805525330626	0.13811631333333332	3.4735510986066664
0.9058258817850569	0.13589767333333333	3.458743545826666
0.9075712110370514	0.13261158333333334	3.4436406428599993
0.9093165402890456	0.12804484666666666	3.4300757687733325
0.91106186954104	0.13060439	3.4298049274933335
0.9128071987930344	0.13392609366666663	3.4359048738899998
0.9145525280450286	0.12741238033333332	3.433541668183333
0.9162978572970231	0.12231055169999999	3.4321203229899995
0.9180431865490173	0.12565131899999998	3.4365147115199997
0.9197885158010117	0.12643406446666666	3.431030854496666
0.921533845053006	0.12386147166666667	3.4139938569
0.9232791743050003	0.12631806166666665	3.3977992639599996
0.9250245035569945	0.12823358333333335	3.3805783567133334
0.9267698328089891	0.12956782666666666	3.366407060483333
0.9285151620609834	0.13998855	3.3695166762666666
0.9302604913129776	0.15109643666666667	3.3818523517433334
0.9320058205649719	0.15014740333333332	3.3874141546633334
0.9337511498169662	0.15021393666666666	3.3957726229366667
0.9354964790689607	0.15996598333333334	3.4100603455166665
0.9372418083209549	0.16602955666666666	3.410572856176666
0.9389871375729492	0.16585737333333334	3.39256291726
0.9407324668249435	0.17038523333333333	3.3686252243633334
0.9424777960769379	0.17596303666666668	3.3391328453133333
0.9442231253289324	0.17989620333333334	3.30926667381
0.9459684545809266	0.19019456999999998	3.295292927503333
0.9477137838329208	0.20107692	3.295232902326666
0.9494591130849153	0.20097127666666664	3.2979131625999996
0.9512044423369096	0.20130094	3.3119204379299996
0.9529497715889038	0.2113989586666667	3.3384946851866664
0.9546951008408984	0.21851360099999997	3.3558211130799998
0.9564404300928926	0.21765073333333332	3.3528779848066663
0.9581857593448869	0.22038176666666667	3.3369036576566664
0.9599310885968813	0.22608521566666667	3.307415229123333
0.9616764178488755	0.22833441999999998	3.26649565499
0.96342174710087	0.23074710666666665	3.22848813413
0.9651670763528643	0.23281337333333332	3.200292643976666
0.9669124056048585	0.22756541333333336	3.1811610078099997
0.9686577348568528	0.22186976333333333	3.1807611345433338
0.9704030641088474	0.2237617633333333	3.20197449963
0.9721483933608416	0.22553252000000001	3.2287035156099995
0.9738937226128359	0.22183539666666666	3.2475251231833333
0.9756390518648301	0.22139942333333332	3.25710438622
0.9773843811168246	0.22556066999999996	3.25200672493
0.9791297103688189	0.22597371999999996	3.2273817640000004
0.9808750396208131	0.22087749999999998	3.1890193105133333
0.9826203688728073	0.2137968	3.1464889499366664
0.9843656981248019	0.20363536666666665	3.1073033300799997
0.9861110273767961	0.1917344566666667	3.0818255395899996
0.9878563566287906	0.18259411666666664	3.0763815756633335
0.9896016858807848	0.17646208	3.0881603766433336
0.991347015132779	0.1711516	3.1103326568866665
0.9930923443847736	0.16941870000000003	3.13642761183
0.9948376736367678	0.17192256666666667	3.157246788623333
0.9965830028887621	0.17267953333333333	3.16415811184
0.9983283321407567	0.16671898666666665	3.15300152917
1.0000736613927508	0.1570376933333333	3.1267089170566664
1.0018189906447452	0.14640311	3.0924717959566665
1.0035643198967397	0.13308994333333332	3.0576589562433334
1.0053096491487339	0.11753290666666667	3.02844072072
1.007054978400728	0.10634841333333334	3.0131801433866667
1.0088003076527223	0.10235253666666667	3.015556862526666
1.0105456369047165	0.10227497999999999	3.0296959069033336
1.0122909661567112	0.10386589333333332	3.0473539205066666
1.0140362954087054	0.10673079333333332	3.0639116029466664
1.0157816246606999	0.10661921166666666	3.0720695746199995
1.017526953912694	0.10167641766666666	3.06584729598
1.0192722831646883	0.09458988666666668	3.0468453621799996
1.0210176124166828	0.08507106	3.0188897225033333
1.022762941668677	0.07152745333333332	2.9848932204099996
1.0245082709206712	0.06146704333333333	2.955340652386667
1.0262536001726654	0.06114339333333334	2.940094085563333
1.02799892942466	0.06497770733333333	2.9367655749433332
1.0297442586766543	0.06776925633333332	2.940129960506667
1.0314895879286488	0.0737871	2.951859209583333
1.0332349171806432	0.08218179989999999	2.9674054921866664
1.0349802464326374	0.0856585719	2.9749842807466664
1.0367255756846316	0.08360559693333333	2.9696994293000003
1.0384709049366259	0.08021632266666667	2.9536285806099998
1.0402162341886205	0.07514050733333333	2.9269432304433325
1.041961563440615	0.07124537966666666	2.894891901956666
1.043706892692609	0.07426895	2.86731214998
1.0454522219446034	0.08158408666666667	2.847572844686667
1.0471975511965979	0.08745103666666666	2.8352408683533334
1.048942880448592	0.09609270666666665	2.8359334197
1.0506882097005863	0.10963120666666666	2.8501575759733333
1.0524335389525805	0.1192763	2.866755021403333
1.0541788682045747	0.12078594666666666	2.8766382577533336
1.0559241974565694	0.12182817333333332	2.8799982522633334
1.0576695267085636	0.12535849	2.8747213102466667
1.059414855960558	0.12797758666666664	2.857078278223333
1.0611601852125523	0.13128865666666667	2.83051252348
1.0629055144645467	0.13859437	2.802687061246666
1.064650843716541	0.14674226999999998	2.7779434753833336
1.0663961729685352	0.1548612033333333	2.761683807893333
1.0681415022205298	0.16506456666666663	2.758901743709999
1.069886831472524	0.17291846333333333	2.7669509899633327
1.0716321607245185	0.17334652333333334	2.7789973526600003
1.0733774899765127	0.17319053333333334	2.7937542903566666
1.0751228192285072	0.1782780466666667	2.8085478793533327
1.0768681484805014	0.18261243533333332	2.8136975661966663
1.0786134777324956	0.18306393666666665	2.8037735000133335
1.0803588069844898	0.18724510333333333	2.7852130895799996
1.082104136236484	0.19598034999999997	2.7633502358066666
1.0838494654884787	0.20166722999999998	2.7385704945466665
1.085594794740473	0.20303740666666664	2.71580455476
1.0873401239924672	0.20297066666666663	2.702992229603333
1.0890854532444616	0.19891118	2.7005711112599995
1.0908307824964558	0.19248294000000002	2.706986293913334
1.0925761117484503	0.18993799	2.7219312072633333
1.0943214410004445	0.18884424333333333	2.7384214896333328
1.0960667702524387	0.18428098999999998	2.7468160744433328
1.0978120995044334	0.18362284333333334	2.748639751783333
1.0995574287564276	0.19079438666666665	2.7467566156300003
1.101302758008422	0.19477823333333336	2.7350530991266666
1.1030480872604165	0.18980829999999999	2.7129621879366668
1.1047934165124107	0.1838237333333333	2.69266558223
1.106538745764405	0.17792233333333332	2.67991765249
1.1082840750163991	0.1669713333333333	2.67187566116
1.1100294042683934	0.15453581	2.6703778649466665
1.111774733520388	0.14526218333333332	2.6770516387066667
1.1135200627723822	0.13638422	2.6853441532466666
1.1152653920243765	0.13086777333333333	2.6929873275233334
1.117010721276371	0.13341503333333332	2.70125276217
1.1187560505283651	0.13588159666666666	2.7029903319233335
1.1205013797803596	0.13051261666666666	2.6930760700133334
1.1222467090323538	0.12482315666666666	2.681140827786667
1.123992038284348	0.12200003666666666	2.6735372280566665
1.1257373675363422	0.11315801666666667	2.665360008273333
1.127482696788337	0.09779147666666667	2.6573268910333336
1.1292280260403311	0.08527462333333333	2.656432764563333
1.1309733552923256	0.07649963666666665	2.660354068303333
1.13271868454432	0.06923656	2.66410518707
1.1344640137963142	0.06662180666666666	2.66770224361
1.1362093430483085	0.06734480999999999	2.66766838953
1.1379546723003031	0.06571488666666667	2.659054253053333
1.139700001552297	0.06457076666666667	2.6472361609366666
1.1414453308042918	0.066508682	2.637760082523333
1.143190660056286	0.06450942533333333	2.6277968408999994
1.14493598930828	0.05577695966666666	2.6181273548
1.1466813185602747	0.04827068999999999	2.61616535248
1.1484266478122689	0.04462229666666667	2.6217735801299993
1.150171977064263	0.040842376666666666	2.62938106961
1.1519173063162573	0.037899422333333335	2.6367588173166663
1.1536626355682515	0.03917597566666667	2.6412517359333334
1.1554079648202462	0.04282439899999999	2.638019186623333
1.1571532940722404	0.047402807666666665	2.6277036834866667
1.1588986233242349	0.05322229433333332	2.61310847989
1.160643952576229	0.058069546	2.5949318320766666
1.1623892818282235	0.059895649333333335	2.576689284196666
1.1641346110802178	0.06097359166666667	2.564945664533333
1.165879940332212	0.062528506	2.561675789583333
1.1676252695842066	0.06339472666666665	2.5663114788166665
1.1693705988362009	0.06404559333333333	2.5778417649599996
1.171115928088195	0.06698692	2.5916000211466668
1.1728612573401895	0.07279585	2.6014108232533335
1.1746065865921838	0.08031503	2.6050007723433333
1.1763519158441782	0.08824902333333332	2.6002758480066666
1.1780972450961724	0.09694857333333332	2.5858863229366666
1.1798425743481666	0.10642420666666666	2.565472628573333
1.1815879036001609	0.11423020666666667	2.5438942486866667
1.183333232852155	0.11832017666666667	2.5237752943966667
1.18507856210415	0.12138409	2.5113049912266665
1.186823891356144	0.12528994333333332	2.511203489763333
1.1885692206081382	0.12795789666666665	2.5188277473566663
1.1903145498601329	0.12953719666666666	2.5287190317199997
1.192059879112127	0.13366536666666665	2.5416535997733334
1.1938052083641213	0.1400248533333333	2.553733594543333
1.1955505376161155	0.14704686	2.55711892353
1.1972958668681097	0.1558158533333333	2.5513534062799996
1.1990411961201044	0.16439605666666665	2.5391685323933335
1.2007865253720988	0.1684682933333333	2.520183299073333
1.2025318546240933	0.17100737333333332	2.5004075512666666
1.2042771838760875	0.17524463333333332	2.4879594125133333
1.2060225131280817	0.17573711333333333	2.4800864689866664
1.207767842380076	0.1703096533333333	2.47339152129
1.2095131716320702	0.16715865666666666	2.4748734227166667
1.2112585008840648	0.16874278999999998	2.484610318343333
1.213003830136059	0.1695077633333333	2.4913838178633334
1.2147491593880533	0.16974716	2.49190858382
1.2164944886400477	0.17253287333333334	2.4904780861266667
1.218239817892042	0.17425097666666667	2.484746142053333
1.2199851471440364	0.17392561666666664	2.4745786527133333
1.2217304763960306	0.17454024	2.4663830129733335
1.2234758056480248	0.17206404999999997	2.459482244283333
1.225221134900019	0.16268268333333333	2.4506007501999996
1.2269664641520137	0.15437491666666664	2.447581678163333
1.228711793404008	0.15157000999999998	2.453710672283333
1.2304571226560024	0.14702404333333333	2.4580154357233335
1.2322024519079966	0.13927215666666665	2.4559651205299997
1.233947781159991	0.13550889666666666	2.4544208291566663
1.2356931104119853	0.13462132333333332	2.4521513740999996
1.23743843966398	0.13112682666666667	2.4441021867599995
1.2391837689159741	0.12630692999999998	2.4342758824899997
1.240929098167968	0.12075658	2.4258638421733334
1.2426744274199628	0.11136853666666666	2.4168575830999997
1.244419756671957	0.10189160333333333	2.41233552297
1.2461650859239515	0.096657905	2.416564983493333
1.2479104151759457	0.09096350266666667	2.4217644590800003
1.24965574442794	0.08249464333333334	2.42294020677
1.2514010736799341	0.07777732	2.4257498746266664
1.2531464029319284	0.07724013666666665	2.4291224883133333
1.254891732183923	0.07411668333333332	2.4255173219999997
1.2566370614359172	0.06775514333333332	2.41602269853
1.2583823906879115	0.06153488999999999	2.405407303013333
1.260127719939906	0.05423358	2.3932376763866663
1.2618730491919004	0.045898510000000003	2.3824521379299997
1.2636183784438946	0.03959563	2.3778971261666664
1.2653637076958888	0.03497807966666666	2.3769203055466663
1.267109036947883	0.03086415766666667	2.3767172932333334
1.2688543661998777	0.03011790933333333	2.381025158923333
1.270599695451872	0.032707804333333326	2.3884225119866667
1.2723450247038663	0.034241840333333336	2.391804319963333
1.2740903539558606	0.033302454999999995	2.3898534620366663
1.2758356832078548	0.031314253	2.3843696501266667
1.2775810124598492	0.02752648033333333	2.3737929804866664
1.2793263417118435	0.02215113333333333	2.3601664866566665
1.2810716709638381	0.017499827666666665	2.34817528562
1.282817000215832	0.014735890333333331	2.33761304243
1.2845623294678261	0.014489513333333332	2.328733597283333
1.286307658719821	0.018225280333333333	2.3266597051866666
1.288052987971815	0.024939093333333332	2.3313563537233333
1.2897983172238097	0.03259208166666666	2.3378170612233333
1.2915436464758039	0.040308227	2.3446596373
1.293288975727798	0.045757994999999996	2.35036666331
1.2950343049797923	0.046394565666666665	2.3500902268866666
1.296779634231787	0.044892991666666666	2.344577180096666
1.2985249634837812	0.04415314666666666	2.3369187281399997
1.3002702927357757	0.04271931333333333	2.3241710981966666
1.3020156219877699	0.04158724	2.30659493532
1.3037609512397643	0.045812473333333326	2.2933131241166667
1.3055062804917585	0.05530428333333333	2.2876855218933327
1.3072516097437528	0.06661879999999999	2.285795841696667
1.308996938995747	0.07930132	2.2885460461866667
1.3107422682477412	0.09117726333333333	2.2970645561933334
1.3124875974997359	0.09754518000000001	2.3054731812133333
1.31423292675173	0.10037275000000001	2.3115491436199997
1.3159782560037245	0.10309746666666667	2.316161315553333
1.3177235852557188	0.10172652333333332	2.312478475656667
1.319468914507713	0.09572434666666665	2.2967295164333335
1.3212142437597074	0.09469823666666666	2.279070862373333
1.3229595730117016	0.10176765	2.26539910087
1.3247049022636959	0.11016164	2.2507433214166666
1.3264502315156905	0.11895556666666665	2.2379835942033335
1.3281955607676847	0.1314318	2.2365265530066663
1.3299408900196792	0.1431855333333333	2.244518049223333
1.3316862192716734	0.1503059	2.2562654064500003
1.3334315485236676	0.15481196666666666	2.2714152494466666
1.3351768777756619	0.15448589999999998	2.2840021659399996
1.336922207027656	0.14670249999999999	2.28543823679
1.338667536279651	0.13984216333333332	2.2796484564400004
1.3404128655316452	0.1396981	2.270792929383333
1.3421581947836396	0.13932453	2.2519005653766664
1.3439035240356338	0.13703263666666665	2.2245638027433334
1.345648853287628	0.14170714666666667	2.2044536334
1.3473941825396225	0.15238917666666665	2.1967531552666664
1.3491395117916167	0.15933983333333335	2.195590756546667
1.350884841043611	0.16186586666666664	2.2026039766666665
1.3526301702956052	0.16314876666666664	2.21988538906
1.3543754995475994	0.1600295	2.2392159697666667
1.356120828799594	0.15315242666666665	2.2552735589033333
1.3578661580515883	0.14753382999999998	2.267131176683333
1.3596114873035827	0.14079237333333333	2.2666634681033333
1.361356816555577	0.13079833333333335	2.2497551359299996
1.3631021458075712	0.12573631999999998	2.2276618265366666
1.3648474750595656	0.12822058666666664	2.2078818859033333
1.3665928043115598	0.1287914433333333	2.186775046523333
1.3683381335635545	0.12500948	2.1688460131166662
1.3700834628155487	0.12395325333333332	2.1656909211
1.371828792067543	0.12434978333333332	2.17646473084
1.3735741213195374	0.11990952333333334	2.19346452966
1.3753194505715316	0.11251164333333333	2.214258222683333
1.377064779823526	0.10555337999999999	2.233937710213333
1.3788101090755203	0.09739164333333333	2.2440122694566664
1.3805554383275145	0.08967979666666666	2.244147920846667
1.3823007675795091	0.08541360199999999	2.236527038043333
1.384046096831503	0.08093787033333333	2.217753842973333
1.3857914260834978	0.07387020066666666	2.19053705284
1.387536755335492	0.06929962666666667	2.1671313583833336
1.3892820845874863	0.06797896333333332	2.1529657397133333
1.3910274138394805	0.06391724666666666	2.1456009734466663
1.3927727430914747	0.05684025933333334	2.1466791978133335
1.3945180723434691	0.051807214	2.1579812566866665
1.3962634015954638	0.048476625999999995	2.17391925345
1.398008730847458	0.044000117333333325	2.18895564264
1.3997540600994525	0.039475951499999995	2.2003964100966664
1.4014993893514467	0.03613228633333333	2.20348331291
1.4032447186034411	0.03273227033333333	2.1957997165699994
1.4049900478554354	0.029411133333333332	2.1817347175066666
1.4067353771074296	0.026743616999999997	2.1647737537499996
1.4084807063594238	0.023620902	2.145672369703333
1.410226035611418	0.019887308333333333	2.1286127870566665
1.4119713648634127	0.017161611666666667	2.1184220164566665
1.413716694115407	0.0156318	2.115031417216666
1.4154620233674011	0.01453553673333333	2.117538123666667
1.4172073526193956	0.014029190399999999	2.125138161263333
1.4189526818713898	0.014496599366666668	2.1335129655866667
1.420698011123384	0.015597266333333333	2.13872569678
1.4224433403753782	0.016680662333333332	2.14098314745
1.4241886696273727	0.01711121	2.1393128699099995
1.4259339988793673	0.017571204666666666	2.1316326465066666
1.4276793281313616	0.018989073	2.1199900699599996
1.429424657383356	0.020093100333333332	2.1074475838166666
1.4311699866353502	0.020038309999999997	2.094658192173333
1.4329153158873444	0.021763814	2.0845929787366666
1.4346606451393389	0.026411124866666667	2.080255368483333
1.436405974391333	0.030270485099999998	2.07876026218
1.4381513036433278	0.0323757621	2.0779015905866665
1.439896632895322	0.03636162666666666	2.0811228111799998
1.4416419621473162	0.041865942999999996	2.0875349148
1.4433872913993107	0.04555425866666666	2.090607457993333
1.4451326206513049	0.04849130933333333	2.0894452025366665
1.446877949903299	0.05247682799999999	2.0871330568866666
1.4486232791552933	0.05591354666666666	2.08206572844
1.4503686084072875	0.059985979999999994	2.0736086539766667
1.452113937659282	0.06705869333333334	2.0652334710866667
1.4538592669112762	0.07325716333333332	2.05642564673
1.4556045961632709	0.07591072333333333	2.0458375594866665
1.457349925415265	0.08077639	2.03944140486
1.4590952546672595	0.08922738333333331	2.03990741435
1.460840583919254	0.09364647666666666	2.0400975475066665
1.4625859131712482	0.09343773333333334	2.0381666026766663
1.4643312424232424	0.09631425	2.04071533036
1.4660765716752366	0.10208761	2.0463137162766665
1.4678219009272309	0.10553040666666665	2.0474647693066665
1.4695672301792255	0.1086926	2.0449704833133335
1.4713125594312197	0.11420677333333332	2.04229647884
1.4730578886832142	0.11903862666666666	2.0371833438899998
1.4748032179352084	0.12372868666666666	2.03044761873
1.4765485471872026	0.13061343666666667	2.02602584213
1.478293876439197	0.13451151333333333	2.0210868332199996
1.480039205691191	0.1326076833333333	2.0136686883333335
1.481784534943186	0.13259081333333333	2.0109412075466664
1.4835298641951802	0.1365997	2.0145333046533334
1.4852751934471744	0.1364321	2.0156135428366664
1.4870205226991688	0.132266	2.0129773141366663
1.488765851951163	0.13302366666666665	2.0140110131966664
1.4905111812031575	0.13788746666666665	2.01725565312
1.4922565104551517	0.14006439999999998	2.016276879333333
1.494001839707146	0.14088683333333332	2.0130240323899997
1.4957471689591406	0.142986	2.01075105209
1.4974924982111348	0.14314343333333332	2.00726128294
1.4992378274631293	0.1413585333333333	2.0036283297499997
1.5009831567151235	0.1403312	2.00278315468
1.5027284859671177	0.1367585	2.001066674803333
1.504473815219112	0.12911193333333332	1.996595953
1.5062191444711062	0.1244687	1.9956858317333332
1.5079644737231006	0.1247911	1.9993986448966665
1.5097098029750948	0.12278896666666667	2.000550715746667
1.511455132227089	0.11797693333333333	1.9989955431933333
1.5132004614790837	0.11731263333333333	2.0010373546699998
1.514945790731078	0.11945013333333333	2.00528656983
1.5166911199830724	0.11767721999999999	2.0065078609866664
1.5184364492350666	0.11289092333333334	2.005821124113333
1.520181778487061	0.10867149999999999	2.0050396697933333
1.5219271077390553	0.10338707666666665	2.0020772879299997
1.5236724369910495	0.09650889666666668	1.9975440161766667
1.5254177662430441	0.09059968666666668	1.9937141804466667
1.5271630954950384	0.08483857666666667	1.9888585021599998
1.5289084247470326	0.07807955333333333	1.982850980126667
1.530653753999027	0.07398438666666667	1.9807253792133335
1.5323990832510213	0.07343580999999999	1.9835443908266666
1.5341444125030157	0.07128075333333334	1.9868057008866666
1.53588974175501	0.06653075666666666	1.9900136523333334
1.537635071007004	0.06376402666666667	1.9959369147433332
1.5393804002589988	0.06248782333333333	2.002306134966666
1.541125729510993	0.05804949999999999	2.004810691663333
1.5428710587629875	0.05128616666666666	2.00343308167
1.5446163880149817	0.04607459666666667	1.9992922070066665
1.546361717266976	0.04186534	1.9919607330033333
1.5481070465189704	0.03693025766666667	1.982814687723333
1.5498523757709646	0.03254409666666667	1.9744262918099997
1.5515977050229588	0.02937726666666667	1.9674934551499998
1.553343034274953	0.02637139833333333	1.9629230363933332
1.5550883635269477	0.02404687233333333	1.9629494747033331
1.556833692778942	0.022944804	1.9672774832933335
1.5585790220309363	0.021270084999999998	1.9730095947266666
1.5603243512829306	0.018525177666666667	1.97863096217
1.5620696805349248	0.016930711666666664	1.98361371173
1.563815009786919	0.016670473666666664	1.9860333180766667
1.5655603390389135	0.015433987066666665	1.9843090758066666
1.5673056682909077	0.013313859943333332	1.9788901882799999
1.5690509975429023	0.012421515406666663	1.9708458004433331
1.5707963267948966	0.0124109448	1.96135547678
1.5725416560468908	0.011409020133333333	1.95224689932
1.5742869852988854	0.009727021999999998	1.945029384183333
1.5760323145508797	0.008840546	1.9403708705666667
1.5777776438028739	0.008659690666666667	1.93864364643
1.579522973054868	0.008452110333333332	1.9394133205066666
1.5812683023068623	0.008679819	1.9413929099999998
1.583013631558857	0.010161767999999998	1.9437265012633334
1.5847589608108512	0.012701827666666667	1.9455919780399997
1.5865042900628454	0.015615781999999998	1.9453583107866665
1.5882496193148399	0.018700101999999996	1.94249938975
1.589994948566834	0.021828582	1.938368473273333
1.5917402778188283	0.02446278403333333	1.9335915083066664
1.5934856070708228	0.02633342516333333	1.9277672625633333
1.5952309363228174	0.027710907346666664	1.9219185663933334
1.5969762655748112	0.028563202700000002	1.9175471043233332
1.5987215948268054	0.028984572333333333	1.914460474333333
1.6004669240788003	0.030186403333333334	1.9122260967933333
1.6022122533307945	0.03294349766666666	1.9110372382233334
1.603957582582789	0.036177362	1.9098767775399996
1.6057029118347832	0.039504491333333336	1.9076417591933332
1.6074482410867772	0.044410638	1.905228246913333
1.6091935703387716	0.05061415433333333	1.9029309834033334
1.6109388995907659	0.055411673333333335	1.89897007625
1.6126842288427607	0.05839599666666667	1.8935952403766667
1.614429558094755	0.061581580000000004	1.8895660432099999
1.6161748873467492	0.06472931999999999	1.8872405322299999
1.6179202165987434	0.06617136	1.8848511476466663
1.6196655458507376	0.06691383	1.8829600701633336
1.621410875102732	0.06872932999999999	1.8829267719966665
1.6231562043547263	0.07126534333333331	1.8835916675399997
1.624901533606721	0.07427136333333334	1.8835255795033332
1.6266468628587152	0.07838861333333333	1.8827990773933332
1.6283921921107094	0.08261511333333332	1.8807214348233334
1.630137521362704	0.08587320999999999	1.8765595205866665
1.6318828506146983	0.08932954	1.8717270963466666
1.6336281798666925	0.0930975	1.8673348493633333
1.6353735091186867	0.09483024666666667	1.8625514183499998
1.637118838370681	0.09464030333333331	1.8582327332
1.6388641676226756	0.09539686333333333	1.8571177958999998
1.6406094968746698	0.09723347	1.8592490864899998
1.642354826126664	0.09806985999999998	1.86228492382
1.6441001553786583	0.09858173333333332	1.8657156426633332
1.6458454846306525	0.10054522333333334	1.8697649235166667
1.647590813882647	0.10305286	1.8725595795966665
1.6493361431346412	0.10462299999999998	1.87211290774
1.6510814723866354	0.10556667666666666	1.8685327722833334
1.6528268016386303	0.10593781	1.8624456664799998
1.654572130890624	0.10519825666666667	1.8545703706666665
1.6563174601426187	0.1039505	1.846810943423333
1.6580627893946132	0.10287964999999999	1.8411951835766667
1.6598081186466074	0.10141527666666666	1.8384971734833333
1.6615534478986018	0.09974834333333334	1.8393622093366666
1.663298777150596	0.09920557999999999	1.84433616408
1.6650441064025903	0.09965752	1.8521634112233332
1.6667894356545845	0.09952186666666665	1.8601098611466664
1.6685347649065787	0.09858226333333332	1.8661864801666668
1.6702800941585736	0.09767140666666665	1.8692642468666665
1.6720254234105678	0.09637824666666667	1.8681491380233333
1.673770752662562	0.09359899	1.8622068497866666
1.6755160819145563	0.08977438333333333	1.8526559619933334
1.6772614111665505	0.08623728333333333	1.8419598360666667
1.679006740418545	0.08326862333333332	1.8323690405766666
1.6807520696705391	0.08038633666666667	1.8254391348199999
1.6824973989225334	0.07795906	1.8226196034333333
1.684242728174528	0.07660253666666667	1.8247642016599999
1.6859880574265222	0.07582799	1.8310030202433334
1.6877333866785167	0.0746346	1.8389993184166666
1.6894787159305111	0.07281780666666665	1.8466137751199998
1.6912240451825054	0.07032243	1.8520985480133334
1.6929693744344996	0.06681345333333333	1.8536666823566668
1.6947147036864938	0.06250065666666665	1.8503163323666665
1.6964600329384885	0.058059133333333325	1.8427246788999998
1.6982053621904827	0.05354423	1.83231984596
1.6999506914424771	0.04925149666666667	1.82091630713
1.7016960206944713	0.046287119999999994	1.81096246741
1.7034413499464653	0.04482161	1.80446529232
1.7051866791984598	0.043531913333333325	1.8017796831533333
1.706932008450454	0.04207243333333333	1.8028737451333332
1.708677337702449	0.04114284333333333	1.8077413177433332
1.7104226669544431	0.04012545333333333	1.81476169935
1.7121679962064373	0.03759028	1.8209231360199998
1.7139133254584316	0.03386722666666667	1.8245776027499998
1.7156586547104258	0.030105703333333334	1.8253954537866666
1.7174039839624204	0.02639278333333333	1.8225951391866666
1.7191493132144147	0.02262155333333333	1.8156850514733334
1.7208946424664089	0.019554354	1.8061427360833333
1.722639971718403	0.017570581	1.79610310103
1.7243853009703973	0.016409825333333333	1.7871026126433334
1.726130630222392	0.015943847666666663	1.7806123865399999
1.7278759594743864	0.015937868666666667	1.77798850517
1.7296212887263807	0.015594216666666667	1.77929607438
1.7313666179783749	0.014602204	1.7838834247933335
1.733111947230369	0.013243336566666666	1.7909563502033334
1.7348572764823635	0.011529532599999998	1.7988379267933334
1.7366026057343578	0.009280462	1.80503311846
1.738347934986352	0.0070046632666666666	1.80807265233
1.7400932642383462	0.0053334377	1.8075744505033333
1.7418385934903404	0.004399552833333332	1.8032273841466666
1.7435839227423353	0.0040624778	1.7952150363666668
1.7453292519943295	0.004326043999999999	1.785235526723333
1.7470745812463238	0.005002873666666666	1.775457996243333
1.7488199104983182	0.005758100999999999	1.7676332812600002
1.7505652397503124	0.006230874333333332	1.7632313382966665
1.7523105690023066	0.006284593666666666	1.7632531708766666
1.7540558982543013	0.005987093333333333	1.7673818178133331
1.7558012275062955	0.005560211333333333	1.7745145379833334
1.75754655675829	0.005079796333333332	1.78317071578
1.7592918860102842	0.004818678666666666	1.7912442911466666
1.7610372152622784	0.005250576	1.79637557704
1.7627825445142726	0.006516882666666666	1.7973110067366669
1.7645278737662669	0.008108070333333333	1.7937620946266666
1.7662732030182617	0.009822121	1.7860603560599997
1.768018532270256	0.011858215666666666	1.7755606245966666
1.7697638615222502	0.013916319666666666	1.7644999413566667
1.7715091907742444	0.015124207	1.7546597692166666
1.7732545200262386	0.015528958333333332	1.7476780493999997
1.7749998492782333	0.015932968999999998	1.7452724679799998
1.7767451785302275	0.016486327666666665	1.7476458104333332
1.7784905077822217	0.016759890333333333	1.7528822685266665
1.780235837034216	0.017290741999999998	1.7594695365999997
1.7819811662862102	0.018890479666666668	1.7665775252233333
1.7837264955382048	0.02134658333333333	1.7720528243466664
1.785471824790199	0.024071749999999996	1.7732930615966667
1.7872171540421935	0.027134863333333332	1.7701371912466666
1.7889624832941877	0.03016684	1.7636593400599998
1.790707812546182	0.032501666666666665	1.7544244782633334
1.7924531417981764	0.03438101	1.7437736334966667
1.7941984710501706	0.03606551333333333	1.7340742799333333
1.7959438003021653	0.03652295666666666	1.72631136516
1.7976891295541597	0.03591882	1.7210864886399997
1.7994344588061533	0.03633926999999999	1.7200272564699999
1.8011797880581482	0.03810014666666667	1.7228859860099999
1.8029251173101424	0.039211416666666665	1.7264278224066665
1.8046704465621368	0.040143566666666665	1.7294464862799999
1.806415775814131	0.043158796666666666	1.733140081523333
1.8081611050661253	0.04735002666666667	1.7359206250299999
1.8099064343181195	0.050063819999999995	1.7344625560766664
1.8116517635701137	0.051824613333333325	1.72968047191
1.8133970928221086	0.053966136666666664	1.7244498030566666
1.8151424220741028	0.05541422666666666	1.7187134555666668
1.816887751326097	0.05550252666666666	1.7120854029733332
1.8186330805780913	0.05544904333333334	1.706750490753333
1.8203784098300855	0.05513923333333333	1.7037166022366663
1.82212373908208	0.054308350000000005	1.7023531173866666
1.8238690683340746	0.054894830000000006	1.7034399224366665
1.8256143975860688	0.057358599999999996	1.7069932956699998
1.827359726838063	0.058882423333333336	1.7098461401999998
1.8291050560900572	0.05945743666666667	1.7110615116833332
1.830850385342052	0.06212532	1.7131570796699997
1.8325957145940461	0.06584206666666666	1.7153020368866667
1.8343410438460404	0.06659448	1.7136334104033335
1.8360863730980346	0.06535947666666667	1.7094889643133335
1.8378317023500288	0.06550169333333333	1.7071888519866667
1.8395770316020235	0.06589263	1.7061097793099997
1.8413223608540177	0.06422811	1.7036552132533331
1.843067690106012	0.06232388666666666	1.7017573325233333
1.8448130193580063	0.061881200000000004	1.7025016662333332
1.8465583486100006	0.06183048666666666	1.7041829531733335
1.8483036778619948	0.06206373999999999	1.705588338833333
1.850049007113989	0.06338467666666667	1.7073031800633331
1.8517943363659835	0.06416849	1.7078215718599998
1.8535396656179781	0.06369387333333333	1.7061104884433331
1.8552849948699723	0.06421236	1.7044060773366667
1.8570303241219668	0.06552176	1.7031308661933333
1.858775653373961	0.06414151666666666	1.6993302756933333
1.8605209826259552	0.06088407333333333	1.6942331975566667
1.8622663118779497	0.05984423333333333	1.69253207672
1.8640116411299439	0.06018292	1.6935973299866665
1.865756970381938	0.058174953333333335	1.6933104563466665
1.8675022996339323	0.05539590333333333	1.6929675371766664
1.8692476288859265	0.05512371666666666	1.6956361050066668
1.8709929581379214	0.05568027666666665	1.69891764519
1.8727382873899157	0.054506363333333335	1.6994495895466666
1.8744836166419099	0.05301885666666667	1.6984391944933332
1.876228945893904	0.05213528666666667	1.69684530092
1.8779742751458983	0.05062956333333333	1.6934767329433333
1.8797196043978928	0.048953043333333335	1.68915699698
1.881464933649887	0.048083766666666666	1.6854794114633331
1.8832102629018816	0.04632717	1.68117736519
1.8849555921538759	0.04361544333333334	1.6765966075199998
1.88670092140587	0.042865589999999995	1.6751070367333334
1.8884462506578648	0.04361242666666666	1.676247905903333
1.890191579909859	0.042035880000000005	1.6757705696366667
1.8919369091618532	0.039012349999999994	1.6743024798366666
1.8936822384138474	0.038144493333333335	1.6752977214033333
1.8954275676658416	0.037985686666666664	1.6768498999966666
1.8971728969178363	0.03520479333333333	1.6751810807799998
1.8989182261698305	0.03164992333333333	1.6721479418299998
1.900663555421825	0.029964960000000002	1.6705174432766665
1.9024088846738192	0.028850176666666665	1.6690169217
1.9041542139258134	0.02720555	1.6667633257933332
1.9058995431778076	0.02638241	1.6653898472266668
1.9076448724298019	0.026157886666666665	1.6646426111266668
1.9093902016817967	0.02558630666666667	1.6636254573566664
1.911135530933791	0.025595319999999998	1.6636243191600002
1.9128808601857852	0.026107430000000004	1.6645039113866666
1.9146261894377794	0.024749789999999997	1.6633177913800001
1.9163715186897738	0.021893286666666668	1.6604342016999998
1.9181168479417683	0.02014958	1.6589406488
1.9198621771937625	0.018967916666666668	1.6580057556833332
1.9216075064457567	0.01611136666666667	1.6547129475699998
1.923352835697751	0.013077928999999999	1.6508149744466665
1.9250981649497452	0.012250815333333333	1.6492837228233335
1.92684349420174	0.012645491333333331	1.6489888556433332
1.9285888234537343	0.012651026333333332	1.6482386669399998
1.9303341527057285	0.013107445666666665	1.648454483763333
1.9320794819577227	0.014403336333333332	1.6502659090166667
1.933824811209717	0.015430588333333332	1.6524537947366666
1.9355701404617114	0.015736714666666665	1.65484870511
1.9373154697137056	0.015593517666666664	1.6574878488033333
1.9390607989656998	0.014399806333333334	1.6584542852366666
1.9408061282176947	0.012242294666666667	1.6572014523366665
1.9425514574696887	0.010368407666666666	1.6552914888699999
1.9442967867216832	0.009076580333333332	1.6522626294433334
1.9460421159736774	0.007486598666666667	1.6460100589466666
1.9477874452256718	0.006330988	1.63816634195
1.949532774477666	0.007079806333333332	1.6322266325533334
1.9512781037296603	0.009185431333333334	1.6284015249800001
1.953023432981655	0.010990870666666666	1.6256253315666669
1.9547687622336491	0.012742448666666666	1.625866965663333
1.9565140914856434	0.015071481666666666	1.6307199301833333
1.9582594207376378	0.016918014666666665	1.6384390477033333
1.960004749989632	0.017124568666666666	1.6469062555133331
1.9617500792416263	0.016297425666666667	1.65526981354
1.9634954084936205	0.014881921666666667	1.6613352202166665
1.9652407377456147	0.012806927999999999	1.6630962906033333
1.9669860669976096	0.010884149333333332	1.6610082321833333
1.9687313962496038	0.010023677666666668	1.65540932319
1.970476725501598	0.009646539333333332	1.6453059943666668
1.9722220547535922	0.010034575333333332	1.63313163437
1.9739673840055865	0.012645056666666665	1.6238382207633333
1.9757127132575811	0.016784825333333333	1.6186137805499998
1.9774580425095754	0.019896943333333333	1.6158835528966666
1.9792033717615696	0.02209899333333333	1.6174519029733334
1.9809487010135638	0.02467575	1.62527791144
1.982694030265558	0.02626379333333333	1.6362893996233332
1.9844393595175527	0.02519716333333333	1.6463588214333333
1.9861846887695471	0.02289361333333333	1.6548048180300001
1.9879300180215413	0.020610356666666666	1.6605460050166665
1.9896753472735356	0.01814851333333333	1.66136179596
1.9914206765255298	0.016471423333333332	1.657590250163333
1.9931660057775242	0.016737566666666665	1.6506733210700002
1.9949113350295185	0.017696366666666664	1.6400944877199999
1.9966566642815133	0.019215529999999998	1.6277213415733334
1.9984019935335076	0.023111486666666667	1.6182360877933333
2.0001473227855016	0.02812041	1.6123090786199996
2.0018926520374962	0.030541509999999997	1.60712437215
2.0036379812894904	0.030996296666666662	1.6044815927766667
2.0053833105414847	0.03205914333333333	1.6077980713466666
2.0071286397934793	0.03225763666666666	1.6144349446666664
2.0088739690454736	0.029466916666666666	1.6199225079866668
2.0106192982974678	0.02599824666666667	1.6250765334433332
2.012364627549462	0.024020846666666665	1.6308711794933333
2.014109956801456	0.02276421966666667	1.6343462535733333
2.0158552860534504	0.022215549	1.6336082890699999
2.0176006153054447	0.023442721666666666	1.6297408236899997
2.019345944557439	0.02530138	1.622468511333333
2.021091273809433	0.027054603333333333	1.6119072819099998
2.022836603061428	0.02991893	1.6010412870099997
2.0245819323134224	0.03303559666666667	1.5915095627166667
2.0263272615654166	0.033464966666666665	1.58219343291
2.028072590817411	0.03206222	1.5754187277066667
2.029817920069405	0.031670746666666666	1.5754555658966667
2.0315632493213998	0.03134346333333333	1.58101911985
2.033308578573394	0.028813513333333336	1.58760856085
2.035053907825388	0.026070390333333332	1.5955574792966667
2.036799237077383	0.025669144666666664	1.60625660719
2.0385445663293766	0.026369602666666665	1.6157127403366665
2.0402898955813713	0.026385912333333334	1.6193123282033333
2.0420352248333655	0.026834330999999996	1.6181279872499998
2.0437805540853597	0.02842856	1.61419523707
2.045525883337354	0.02990636333333333	1.6068292828266666
2.047271212589348	0.03050265	1.5965336472133331
2.0490165418413424	0.03074437	1.5865871738833333
2.0507618710933366	0.030329156666666666	1.5787945041899998
2.052507200345331	0.02908401	1.5738869143833334
2.054252529597326	0.027996202999999997	1.5736006782233334
2.05599785884932	0.027369158666666664	1.5780254526199997
2.0577431881013144	0.02597617733333333	1.5842021488966664
2.0594885173533086	0.0244377722	1.5913844678466664
2.0612338466053033	0.024796468766666666	1.6009265439333333
2.0629791758572975	0.026363597666666662	1.6103561236766666
2.0647245051092917	0.026531039333333332	1.6150187205166664
2.0664698343612864	0.026205000999999995	1.6158569325466665
2.0682151636132806	0.027686436666666665	1.6161649033166665
2.069960492865275	0.029375283333333328	1.6141822857099997
2.071705822117269	0.028496866666666665	1.6070405064566666
2.0734511513692633	0.026623996666666667	1.5977999611733333
2.0751964806212575	0.025869193333333332	1.5901160613333332
2.0769418098732517	0.024927686666666664	1.583078544976667
2.078687139125246	0.02278528666666666	1.5760482799600002
2.080432468377241	0.021193400333333334	1.57166197348
2.0821777976292353	0.020622077333333332	1.5707509845466667
2.08392312688123	0.020412409	1.5723686007933333
2.0856684561332237	0.021411804666666666	1.5770547227199998
2.087413785385218	0.02370703666666666	1.5843003927033332
2.0891591146372126	0.02495049333333333	1.5905766833966668
2.090904443889207	0.025271516666666664	1.5950772191099998
2.0926497731412015	0.026891873333333333	1.599586255463333
2.0943951023931957	0.028405463333333332	1.6019096960366666
2.0961404316451895	0.026682533333333334	1.5980072937833332
2.097885760897184	0.023590793333333335	1.59011837176
2.0996310901491784	0.022230169999999997	1.5825924312600002
2.1013764194011726	0.021226349999999998	1.5744976759033333
2.103121748653167	0.018804874	1.5641567567333334
2.104867077905161	0.01723966433333333	1.5552323075166665
2.1066124071571553	0.018000976666666665	1.5508269317766665
2.1083577364091495	0.019680183333333334	1.54953590327
2.1101030656611446	0.021696049999999998	1.5502296165933331
2.111848394913139	0.02452906666666667	1.5538930680466667
2.113593724165133	0.02685389	1.5594774612000002
2.1153390534171272	0.02803025333333333	1.565313458973333
2.1170843826691215	0.029215333333333333	1.5715828935633331
2.118829711921116	0.02987525	1.57740886886
2.1205750411731104	0.02791643333333333	1.5798780694666665
2.1223203704251046	0.024709636666666663	1.57940363233
2.124065699677099	0.023100716666666663	1.57860791059
2.1258110289290935	0.02229784	1.5763326973166667
2.1275563581810877	0.02024016333333333	1.5697954686766666
2.129301687433082	0.018851636666666664	1.5615323460500001
2.131047016685076	0.020439896666666665	1.5554975328866665
2.1327923459370703	0.023334009999999995	1.55064979183
2.1345376751890646	0.025243626666666664	1.5449618241166667
2.1362830044410597	0.02728591	1.5413202706533333
2.138028333693054	0.030353753333333334	1.5423979871499998
2.139773662945048	0.03280406333333333	1.5462865981233334
2.141518992197043	0.03349348333333333	1.550872044423333
2.143264321449037	0.033381226666666666	1.5569083669066668
2.1450096507010312	0.03261789333333333	1.5637510111433333
2.1467549799530254	0.030928913333333335	1.56910909339
2.1485003092050197	0.02931835	1.5722939598266665
2.1502456384570143	0.028400689999999996	1.5731323003766664
2.1519909677090086	0.027002183333333332	1.5698300204466666
2.1537362969610028	0.02584006333333333	1.56302729064
2.155481626212997	0.02721257666666666	1.5559672914866667
2.157226955464991	0.030141763333333328	1.54883701062
2.1589722847169854	0.03146999	1.5395224592033334
2.1607176139689797	0.03245186666666666	1.5309281646566666
2.162462943220974	0.03592736666666666	1.5276369783
2.164208272472968	0.03962045	1.5279269116599998
2.1659536017249623	0.039863649999999994	1.5278964224099998
2.1676989309769574	0.03889005666666666	1.5298876032066666
2.1694442602289516	0.03975133	1.5367348951866666
2.171189589480946	0.04027866	1.5447925757233332
2.17293491873294	0.038178529999999995	1.5499814455433332
2.1746802479849343	0.036030263333333326	1.5539307319766666
2.176425577236929	0.03567401666666667	1.5577238245866667
2.178170906488923	0.03558828666666666	1.5587283271033332
2.179916235740918	0.03528041666666666	1.5558771639033333
2.1816615649929116	0.03600419	1.55096688137
2.183406894244906	0.03704372	1.54422294875
2.1851522234969005	0.03785838	1.53612651237
2.1868975527488947	0.03978447	1.5294465280633331
2.188642882000889	0.04227057000000001	1.525190588573333
2.190388211252883	0.042555739999999995	1.5216513550733333
2.1921335405048774	0.04175056333333333	1.5206014199299998
2.1938788697568716	0.04292848	1.5253602905466668
2.1956241990088667	0.04434207999999999	1.5334584097266666
2.197369528260861	0.04246965666666667	1.539858212493333
2.199114857512855	0.03985314666666666	1.54572228139
2.20086018676485	0.04021612	1.55350948073
2.202605516016844	0.04111551333333333	1.5591985251966665
2.2043508452688383	0.039182386666666666	1.5582287620433333
2.206096174520833	0.03727174333333333	1.5535371390866666
2.207841503772827	0.03828429666666666	1.5488153599033332
2.2095868330248214	0.03968170666666666	1.54232903625
2.2113321622768156	0.039110113333333335	1.5328976672166665
2.21307749152881	0.038781829999999996	1.5244342548366667
2.214822820780804	0.03991299666666667	1.51953443718
2.2165681500327983	0.040756296666666664	1.5171096512766664
2.2183134792847925	0.040730989999999995	1.5168279628666665
2.2200588085367867	0.040879686666666665	1.5195406416333332
2.221804137788781	0.04056198	1.5237419249899997
2.223549467040776	0.039495246666666664	1.5280603193133333
2.2252947962927703	0.03903958	1.5328644123633333
2.2270401255447645	0.03888857	1.5367065204266668
2.2287854547967587	0.03691712666666666	1.5363794733266665
2.230530784048753	0.034404033333333334	1.5329141837066667
2.2322761133007476	0.03408246333333333	1.5294175067
2.234021442552742	0.03442901666666666	1.5246066824833333
2.235766771804736	0.03247929333333333	1.5159466976999998
2.2375121010567303	0.030476386666666664	1.5069849591766664
2.239257430308725	0.03142204666666666	1.5021644066699997
2.241002759560719	0.03294362666666666	1.4998069529200002
2.2427480888127134	0.031963696666666666	1.4972715982199998
2.2444934180647076	0.030870586666666665	1.4975947860999999
2.246238747316702	0.03203183666666667	1.5032182246566665
2.247984076568696	0.03302989333333333	1.5109115836433333
2.2497294058206903	0.03163608666666667	1.5174236803099999
2.2514747350726845	0.029962489999999998	1.5237898297033334
2.2532200643246787	0.029410616666666667	1.52999329524
2.254965393576674	0.02844419333333333	1.5333454247433331
2.256710722828668	0.02642402333333333	1.53273531472
2.2584560520806622	0.024770436666666666	1.52927007187
2.260201381332657	0.023541593333333333	1.5229802661366665
2.261946710584651	0.022365620000000003	1.5146776809066664
2.2636920398366454	0.022112076666666664	1.5070551096033333
2.26543736908864	0.022815826666666667	1.5012920954699998
2.2671826983406342	0.022801873333333333	1.4965527908966667
2.2689280275926285	0.022720178666666663	1.4948834207333332
2.2706733568446227	0.02447313833333333	1.4990600924033333
2.272418686096617	0.026562965333333334	1.5068667954566668
2.274164015348611	0.026129180666666668	1.51410782179
2.2759093446006062	0.02492583533333333	1.5215792592233335
2.2776546738525996	0.025554676999999998	1.5306074481066665
2.279400003104594	0.025860070333333332	1.5371744260666667
2.281145332356588	0.023205943	1.5372603308566666
2.2828906616085836	0.020251433333333332	1.533173588873333
2.284635990860578	0.019554728999999996	1.527583909983333
2.286381320112572	0.019125554333333333	1.5189694198833332
2.288126649364566	0.017278195666666666	1.5067913498599996
2.28987197861656	0.016255114333333334	1.4948276233566666
2.291617307868555	0.017213156666666667	1.4856217507833334
2.2933626371205493	0.018518557666666664	1.4788930635266664
2.2951079663725436	0.019349429999999997	1.4750345833833336
2.2968532956245378	0.020519464666666667	1.4752593112066665
2.2985986248765315	0.021588328999999996	1.4787111867166667
2.300343954128526	0.021934402333333332	1.4844119446833333
2.3020892833805204	0.021951217666666665	1.4922429991666668
2.3038346126325147	0.021580648666666667	1.5005277311133334
2.305579941884509	0.019840122666666668	1.5062561080799999
2.307325271136503	0.017549366666666667	1.509394824593333
2.309070600388498	0.016213009	1.5111220631566664
2.3108159296404924	0.015244563666666664	1.5097083597899998
2.3125612588924866	0.013258146666666665	1.503019763523333
2.314306588144481	0.011664618333333335	1.49371714703
2.316051917396475	0.012184902333333334	1.4853220685766666
2.3177972466484698	0.013438496666666664	1.47727452206
2.319542575900464	0.013366216666666667	1.4685980649133334
2.321287905152458	0.013471146666666664	1.4629263951166664
2.3230332344044524	0.015478303333333332	1.46339739097
2.324778563656447	0.017503656666666666	1.4680674866999999
2.3265238929084413	0.0173223	1.4743073807566667
2.3282692221604355	0.016764916666666664	1.48325170467
2.3300145514124297	0.017581383333333332	1.4949470641366667
2.331759880664424	0.017939343333333333	1.5056816936633333
2.333505209916418	0.016257946666666665	1.5124949807033332
2.3352505391684133	0.014522893333333332	1.5158650456433334
2.3369958684204075	0.013945886666666666	1.5157532359533334
2.3387411976724017	0.013274927333333334	1.5112837362499998
2.340486526924396	0.012113540666666667	1.503372004973333
2.34223185617639	0.011695526666666666	1.4940133241133333
2.343977185428385	0.011830982999999998	1.4839396058166665
2.345722514680379	0.012114391333333332	1.4748721620266667
2.3474678439323733	0.013170389	1.46931152276
2.3492131731843675	0.014658764999999999	1.4671678121333331
2.3509585024363617	0.014982490000000001	1.4665849245233331
2.3527038316883564	0.01485982333333333	1.4686365306866667
2.3544491609403506	0.015704066666666662	1.4745959513
2.356194490192345	0.016211433333333334	1.4816686714666665
2.357939819444339	0.014682223333333331	1.486558479673333
2.3596851486963333	0.012930261666666667	1.4905318162866668
2.3614304779483275	0.012628137666666667	1.4948157731066667
2.3631758072003217	0.012364958333333332	1.4968075274033332
2.364921136452316	0.010916965333333334	1.49444941314
2.36666646570431	0.009959754366666665	1.4899236485466665
2.3684117949563044	0.010421359166666666	1.48492384055
2.3701571242083	0.011014719333333334	1.4784145288800001
2.371902453460294	0.010808701666666665	1.4701817024733332
2.373647782712288	0.010750391	1.46271880161
2.375393111964282	0.011254682666666665	1.4576247111999998
2.3771384412162764	0.011593102666666667	1.45477350949
2.3788837704682715	0.011222429666666667	1.4542264838733332
2.3806290997202657	0.010869847333333332	1.4567489534633333
2.38237442897226	0.0109832014	1.46182031425
2.384119758224254	0.011156494333333333	1.4681759232433333
2.3858650874762484	0.010948152999999999	1.4746810767866665
2.3876104167282426	0.010917839666666667	1.4801801591733332
2.389355745980237	0.011241274999999998	1.483035741653333
2.391101075232231	0.011498799999999998	1.4828916012966666
2.3928464044842253	0.011505634	1.4803657588466665
2.3945917337362195	0.011603296666666665	1.4755257197833331
2.3963370629882146	0.011494239	1.46821239285
2.398082392240209	0.011222349999999999	1.4605221845466665
2.3998277214922035	0.011312235666666665	1.45482138685
2.4015730507441977	0.01158416	1.45095283716
2.403318379996192	0.011146165999999999	1.447931392923333
2.4050637092481866	0.010724087666666667	1.4473089447333332
2.406809038500181	0.011261417	1.4501295755499997
2.408554367752175	0.011888445033333334	1.4543364800399998
2.4102996970041692	0.011553014666666667	1.4578975921899997
2.4120450262561635	0.011474833066666665	1.46182805134
2.4137903555081577	0.012443608533333332	1.4665356237166665
2.415535684760152	0.013484856666666666	1.4703314919633332
2.417281014012146	0.014058686	1.4723208591266668
2.4190263432641403	0.015068287000000001	1.47350292574
2.4207716725161346	0.016442656333333333	1.47383564172
2.4225170017681297	0.017632884666666668	1.4727511880200002
2.424262331020124	0.018716097	1.4705614959200002
2.426007660272118	0.01968502	1.4676463852266668
2.4277529895241123	0.019811703666666663	1.46359411745
2.4294983187761066	0.019522339	1.4593791305433332
2.4312436480281012	0.019551539	1.4564783091166666
2.4329889772800954	0.01948096433333333	1.4547411743033332
2.4347343065320897	0.018732077333333333	1.4534038907066666
2.436479635784084	0.018380177	1.4537600637833332
2.438224965036078	0.01911413966666667	1.4566578317533332
2.4399702942880728	0.020273836666666666	1.4604025311233333
2.441715623540067	0.02128193133333333	1.4630806676366668
2.443460952792061	0.022742300333333333	1.46528449674
2.4452062820440554	0.02469776933333333	1.467319812303333
2.4469516112960497	0.02646504866666666	1.4676081279866668
2.448696940548044	0.02750902133333333	1.46508118645
2.450442269800038	0.028144933666666667	1.4613442664933332
2.4521875990520323	0.028494137999999995	1.4577461693933333
2.4539329283040274	0.028344917	1.4538116267999999
2.4556782575560216	0.02745408333333333	1.4491742451166667
2.457423586808016	0.026384166666666667	1.4453231680966667
2.4591689160600105	0.025563687333333328	1.4429601596900001
2.4609142453120048	0.024862566666666662	1.4410518551833331
2.462659574563999	0.02405057	1.4387877084566667
2.464404903815993	0.02370412	1.43690772258
2.466150233067988	0.023993630000000002	1.4355399063966665
2.467895562319982	0.024651229999999996	1.43424836933
2.4696408915719763	0.02562241333333333	1.4332802566666667
2.4713862208239705	0.027140109999999995	1.43336257947
2.4731315500759647	0.028732719999999996	1.4342732378533332
2.47487687932796	0.03044262666666667	1.43629035684
2.476622208579954	0.032715933333333336	1.44000357474
2.4783675378319483	0.03504413333333333	1.4445642308566664
2.4801128670839416	0.03628061999999999	1.44820783642
2.481858196335936	0.03721686	1.4514202309899997
2.4836035255879314	0.038839066666666665	1.4549756134699998
2.4853488548399256	0.04001739	1.45717339614
2.48709418409192	0.03952136333333333	1.4563172848033332
2.488839513343914	0.038968989999999995	1.4544033897866666
2.490584842595908	0.03960181333333333	1.4532591984633332
2.492330171847903	0.04013891333333333	1.4514543493533332
2.494075501099897	0.03965501666666667	1.4478391809666666
2.4958208303518914	0.03979505	1.4447970645
2.4975661596038856	0.041318869999999994	1.4437639045366666
2.49931148885588	0.042984546666666665	1.4429476852633334
2.501056818107874	0.04404274666666667	1.4410704684899998
2.5028021473598683	0.04544678333333333	1.4398838942566665
2.5045474766118625	0.04734487333333333	1.4402070488966665
2.5062928058638567	0.04887851666666666	1.4405513504899998
2.508038135115851	0.04957328	1.4400378801999998
2.509783464367846	0.04997347666666667	1.44000438096
2.5115287936198403	0.05018929	1.440876986983333
2.5132741228718345	0.049925830000000004	1.4414595778933335
2.5150194521238287	0.049008209999999996	1.4409347699233335
2.516764781375823	0.047938789999999995	1.4399266591700002
2.5185101106278176	0.04692063333333333	1.4383752007499997
2.520255439879812	0.045880859999999996	1.4355835974566666
2.522000769131806	0.044773643333333335	1.4314617832533332
2.5237460983838007	0.043997716666666666	1.4268429061266668
2.525491427635795	0.043528593333333324	1.4220905599633333
2.527236756887789	0.04338151999999999	1.41786011766
2.5289820861397834	0.043739833333333325	1.4151939555166666
2.5307274153917776	0.04462202	1.41460641522
2.532472744643772	0.045470286666666665	1.4157055314366664
2.534218073895766	0.04663109666666666	1.4190881724799997
2.535963403147761	0.048639503333333334	1.42518098009
2.5377087323997554	0.050777836666666666	1.4324041703533332
2.5394540616517496	0.05189930333333333	1.4385889584566667
2.541199390903744	0.05292248333333333	1.4440779847466667
2.542944720155738	0.05467361	1.4491525992166665
2.5446900494077327	0.05582077333333333	1.4516730593133333
2.546435378659727	0.055174100000000004	1.4499957562499999
2.548180707911721	0.05430312999999999	1.4461478728066668
2.5499260371637154	0.054178123333333335	1.4418272820699998
2.5516713664157096	0.05353297	1.4360591085933332
2.5534166956677042	0.051758189999999996	1.4286120896833332
2.5551620249196985	0.05048638333333333	1.4222938626333335
2.5569073541716927	0.05026773666666666	1.4186842445599999
2.558652683423687	0.050244566666666664	1.4167812312733332
2.560398012675681	0.05023154333333333	1.4160617069566666
2.5621433419276762	0.05090510666666666	1.4177978330966667
2.5638886711796696	0.05193680666666667	1.4219181797999998
2.565634000431664	0.05295680333333334	1.426911017723333
2.567379329683658	0.05394790333333333	1.4317523961599998
2.5691246589356522	0.05466562999999999	1.4364450855833333
2.570869988187648	0.05452964666666667	1.44031166856
2.572615317439642	0.05388016333333333	1.4424849961466668
2.5743606466916362	0.05295223333333333	1.4425098092133333
2.57610597594363	0.05144827333333333	1.4405045254866666
2.5778513051956247	0.04920336333333333	1.4364091119466667
2.5795966344476193	0.04689505333333333	1.4305538008433332
2.5813419636996136	0.044789333333333334	1.4234961843466665
2.5830872929516078	0.04283393666666666	1.4160036026566667
2.584832622203602	0.04101489	1.4086673390866666
2.586577951455596	0.03979368333333333	1.4026305473199998
2.5883232807075904	0.039399989999999996	1.39899378935
2.5900686099595847	0.03976225333333333	1.3982123796933332
2.591813939211579	0.04047162	1.4000633428299998
2.593559268463574	0.041914763333333334	1.4051203506299998
2.595304597715568	0.04449608333333333	1.4135368269466666
2.5970499269675624	0.047474169999999996	1.4236488663899998
2.598795256219557	0.04965283333333334	1.4331880885566666
2.6005405854715513	0.05177199	1.44195861058
2.6022859147235455	0.054460503333333334	1.4495549592466666
2.6040312439755398	0.056147473333333336	1.4534689246333334
2.6057765732275344	0.055470799999999994	1.4518607405933333
2.6075219024795286	0.054088146666666656	1.4464731791066665
2.609267231731523	0.05301622	1.4388660113933334
2.611012560983517	0.05087992	1.42850165521
2.6127578902355113	0.047268976666666664	1.4159709542199999
2.6145032194875055	0.044243274666666665	1.40468060961
2.6162485487394997	0.042465000333333336	1.396634413553333
2.617993877991494	0.04116473666666667	1.3916152126533332
2.619739207243488	0.04048384666666666	1.3897978137333333
2.6214845364954824	0.041031387333333336	1.3922175711866667
2.6232298657474775	0.042084404	1.39821078659
2.6249751949994717	0.04342620433333333	1.4062788414666667
2.626720524251466	0.04524073299999999	1.4152844412599999
2.62846585350346	0.04663685366666666	1.4242475330533335
2.6302111827554544	0.04652374166666666	1.4317736108033332
2.631956512007449	0.04578532033333334	1.4373423582166664
2.6337018412594433	0.044995634333333326	1.4407202259133334
2.6354471705114375	0.043238118	1.4414953593499997
2.6371924997634317	0.040113387333333334	1.4394000984366664
2.638937829015426	0.037014807999999996	1.43521784563
2.6406831582674206	0.034546338999999995	1.4295620116666667
2.642428487519415	0.03213822133333333	1.4226198985066667
2.644173816771409	0.029560667666666665	1.4146597090566666
2.6459191460234033	0.02787873233333333	1.40707189859
2.6476644752753975	0.027705687333333333	1.4011588274166666
2.6494098045273917	0.028466138333333335	1.3972791644733331
2.651155133779386	0.029392422333333335	1.3954138215099996
2.652900463031381	0.031583138999999996	1.3970221334533335
2.6546457922833753	0.03595302933333333	1.40301877874
2.6563911215353695	0.04083002633333333	1.4116485307533333
2.658136450787364	0.044255817333333336	1.4205090379433332
2.6598817800393584	0.047852114	1.4299716520966665
2.6616271092913526	0.05271203766666667	1.4397246683866665
2.663372438543347	0.055798729666666665	1.44610134911
2.665117767795341	0.05491873333333334	1.44643218562
2.6668630970473353	0.05308817133333333	1.4429268944966664
2.66860842629933	0.05202288233333333	1.4372535843266665
2.6703537555513237	0.04898537	1.4278331604799999
2.6720990848033184	0.043095723333333336	1.4148790791766666
2.673844414055312	0.03806942666666666	1.4028072784299996
2.6755897433073077	0.03535977333333333	1.3940836448399998
2.677335072559302	0.03289266	1.3875984264166665
2.679080401811296	0.03021286333333333	1.3831188223566664
2.6808257310632904	0.029362556666666668	1.3826832501966664
2.6825710603152837	0.030393116666666664	1.3862645290733333
2.6843163895672792	0.03168645166666667	1.3916159556533334
2.6860617188192735	0.032584129999999996	1.39739185416
2.6878070480712677	0.03378838	1.4042511519899998
2.689552377323262	0.03527795833333333	1.4120713083633332
2.691297706575256	0.03626807666666666	1.4195115956466666
2.6930430358272504	0.036204496999999995	1.4257183885766662
2.694788365079245	0.035953716	1.4315565592033332
2.696533694331239	0.036048266999999995	1.43709823767
2.6982790235832335	0.035619675999999996	1.4407464853899996
2.7000243528352272	0.03398209233333333	1.4412781179299998
2.701769682087222	0.032433087666666666	1.4395365520433334
2.703515011339216	0.03151928066666666	1.4357833625666665
2.7052603405912103	0.030309527666666662	1.4293350815266666
2.7070056698432046	0.02878353633333333	1.4207598975166666
2.708750999095199	0.028288918333333333	1.41228442048
2.710496328347194	0.028801523666666665	1.4051018287966666
2.712241657599188	0.030180163	1.40007855837
2.7139869868511823	0.03308841766666666	1.3983885727033334
2.7157323161031766	0.03702960733333333	1.4001012857333333
2.7174776453551712	0.04037983866666667	1.403761074153333
2.7192229746071654	0.04394571133333333	1.4090942386366665
2.7209683038591597	0.04846131466666666	1.4155590929499997
2.722713633111154	0.05137608933333333	1.420427314543333
2.7244589623631486	0.050748962999999994	1.4215209831766666
2.7262042916151423	0.049172515666666666	1.4203970220966664
2.727949620867137	0.048053094	1.4182969230999998
2.729694950119131	0.04492033699999999	1.4140402364766667
2.7314402793711254	0.039047715	1.4077473104633331
2.7331856086231197	0.03386711599999999	1.4027358059066666
2.734930937875114	0.030691207666666664	1.4005006496
2.736676267127109	0.027446457999999996	1.39940856559
2.738421596379103	0.023522162	1.3984641238799997
2.7401669256310974	0.021283173999999995	1.3990803890999999
2.7419122548830916	0.021414415	1.4012671518433333
2.743657584135086	0.021932761	1.4028294650866666
2.7454029133870805	0.02171788126666667	1.40265803206
2.7471482426390748	0.02282600763333333	1.4029104201133333
2.748893571891069	0.026359862666666668	1.4050538276633333
2.750638901143063	0.02988168563333333	1.4076334788599998
2.7523842303950574	0.0315327786	1.4096579901366664
2.754129559647052	0.03409332876666667	1.4136363692266667
2.755874888899046	0.03900458548666666	1.4203760001866668
2.7576202181510405	0.04240264728333333	1.4261549398866666
2.7593655474030343	0.041955452069999996	1.4283123730233334
2.761110876655029	0.04162505376666667	1.4291711847566664
2.762856205907024	0.043088430346666665	1.4295063087566666
2.7646015351590183	0.04221971716	1.42615084549
2.7663468644110116	0.0377195434	1.41856767241
2.768092193663006	0.0342823677	1.4113100863099999
2.769837522915	0.03338126216666667	1.4065695492266663
2.7715828521669956	0.03174240876666666	1.40261867996
2.77332818141899	0.02882606273333333	1.3993299960266665
2.775073510670984	0.027824104566666664	1.3991929377299999
2.7768188399229783	0.028969424333333334	1.4018420416466664
2.7785641691749725	0.029842527833333334	1.4042794048066665
2.780309498426967	0.029815550766666664	1.4049433447666666
2.782054827678961	0.03034246793333333	1.40462807486
2.7838001569309556	0.0314353158	1.4033420365833333
2.7855454861829494	0.0317911367	1.4003667867999998
2.787290815434944	0.030873648366666662	1.3961990466066665
2.7890361446869383	0.030069071699999998	1.3932997717699998
2.7907814739389325	0.03008178963333333	1.3931485044766667
2.7925268031909276	0.029672254166666665	1.3951471618033333
2.794272132442922	0.027998886233333332	1.3984799761166666
2.796017461694916	0.026907651433333332	1.4038165929399997
2.7977627909469107	0.02716295053333333	1.410423777773333
2.799508120198905	0.0268247214	1.4155770150066669
2.801253449450899	0.0251251706	1.4177216002600002
2.8029987787028934	0.02427478853333333	1.4180494390933334
2.8047441079548876	0.024718023699999998	1.4170638429366664
2.8064894372068823	0.024893472	1.4144632234333332
2.808234766458876	0.024864862333333328	1.4113058385733332
2.8099800957108707	0.026000731666666665	1.409552940816667
2.8117254249628645	0.027785137999999994	1.4093906894633332
2.813470754214859	0.029785935666666666	1.4105119667533332
2.8152160834668534	0.03244284333333333	1.4126239209966667
2.8169614127188476	0.03499661566666667	1.4144190810700001
2.818706741970842	0.036084342	1.4141241466233332
2.820452071222836	0.036849885666666665	1.4120645691333333
2.8221974004748303	0.038004788	1.4088432921199998
2.8239427297268254	0.03764028966666667	1.40400076331
2.8256880589788196	0.03489700233333333	1.398121102413333
2.827433388230814	0.032258166333333324	1.39419732129
2.829178717482808	0.03057144133333333	1.3937371087266666
2.8309240467348022	0.028029104666666665	1.3957782750699999
2.832669375986797	0.024349027333333332	1.3994826137
2.834414705238791	0.021741907666666664	1.4051349158433333
2.8361600344907854	0.020580541666666667	1.4112991808033333
2.8379053637427796	0.019358848666666664	1.4152412481266663
2.839650692994774	0.017647579666666666	1.4154443451333334
2.841396022246768	0.016920437333333333	1.4127562837299998
2.8431413514987627	0.01755911066666667	1.40806950866
2.8448866807507565	0.018204226666666663	1.4017056254333333
2.846632010002751	0.018031685666666665	1.3947354882666665
2.8483773392547453	0.01883175833333333	1.3901388465999998
2.8501226685067405	0.021544749666666668	1.3896041504566665
2.8518679977587347	0.023935902999999998	1.39177823889
2.853613327010729	0.024473634333333334	1.3950534689133332
2.855358656262723	0.025986822666666666	1.4004236207333334
2.8571039855147173	0.029680937666666664	1.4074393934
2.858849314766712	0.03179848133333333	1.41249944336
2.8605946440187062	0.030541237	1.41389272718
2.8623399732707004	0.030066203333333333	1.4146814555233331
2.8640853025226947	0.031726790666666664	1.416393195223333
2.865830631774689	0.031222712333333333	1.4169684615933333
2.8675759610266836	0.02742202333333333	1.4162716891999998
2.8693212902786778	0.02510032933333333	1.4176940035499999
2.871066619530672	0.02537293666666667	1.4214121481233333
2.872811948782666	0.02432292333333333	1.42372495986
2.87455727803466	0.02126204	1.4227711639299998
2.8763026072866555	0.02004815	1.4199470191433332
2.8780479365386498	0.021144396666666666	1.4148910841233333
2.879793265790644	0.021288759999999997	1.4056898161133333
2.881538595042638	0.01973046666666667	1.3929697942033332
2.8832839242946324	0.019333718666666666	1.3805760876566666
2.885029253546627	0.02061637	1.3710373118766666
2.8867745827986213	0.020916016666666665	1.3646063044066665
2.8885199120506155	0.019340478666666664	1.3619792286966668
2.8902652413026098	0.018884290666666664	1.3655403905666665
2.892010570554604	0.020580739666666667	1.3752276289299998
2.893755899806598	0.021336198333333334	1.38742519581
2.895501229058593	0.019822634	1.3991973106266666
2.8972465583105866	0.019715041	1.411028990843333
2.8989918875625813	0.022115670999999996	1.4220756450833332
2.900737216814575	0.022914463333333333	1.42889304371
2.9024825460665697	0.020763296666666667	1.4306316087133333
2.904227875318564	0.020080483333333333	1.4308829332933333
2.905973204570558	0.021836259999999996	1.4311831317599997
2.9077185338225524	0.021912623333333332	1.4298034036399998
2.9094638630745466	0.019670736666666664	1.4268119799066667
2.9112091923265417	0.019313096666666665	1.4248148499133333
2.912954521578536	0.02125357	1.4234111545700001
2.91469985083053	0.022161653333333337	1.4197510788533334
2.916445180082525	0.02167259666666667	1.4129103022799998
2.918190509334519	0.022434846666666664	1.4043123215200002
2.9199358385865133	0.024260573333333334	1.3943155173333333
2.921681167838508	0.024915556666666665	1.3829871280366666
2.9234264970905017	0.024031119999999996	1.3720017405033333
2.9251718263424964	0.023379203333333334	1.3644996449566666
2.92691715559449	0.023275046666666667	1.3623823191166666
2.928662484846485	0.022316416666666665	1.3658109144666668
2.930407814098479	0.0200681	1.3742503147266665
2.9321531433504733	0.018655726666666667	1.3876057761033334
2.9338984726024675	0.01888318333333333	1.40401865824
2.9356438018544617	0.018637086666666663	1.4194642625766667
2.937389131106457	0.016991142	1.4307482859133334
2.939134460358451	0.016616656333333334	1.4377873237433332
2.9408797896104453	0.018057601	1.44027703667
2.9426251188624395	0.018395738999999998	1.4370859708733335
2.9443704481144337	0.017052051666666665	1.42949580717
2.9461157773664284	0.017013052	1.4215528750866666
2.9478611066184226	0.018446842666666664	1.4153196780933333
2.949606435870417	0.019174409999999996	1.4108409787799998
2.951351765122411	0.019412779999999998	1.4085373508
2.9530970943744053	0.020835716666666663	1.4086399218233332
2.9548424236264	0.022752029999999996	1.4091694131633332
2.956587752878394	0.024333663333333328	1.4081829396666665
2.9583330821303884	0.025778539999999996	1.4047316914133332
2.960078411382382	0.02672032	1.39838720798
2.961823740634377	0.026420353333333334	1.3896967279233332
2.963569069886372	0.025615150000000003	1.38133784241
2.965314399138366	0.024512979999999997	1.37582904293
2.9670597283903604	0.022617439999999996	1.3747947942299998
2.9688050576423537	0.020324753333333334	1.3794253656133333
2.970550386894349	0.018530233666666666	1.3899380850433334
2.9722957161463435	0.016956239666666668	1.4041252357699998
2.9740410453983377	0.01594576933333333	1.4191024173799998
2.975786374650332	0.01596534633333333	1.4318386639433334
2.977531703902326	0.016145588	1.4392724315366667
2.9792770331543204	0.015760673899999997	1.4397023330666665
2.981022362406315	0.01599822533333333	1.4344103095533332
2.982767691658309	0.016844629333333333	1.4255259917066665
2.9845130209103035	0.017201193999999996	1.4156229764933332
2.9862583501622977	0.017470868	1.4081243622366666
2.988003679414292	0.018546857666666666	1.4057965663433332
2.989749008666286	0.019661307666666662	1.4086998371733332
2.9914943379182812	0.021381166666666663	1.41607057448
2.9932396671702755	0.024659559999999997	1.4257866150766665
2.9949849964222697	0.02747113	1.4332057787366665
2.996730325674264	0.028056699999999997	1.4343163613199998
2.9984756549262586	0.02915533666666667	1.4295231611666666
3.000220984178253	0.031458646666666666	1.41975068199
3.001966313430247	0.03101543333333333	1.40491513733
3.0037116426822412	0.027183263333333336	1.3882938204766666
3.0054569719342354	0.024441246666666666	1.3767268514066666
3.00720230118623	0.023271736666666668	1.37345370698
3.008947630438224	0.020640203333333332	1.3776729810033332
3.0106929596902186	0.017200253	1.3886354140766666
3.0124382889422123	0.015809560666666667	1.4051309855466665
3.014183618194207	0.015786169133333333	1.4225380993333332
3.015928947446201	0.015656489966666666	1.4358797692699998
3.0176742766981954	0.0156040352	1.4424625745466664
3.0194196059501897	0.015918880666666666	1.441888092703333
3.021164935202184	0.016243513333333334	1.43550034855
3.022910264454178	0.016507812633333334	1.4265405676333334
3.024655593706173	0.016312534533333332	1.4187142303266667
3.0264009229581674	0.016712015900000002	1.4162457987566666
3.0281462522101616	0.01904235	1.4216995798133332
3.029891581462156	0.021510021666666664	1.4333445297666665
3.03163691071415	0.022314976666666667	1.4472569574266665
3.0333822399661448	0.02506926333333333	1.4616111506433331
3.035127569218139	0.031060033333333334	1.4727324490066664
3.036872898470133	0.03419155333333333	1.47349009146
3.0386182277221274	0.03228387	1.4614092807133332
3.040363556974122	0.032090883333333334	1.4423059366233333
3.042108886226116	0.03453716333333333	1.4205960680133334
3.0438542154781105	0.032487713333333335	1.39720863141
3.0455995447301047	0.026028633333333332	1.3775078442599997
3.047344873982099	0.02274378333333333	1.3700597574566666
3.049090203234093	0.022651043666666665	1.3761855087166666
3.0508355324860883	0.02057423	1.3912551820466668
3.0525808617380825	0.017381722500000002	1.4117280964066667
3.0543261909900767	0.016886889999999998	1.4344657160133334
3.056071520242071	0.017877392	1.4533108929166665
3.057816849494065	0.017806171666666665	1.46293197526
3.05956217874606	0.016744797999999998	1.46208692726
3.061307507998054	0.01621163566666667	1.4535144037399998
3.0630528372500487	0.01668587053333333	1.44169616401
3.0647981665020425	0.016775239	1.4310720243666666
3.0665434957540367	0.015479599666666666	1.4258474416299998
3.0682888250060314	0.016445336999999997	1.4313673134333333
3.0700341542580256	0.02171351333333333	1.4487526509899997
3.07177948351002	0.02559844	1.4710012240899997
3.073524812762014	0.025231280000000002	1.49053420201
3.075270142014008	0.028221029999999998	1.5056461978533333
3.0770154712660034	0.03595112	1.51165830461
3.0787608005179976	0.03776759333333333	1.49943115133
3.080506129769992	0.03203859333333333	1.4695663360766666
3.082251459021986	0.030236046666666662	1.43483868516
3.0839967882739803	0.03302288666666667	1.4040583108466667
3.085742117525975	0.03030741	1.3803674381166666
3.087487446777969	0.02343202433333333	1.371982562743333
3.0892327760299634	0.021969618666666666	1.3877977753366668
3.0909781052819576	0.02449739033333333	1.4245139195099998
3.092723434533952	0.024475058666666667	1.4707570204533333
3.094468763785946	0.022969075999999998	1.5159445163499998
3.0962140930379407	0.023348736666666665	1.55007130022
3.0979594222899345	0.024089948333333333	1.56313115457
3.099704751541929	0.02283654266666666	1.55053559824
3.101450080793923	0.019463634666666667	1.5158860534833334
3.1031954100459176	0.017028317333333334	1.4714690193733333
3.104940739297912	0.018076000133333332	1.4334949568466666
3.106686068549906	0.01882945133333333	1.4142245974399998
3.1084313978019003	0.016486663	1.4219349813733333
3.1101767270538954	0.01990131666666667	1.4643595682166666
3.1119220563058896	0.032515716666666666	1.5360104136533332
3.113667385557884	0.039416969999999996	1.6112532719233335
3.1154127148098785	0.03525755333333333	1.6660213128133332
3.1171580440618727	0.03767674666666666	1.6921923316466665
3.118903373313867	0.04848242666666666	1.6791788060066666
3.120648702565861	0.04565072333333334	1.6143985127799998
3.122394031817856	0.029575499999999994	1.51442291689
3.1241393610698496	0.024133509999999997	1.4234923655366667
3.1258846903218442	0.028763546666666667	1.3780910948099998
3.127630019573838	0.027127164333333332	1.40476654727
3.1293753488258327	0.02653708666666666	1.5344509071133334
3.131120678077827	0.03821846333333333	1.781156590976667
3.132866007329821	0.052928383333333336	2.123921066743333
3.1346113365818153	0.06986866333333333	2.5266200978633333
3.1363566658338096	0.09775024666666667	2.94180184914
3.1381019950858047	0.11717294	3.29506494813
3.139847324337799	0.10950582999999998	3.519509542453333
3.141592653589793	0.10895315333333333	3.6042923645433333