# O(3P)+CO2(000; j=0) -> O(3P)+CO2(000; j') scattering, statistically averaged (3A2+3B2+3B1) potential energy surfaces
# Differential cross sections; packaged by M. Gacesa (marko.gacesa@nasa.gov), Apr 30 2019
# E = 3.50131 eV
# theta(rad)                 elastic DCS                total DCS (both in units of 1E-16 cm^2/Sr)
0.	3.7955636666666665e6	3.869765987533655e6
0.0017453292519943296	2.3869516666666665e6	2.4257709583833334e6
0.003490658503988659	539820.4666666666	546062.0864606666
0.005235987755982989	128476.01666666668	137582.48707036665
0.006981317007977318	92933.79666666666	99098.86103536666
0.008726646259971648	30907.690000000002	36596.54781273333
0.010471975511965978	25846.636666666665	31794.456552866664
0.012217304763960305	14671.472666666668	17459.108409196666
0.013962634015954637	6439.785333333333	9080.065779546665
0.015707963267948967	2966.7666666666664	6258.402532689999
0.017453292519943295	3653.9669999999996	5967.076269233332
0.019198621771937624	2710.644666666666	4090.3332458333334
0.020943951023931956	568.1506933333333	2308.821270323333
0.02268928027592628	1603.5069999999998	3293.7269564599997
0.02443460952792061	1324.7307333333333	2357.096649243333
0.02617993877991494	264.70285333333334	1365.7155263629998
0.027925268031909273	442.6819333333333	1602.171511543333
0.029670597283903602	321.88216666666665	1059.3094676143332
0.031415926535897934	130.08169999999998	747.422927138
0.03316125578789226	127.31740666666667	859.089791461
0.03490658503988659	150.71050666666667	768.1359281763334
0.03665191429188092	178.5181	610.6718066433333
0.03839724354387525	128.94984333333332	560.336951411
0.040142572795869566	121.09731666666666	590.431664633
0.04188790204786391	129.66516666666666	517.3614205256666
0.043633231299858244	65.94263000000001	382.14657683999997
0.04537856055185256	81.02340999999998	396.1460309976667
0.047123889803846894	87.12620333333332	376.43826170400007
0.04886921905584122	61.66406666666666	323.241218067
0.05061454830783555	86.13232333333333	338.3133938486666
0.05235987755982988	81.65965999999999	310.8000539996666
0.054105206811824215	65.53860333333333	282.14494674266666
0.05585053606381855	66.37234666666666	277.6629167923333
0.05759586531581287	51.22555	250.5082110383333
0.059341194567807204	50.83089666666667	237.48572210499998
0.061086523819801536	42.70254666666666	215.72069537899998
0.06283185307179587	36.271386	207.77606818866664
0.0645771823237902	42.350123333333336	210.65080462833333
0.06632251157578452	33.32151333333333	189.60588343266664
0.06806784082777885	35.73622999999999	190.049919835
0.06981317007977318	33.272040000000004	184.034394156
0.0715584993317675	23.75867	166.75567701899996
0.07330382858376185	26.576879999999996	163.33026565633332
0.07504915783575618	17.956077999999998	146.56328773666667
0.0767944870877505	17.106646666666666	144.00354056999998
0.07853981633974483	18.291063333333334	142.469896581
0.08028514559173913	14.042227333333333	130.66784587
0.08203047484373349	23.154289999999996	135.9295166563333
0.08377580409572782	18.45313333333333	127.95715723766666
0.08552113334772216	16.635515666666667	124.86406210100002
0.08726646259971649	19.417786666666665	124.36594550266666
0.08901179185171079	9.821342333333332	108.36591687319999
0.09075712110370512	11.637864	107.94479644776666
0.09250245035569944	9.636527666666666	103.04915472446666
0.09424777960769379	7.9735543333333325	98.82362833093333
0.09599310885968812	15.001053333333333	104.51249971396665
0.09773843811168244	9.902108333333333	96.00298235376665
0.09948376736367677	12.63628	97.12132547933334
0.1012290966156711	13.11918	94.80681675829999
0.10297442586766543	6.869409999999999	85.867353186
0.10471975511965977	8.486091	86.40278763020001
0.10646508437165408	4.422094333333334	78.1804267492
0.10821041362364843	5.2669093333333326	76.3432663311
0.10995574287564276	7.973598	77.90435926943333
0.1117010721276371	4.8154916666666665	72.83371451279999
0.11344640137963143	9.557511	76.23884241993332
0.11519173063162574	8.441313666666666	72.0780225709
0.11693705988362009	7.268065333333333	69.28465222896666
0.11868238913561441	8.184679	69.45188132713332
0.12042771838760875	3.9295716666666665	62.361711401566666
0.12217304763960307	5.966046333333333	62.56412361273334
0.12391837689159738	5.197091333333333	60.4758557253
0.12566370614359174	3.602942333333333	58.4056114391
0.12740903539558604	7.925024333333333	62.40313120596666
0.1291543646475804	6.366184333333334	58.812471789599996
0.13089969389957473	7.233377333333333	58.88453567913332
0.13264502315156904	6.622306999999999	57.39580411396666
0.1343903524035634	3.418795	52.80712730669999
0.1361356816555577	5.034364333333333	53.7627286591
0.13788101090755206	2.968234	50.1533520485
0.13962634015954636	2.311524	48.65958689903333
0.1413716694115407	4.334127333333333	49.985168509999994
0.143116998663535	3.0631899999999996	47.6507997632
0.14486232791552936	4.6525186666666665	49.459176778999996
0.1466076571675237	3.6426909999999997	47.47644882296667
0.148352986419518	2.479141	44.788194351899996
0.15009831567151236	3.3791496666666667	44.98096214253333
0.15184364492350666	1.4874561000000002	42.214091771
0.153588974175501	1.8308514666666664	42.1650299603
0.15533430342749535	2.3506356666666663	41.52733613076666
0.15707963267948966	1.90118	39.7388117679
0.158824961931484	3.720993	41.67215343433333
0.16057029118347826	2.849288333333333	40.4143033008
0.16231562043547265	3.1360086666666662	39.67085477076666
0.16406094968746698	3.494059333333333	38.711652609699996
0.16580627893946132	1.8016126666666665	35.92739163976667
0.16755160819145565	2.3625306666666663	36.53231197073333
0.16929693744344992	2.1849653333333334	35.9121825007
0.1710422666954443	1.899309333333333	34.5945342589
0.17278759594743864	3.221962333333333	35.14363299363333
0.17453292519943298	2.392793333333333	33.68673856236666
0.17627825445142725	2.7514063333333327	34.1589404064
0.17802358370342158	2.747808	33.965720798966665
0.17976891295541597	1.4188933333333331	31.791583207366664
0.18151424220741025	1.6776206666666664	31.374813036400003
0.18325957145940458	1.5543213333333334	30.602978258499995
0.18500490071139888	1.4142568333333332	30.483227840599998
0.18675022996339324	2.0282986666666667	31.24903566573333
0.18849555921538758	1.4778856666666667	29.99435012193333
0.1902408884673819	1.804793	29.783976328933335
0.19198621771937624	1.7660783333333332	29.4728684549
0.19373154697137057	1.1784000666666667	28.73158717973333
0.19547687622336488	1.2726808333333333	28.59180188543333
0.19722220547535924	1.1424470999999998	27.556233333999998
0.19896753472735354	1.2163189	27.107501502999998
0.2007128639793479	1.4477863333333332	27.501215682166663
0.2024581932313422	1.1308084333333333	26.959787671899996
0.20420352248333656	1.7285493333333335	26.9049425857
0.20594885173533087	1.7077776666666669	26.029231667066668
0.20769418098732523	1.3259034333333335	25.190368812933333
0.20943951023931953	1.4017663333333332	25.257699408366665
0.2111848394913139	1.1539827333333332	24.575619884766667
0.21293016874330817	1.3309125333333331	24.072634245366665
0.21467549799530256	1.713218	23.988137648600002
0.21642082724729686	1.2682346666666666	23.284787569666666
0.2181661564992912	1.6080543666666665	23.496782092566665
0.21991148575128552	1.6080506666666665	23.0351370869
0.22165681500327983	1.1380656666666664	22.045919310133332
0.2234021442552742	1.1392993333333332	21.761980734233333
0.22514747350726852	0.9053035	21.214052802633333
0.22689280275926285	0.8893564333333333	21.04918876223333
0.22863813201125716	1.2630983333333332	21.263199677466666
0.2303834612632515	0.9095106333333334	20.5597495712
0.23212879051524585	1.0331627	20.509213506166667
0.23387411976724018	0.9731587333333334	20.243385776733334
0.23561944901923448	0.6288039333333333	19.748559736033332
0.23736477827122882	0.6893982999999999	19.730781788466665
0.23911010752322315	0.5451189	19.2007751359
0.2408554367752175	0.5687265	18.967291262666667
0.24260076602721184	0.8426399	19.237257644833335
0.24434609527920614	0.5643418	18.84792227013333
0.24609142453120048	0.8550868666666667	18.99626097023333
0.24783675378319475	0.8746067333333333	18.68691724343333
0.24958208303518917	0.6424709333333333	18.208928387566665
0.25132741228718347	0.7073097666666666	18.293233558666664
0.2530727415391778	0.4731704333333333	17.874703893333333
0.2548180707911721	0.6211943	17.7509150838
0.25656340004316636	0.9880356333333333	17.9159611571
0.2583087292951608	0.7473998	17.491641964766664
0.26005405854715513	1.0749648333333333	17.794112488499998
0.26179938779914946	0.9790101333333334	17.531428491633328
0.2635447170511437	0.7366433333333333	17.028940128966667
0.26529004630313807	0.9088048666666666	17.022755646866667
0.26703537555513246	0.5779654	16.435498715466665
0.2687807048071268	0.6303739333333334	16.339597706766664
0.270526034059121	0.9737214666666667	16.6048518458
0.2722713633111154	0.6575697333333332	16.132756857266664
0.2740166925631097	0.9520452333333334	16.270785681999996
0.2757620218151041	0.8744516666666666	15.872264671866663
0.27750735106709834	0.4876683	15.2707190756
0.2792526803190927	0.5370573999999999	15.274774850266667
0.280998009571087	0.2997548333333333	14.8377650871
0.2827433388230814	0.3665424	14.747432432733333
0.2844886680750758	0.6784754333333334	14.946086219933335
0.28623399732707	0.4155987	14.59710882403333
0.28797932657906433	0.5484703333333333	14.7829762259
0.2897246558310587	0.4779871666666667	14.5060762321
0.291469985083053	0.38533333333333336	14.1264074483
0.2932153143350474	0.4818421	14.1548950518
0.29496064358704166	0.22053441000000001	13.8274161678
0.296705972839036	0.3019223	13.8882347163
0.2984513020910303	0.5320584666666666	14.001839229233333
0.3001966313430247	0.4240860999999999	13.603682225633335
0.301941960595019	0.7444610333333334	13.763968996266666
0.3036872898470133	0.6290988	13.5263052849
0.30543261909900765	0.48627733333333334	13.323101406333333
0.307177948351002	0.5761720333333333	13.384634199666666
0.3089232776029963	0.301571	12.8779701297
0.3106686068549907	0.4198440333333333	12.738567813533333
0.312413936106985	0.6908057333333334	12.841311819833331
0.3141592653589793	0.5144382666666666	12.625191004566666
0.31590459461097364	0.6929542	12.873350609666666
0.317649923862968	0.5573263666666667	12.5600662915
0.3193952531149623	0.4170987666666666	12.145514105533332
0.32114058236695653	0.5265293333333332	12.1417952575
0.32288591161895097	0.29334499999999997	11.877491623833333
0.3246312408709453	0.2801706	11.902591240366664
0.32637657012293964	0.46707400000000004	11.978620052833332
0.32812189937493397	0.35121103333333326	11.645591937733332
0.32986722862692824	0.4825922	11.775995222533334
0.33161255787892263	0.3548539	11.6536124067
0.3333578871309169	0.23037179	11.450588558033331
0.3351032163829113	0.3003452333333333	11.402057205733332
0.3368485456349056	0.16206292666666666	11.069502105299998
0.33859387488689985	0.18549619666666667	11.047706842699998
0.34033920413889424	0.31303519999999996	11.201880140599998
0.3420845333908886	0.23841916666666668	11.022267191200001
0.3438298626428829	0.3998667	11.066164901333332
0.3455751918948773	0.3149745	10.8047230133
0.34732052114687156	0.25823816666666666	10.595090641266667
0.34906585039886595	0.35110249999999993	10.655320441766666
0.3508111796508603	0.21460586666666664	10.427268542203333
0.3525565089028545	0.2384797333333333	10.297383504839999
0.3543018381548489	0.40667746666666665	10.292179371576665
0.35604716740684317	0.37054176666666666	10.104935836656667
0.35779249665883756	0.5231098	10.261369167736666
0.35953782591083194	0.42062	10.138724853533333
0.3612831551628262	0.28172356666666665	9.834799868226666
0.3630284844148205	0.3907350333333333	9.751215038643332
0.3647738136668149	0.36078943333333335	9.607536094059999
0.36651914291880916	0.35571240000000004	9.645311196163334
0.36826447217080355	0.47213166666666667	9.797550500749999
0.37000980142279777	0.3682159333333333	9.560473877156667
0.3717551306747922	0.4293359333333333	9.493290205036667
0.3735004599267865	0.39192689999999997	9.421935208726666
0.3752457891787809	0.2414383	9.321399679623333
0.37699111843077515	0.2617581333333333	9.383926990199999
0.3787364476827695	0.2587640333333333	9.29246872559
0.3804817769347638	0.2094864	9.178288823799999
0.38222710618675815	0.27603406666666663	9.304717946026667
0.3839724354387525	0.1932969	9.274245503293333
0.38571776469074687	0.1915999333333333	9.285084586733333
0.38746309394274114	0.16997749999999995	9.181206690293333
0.3892084231947355	0.09226032333333331	8.971870248326667
0.39095375244672975	0.11383756666666667	8.95544931624
0.39269908169872414	0.14545813333333332	8.98034252626
0.39444441095071847	0.12974525666666667	8.921969261263332
0.3961897402027128	0.20645579333333333	8.915218852813332
0.3979350694547071	0.17020553333333335	8.708600810250001
0.39968039870670136	0.21302593333333333	8.60662089577
0.4014257279586958	0.24430666666666667	8.564495078323333
0.4031710572106902	0.18164744999999996	8.417209737123331
0.4049163864626844	0.218484	8.345949039033332
0.4066617157146788	0.30255243333333326	8.292479209116665
0.4084070449666731	0.2896354666666666	8.161335883096665
0.41015237421866746	0.3738555	8.199611109653333
0.41189770347066174	0.32586719999999997	8.067033538446665
0.413643032722656	0.2851554333333333	7.894442087643332
0.41538836197465046	0.32981069999999996	7.838834283183333
0.4171336912266447	0.2753330666666667	7.7337207042100005
0.41887902047863906	0.25181983333333335	7.698708565776666
0.42062434973063334	0.3527658	7.745998976923333
0.4223696789826278	0.30607956666666664	7.6076420452399995
0.4241150082346221	0.3052587	7.602766547523332
0.42586033748661634	0.23918509999999996	7.562826672693333
0.4276056667386108	0.13213245333333334	7.422587505469999
0.4293509959906051	0.17906196666666666	7.376277948893333
0.43109632524259933	0.2098612333333333	7.311096794983333
0.4328416544945937	0.1371894966666667	7.27119650182
0.434586983746588	0.16747182666666666	7.397730607483332
0.4363323129985824	0.11954013333333333	7.320586612496666
0.43807764225057666	0.11600279666666666	7.222315579993333
0.43982297150257105	0.11189336333333333	7.145046069723333
0.44156830075456543	0.04721761333333333	7.07379586549
0.44331363000655966	0.06917566333333333	7.16338024316
0.445058959258554	0.13147846666666665	7.2177534671900005
0.4468042885105484	0.12139691999999998	7.108706489303334
0.44854961776254265	0.17230446666666666	7.097211975496667
0.45029494701453704	0.13671066666666665	7.02289514776
0.4520402762665313	0.17087876666666668	7.05346571385
0.4537856055185257	0.2103942	7.0923562082533325
0.45553093477052	0.14572142999999999	6.940953463416666
0.4572762640225143	0.18489873333333331	6.869926367183333
0.45902159327450864	0.27881636666666665	6.906956366523333
0.460766922526503	0.26312206666666665	6.900232926409999
0.46251225177849725	0.32592156666666666	7.00158687086
0.4642575810304917	0.25144306666666666	6.856502408203333
0.46600291028248597	0.20293606666666666	6.652995121723333
0.46774823953448036	0.29305326666666665	6.658704565606667
0.4694935687864746	0.24875119999999998	6.6539083253566655
0.47123889803846897	0.1899333	6.68025927147
0.4729842272904633	0.24854289999999996	6.690497769833333
0.47472955654245763	0.1988308	6.47260365126
0.4764748857944519	0.22996773333333334	6.459365750756666
0.4782202150464463	0.1848202333333333	6.505729337549999
0.4799655442984406	0.05396089	6.4474868463699995
0.481710873550435	0.07568866999999999	6.409148136943333
0.48345620280242924	0.11560003666666666	6.281949776593334
0.4852015320544237	0.08774636	6.223345187850001
0.48694686130641796	0.11449677999999999	6.387546629146667
0.4886921905584123	0.06178166333333333	6.363283093963333
0.49043751981040656	0.09171333333333333	6.249290926159999
0.49218284906240095	0.10367306999999999	6.072867895726667
0.4939281783143953	0.03845750666666667	5.939939630013333
0.4956735075663895	0.06293436666666666	6.076800797973334
0.4974188368183839	0.11527645666666667	6.197142204183334
0.49916416607037833	0.14167926333333333	6.11286253854
0.5009094953223726	0.20261016666666665	6.023490643106666
0.5026548245743669	0.12063008666666666	5.8496724467300005
0.5044001538263612	0.1410763	5.878415428489999
0.5061454830783556	0.21521766666666667	5.9962256287599995
0.5078908123303499	0.15545172999999995	5.905464595683332
0.5096361415823442	0.14027110999999998	5.828640354746668
0.5113814708343385	0.1640175333333333	5.811816629066667
0.5131268000863327	0.16656949999999998	5.794132953056666
0.5148721293383272	0.29497093333333335	5.929999278973334
0.5166174585903216	0.22997296666666667	5.82678705534
0.5183627878423158	0.09340188333333332	5.609547539249999
0.5201081170943103	0.11585486666666667	5.595547689506667
0.5218534463463045	0.13279431333333333	5.645087337739999
0.5235987755982989	0.16714443333333331	5.749854506186667
0.5253441048502931	0.21841826666666667	5.787600890206666
0.5270894341022874	0.11393490666666667	5.5278070676999995
0.5288347633542818	0.12020920666666668	5.414245289906667
0.5305800926062761	0.13637626666666663	5.4726858393399995
0.5323254218582705	0.06743848	5.532348896943334
0.5340707511102649	0.07574575	5.557129790506666
0.5358160803622593	0.097733455	5.376668792003334
0.5375614096142536	0.09542987333333333	5.1685210284166665
0.5393067388662478	0.1472848	5.250068972953333
0.541052068118242	0.07654474333333333	5.339393814179999
0.5427973973702365	0.049879633333333326	5.356930768589999
0.5445427266222308	0.09424936333333334	5.21423092395
0.5462880558742251	0.08256943	4.975364473706667
0.5480333851262194	0.06934874333333332	4.978994012693333
0.5497787143782138	0.07242643333333333	5.164855506116666
0.5515240436302082	0.07634192333333334	5.234438262436667
0.5532693728822025	0.16790912666666663	5.197338281759999
0.5550147021341967	0.14804419	4.993770029073333
0.5567600313861911	0.08289369666666667	4.909557242616666
0.5585053606381855	0.08192923333333332	5.0519849700799995
0.5602506898901798	0.11064870666666667	5.148873252103333
0.561996019142174	0.17939600999999997	5.134640284036666
0.5637413483941685	0.21398429999999996	5.069886645096667
0.5654866776461628	0.1279211033333333	4.9806237722399995
0.5672320068981571	0.14430240666666666	5.087512981833333
0.5689773361501516	0.17684824999999998	5.15883040013
0.5707226654021459	0.16334063999999998	5.056687430276666
0.57246799465414	0.1660296433333333	4.961310653586666
0.5742133239061344	0.1364743	4.9442221171966665
0.5759586531581287	0.12474249999999999	5.04018216892
0.5777039824101231	0.2076232	5.19271142348
0.5794493116621174	0.17233096666666664	5.072498277249999
0.5811946409141118	0.11364421333333333	4.856227587756667
0.582939970166106	0.10691375333333333	4.790668116483333
0.5846852994181004	0.09044964666666666	4.881484338796666
0.5864306286700948	0.10858583333333334	5.05398005926
0.5881759579220891	0.13974165666666666	5.077627466476667
0.5899212871740833	0.07879568666666666	4.83460309804
0.5916666164260775	0.075129067	4.693723676566666
0.593411945678072	0.07589630333333333	4.743575613363333
0.5951572749300664	0.03926122	4.867161051586667
0.5969026041820606	0.03858326066666666	4.912306919126666
0.5986479334340549	0.058868733333333326	4.763163738229999
0.6003932626860494	0.04764792333333333	4.58117685547
0.6021385919380438	0.06162237333333333	4.630346350933333
0.603883921190038	0.03294900333333333	4.738976520273333
0.6056292504420324	0.021948373333333333	4.743266128746667
0.6073745796940266	0.05342032333333333	4.5881160628833335
0.609119908946021	0.07614420599999999	4.418506909623333
0.6108652381980153	0.06353592	4.45342941532
0.6126105674500095	0.06430924	4.64179501506
0.614355896702004	0.07728444333333334	4.676097887079999
0.6161012259539983	0.13558288333333335	4.522634289853333
0.6178465552059926	0.14877973333333333	4.312144182176667
0.6195918844579871	0.12515415	4.302293747103333
0.6213372137099814	0.11663511333333333	4.498002631159999
0.6230825429619757	0.14765551666666665	4.61012540376
0.62482787221397	0.1937979	4.479473086336666
0.6265732014659642	0.22370463333333335	4.291083088256666
0.6283185307179586	0.16959609999999997	4.22861582978
0.630063859969953	0.15328986666666666	4.405018451123333
0.6318091892219473	0.18234603333333332	4.560363306593333
0.6335545184739415	0.19181372666666666	4.45337439402
0.635299847725936	0.18257966666666664	4.23753097244
0.6370451769779303	0.16377156666666665	4.1791595387
0.6387905062299246	0.11965533	4.307199542303334
0.6405358354819191	0.1441846333333333	4.509003398603333
0.6422811647339131	0.14397751	4.469422424803334
0.6440264939859075	0.09090259	4.223451442053333
0.6457718232379019	0.06565349	4.097120599626667
0.6475171524898962	0.06839292	4.192963685116666
0.6492624817418906	0.05918225333333334	4.3407235965333335
0.6510078109938849	0.07413312333333333	4.359228007456666
0.6527531402458793	0.038864223333333336	4.1343231736299995
0.6544984694978735	0.012802218333333332	3.955792612243333
0.6562437987498679	0.02756640333333333	4.023072184083333
0.6579891280018623	0.030771065999999993	4.180141834063333
0.6597344572538565	0.01726593733333333	4.20230389354
0.6614797865058508	0.028673809999999997	4.03643449431
0.6632251157578453	0.030148127	3.83110042494
0.6649704450098396	0.054607826666666665	3.8768672911733333
0.6667157742618338	0.04889271633333332	4.06250025722
0.668461103513828	0.031081736666666665	4.129081248089999
0.6702064327658226	0.04181728666666666	3.978804978366666
0.6719517620178169	0.06971561666666666	3.7527024244466665
0.6736970912698113	0.08893713666666665	3.7244700863933327
0.6754424205218055	0.10001664333333334	3.9487809229299993
0.6771877497737997	0.06892511999999998	4.09159867823
0.6789330790257941	0.09391251	4.026315816776666
0.6806784082777885	0.12795771	3.8181604272999996
0.6824237375297828	0.11366824	3.698627785496666
0.6841690667817772	0.10706446666666666	3.8515729667766667
0.6859143960337715	0.11169658	4.061246472033333
0.6876597252857658	0.11149601666666667	4.03562549768
0.6894050545377601	0.17008946666666663	3.8866523870400003
0.6911503837897546	0.15285303333333333	3.741354120393333
0.6928957130417489	0.08931117333333334	3.7778038997166665
0.6946410422937431	0.09521523333333333	3.97282408589
0.6963863715457373	0.11279622666666667	4.01174201164
0.6981317007977319	0.12002956666666667	3.8478979596233325
0.6998770300497262	0.14922540666666667	3.7322093887699994
0.7016223593017206	0.09538426333333333	3.719603441083333
0.7033676885537148	0.06311283333333333	3.85110426494
0.705113017805709	0.08595752000000001	3.941835242703333
0.7068583470577035	0.07236905333333334	3.8094819288399995
0.7086036763096978	0.06002721	3.6480089982266666
0.710349005561692	0.07773324666666666	3.6523822817766662
0.7120943348136863	0.056643466666666656	3.74870434447
0.7138396640656808	0.06266030333333333	3.85567248496
0.7155849933176751	0.04896230333333333	3.7778792385099997
0.7173303225696694	0.012708237666666665	3.5795253767533333
0.7190756518216639	0.02008533	3.5186569079233334
0.7208209810736581	0.048160043333333326	3.626015393523333
0.7225663103256524	0.05266202866666665	3.760686930366667
0.7243116395776467	0.054401149999999995	3.7949807395933335
0.726056968829641	0.021450096333333328	3.6375384815666667
0.7278022980816354	0.027173161666666668	3.51256025312
0.7295476273336298	0.051488765666666665	3.54455441033
0.7312929565856241	0.048645533	3.6417545520466668
0.7330382858376183	0.04661977666666667	3.7056505840066665
0.7347836150896128	0.04724326333333333	3.6513111063966663
0.7365289443416071	0.04360149333333333	3.5197841220333332
0.7382742735936013	0.08721419666666666	3.5184472464866663
0.7400196028455955	0.07893208666666668	3.573276077293333
0.7417649320975901	0.04691343666666667	3.5920824310899997
0.7435102613495844	0.05782959	3.561439945243333
0.7452555906015788	0.06728768666666665	3.468377927703333
0.747000919853573	0.08499550666666666	3.43031815497
0.7487462491055674	0.12477773333333333	3.515140183653333
0.7504915783575618	0.08933241333333333	3.5324509860999997
0.752236907609556	0.07378252999999999	3.480299528853333
0.7539822368615503	0.09295181	3.39781154436
0.7557275661135445	0.08199443666666666	3.32422151838
0.757472895365539	0.09384141666666668	3.369870445583333
0.7592182246175333	0.12198131333333334	3.4586133221999997
0.7609635538695276	0.09518227999999998	3.416714968453333
0.7627088831215221	0.10152665999999999	3.33333804484
0.7644542123735163	0.09636601333333333	3.247816858
0.7661995416255106	0.06216658333333334	3.2241580448466665
0.767944870877505	0.07181506	3.3088267112633334
0.7696902001294994	0.0906266	3.3558399185599996
0.7714355293814937	0.07519303333333333	3.288618137223333
0.773180858633488	0.08097033666666666	3.225968230123333
0.7749261878854823	0.054055806666666664	3.1762033999599995
0.7766715171374765	0.0273928	3.1977548584866664
0.778416846389471	0.03629881	3.262293117093333
0.7801621756414653	0.041254889999999995	3.2524389982266664
0.7819075048934595	0.037633346	3.19605326366
0.7836528341454538	0.044452307999999996	3.17469301666
0.7853981633974483	0.023361435066666665	3.1601149259133336
0.7871434926494427	0.022294085666666665	3.1865221105833332
0.7888888219014369	0.026728186666666667	3.18894278452
0.7906341511534312	0.025075473666666667	3.1417116462566668
0.7923794804054256	0.03296552666666666	3.1211146728233334
0.7941248096574199	0.03927557333333333	3.135851809883333
0.7958701389094142	0.03595346666666667	3.1401602668433335
0.7976154681614087	0.05809468666666666	3.147790067253333
0.7993607974134027	0.05551648999999999	3.105072842503333
0.8011061266653973	0.05064518733333333	3.0697080721633334
0.8028514559173916	0.0582655	3.0902475780766663
0.8045967851693858	0.06110874	3.115463963603333
0.8063421144213804	0.07720963666666666	3.120680696613333
0.8080874436733746	0.10709547999999999	3.1158458822833333
0.8098327729253688	0.08836200333333333	3.0694050469299996
0.8115781021773631	0.07661456333333333	3.0594027742799996
0.8133234314293576	0.07953451	3.0733474766633333
0.815068760681352	0.08087826	3.0630087961666668
0.8168140899333463	0.09855420333333333	3.06005455133
0.8185594191853405	0.10887633999999999	3.0728969932766663
0.8203047484373349	0.07545806666666667	3.0639992827199998
0.8220500776893291	0.06973050666666666	3.070321777323333
0.8237954069413235	0.07231757	3.0380356378133335
0.8255407361933177	0.06629358733333333	2.9808968624133336
0.827286065445312	0.06957553	2.9810970373733334
0.8290313946973066	0.06390808666666667	3.0250529261066665
0.8307767239493009	0.04209131666666666	3.049439147336667
0.8325220532012951	0.05278481666666666	3.0475463341666664
0.8342673824532894	0.04729428333333333	2.9698861846133333
0.8360127117052839	0.030527476333333334	2.8967424376166666
0.8377580409572781	0.030506256666666665	2.9118006465
0.8395033702092725	0.030796794566666664	2.9639656837199997
0.8412486994612667	0.027122126	2.98262637657
0.8429940287132611	0.039738739999999995	2.95651282422
0.8447393579652556	0.023910396	2.8676004588966664
0.8464846872172498	0.014545699999999998	2.82147105744
0.8482300164692442	0.02482791333333333	2.8545871414366664
0.8499753457212386	0.02546842666666666	2.889168525793333
0.8517206749732327	0.02361542933333333	2.8823887214633332
0.853466004225227	0.03753921833333333	2.845920415283333
0.8552113334772216	0.03251811333333333	2.7850253808633334
0.8569566627292158	0.03949296	2.78399008499
0.8587019919812102	0.04191797	2.8182326270833333
0.8604473212332044	0.027527153333333332	2.8170180570566665
0.8621926504851987	0.03585966333333333	2.7864645951166667
0.8639379797371932	0.06866989666666666	2.755362368526667
0.8656833089891874	0.07271702	2.730581814793333
0.8674286382411818	0.06935601	2.7575354310333333
0.869173967493176	0.04821924666666667	2.7719653459966667
0.8709192967451702	0.03731050533333333	2.74056281569
0.8726646259971648	0.07461153	2.70938070507
0.8744099552491591	0.11220402333333332	2.7000510558733333
0.8761552845011533	0.09423331666666668	2.707388257586667
0.8779006137531478	0.07053194666666666	2.7428765357266665
0.8796459430051421	0.05245723	2.7321668469566665
0.8813912722571363	0.06911488933333332	2.688573131803333
0.8831366015091309	0.1126503433333333	2.671696148936667
0.8848819307611251	0.11685738666666665	2.6843818795966663
0.8866272600131193	0.07753620333333333	2.711755264016667
0.8883725892651138	0.06611560999999999	2.7354633559799995
0.890117918517108	0.07127363666666667	2.687961653906666
0.8918632477691024	0.09230914333333332	2.6269674096599998
0.8936085770210968	0.10003483666666668	2.6102649888533334
0.895353906273091	0.07011475333333334	2.630293491593333
0.8970992355250853	0.047504036666666666	2.66893458784
0.8988445647770799	0.06770237666666666	2.68271173653
0.9005898940290741	0.07816871	2.623153166363333
0.9023352232810684	0.07762332999999999	2.5752577208166665
0.9040805525330626	0.05579112333333334	2.5719899513633333
0.9058258817850569	0.030368623333333334	2.5928162053333335
0.9075712110370514	0.039404213333333334	2.6141594601366664
0.9093165402890456	0.06390874333333332	2.5923535913499998
0.91106186954104	0.057831864999999996	2.5302794835199998
0.9128071987930344	0.048223539999999995	2.5225222952266666
0.9145525280450286	0.029289078666666662	2.550217079363333
0.9162978572970231	0.022877136666666662	2.5710055362299995
0.9180431865490173	0.03876030366666666	2.5578338232966664
0.9197885158010117	0.043151778	2.4980391939099995
0.921533845053006	0.03218231966666667	2.4550042994599997
0.9232791743050003	0.0374690543	2.4965184822433333
0.9250245035569945	0.028841291666666664	2.54110769344
0.9267698328089891	0.026412561	2.543926586203333
0.9285151620609834	0.031510612	2.4990996374766667
0.9302604913129776	0.025052914	2.43957968806
0.9320058205649719	0.02727661833333333	2.448029210343333
0.9337511498169662	0.043102623333333326	2.522067961863333
0.9354964790689607	0.03132514	2.545534549973333
0.9372418083209549	0.02706099733333333	2.5143712677466663
0.9389871375729492	0.02702466523333333	2.4587097065066663
0.9407324668249435	0.022290869999999997	2.4345400767666665
0.9424777960769379	0.03378560666666667	2.488150381163333
0.9442231253289324	0.04424388	2.546045471653333
0.9459684545809266	0.02956781333333333	2.5178249754733333
0.9477137838329208	0.03371595	2.46220603328
0.9494591130849153	0.03397819666666666	2.420372317083333
0.9512044423369096	0.029259293333333332	2.4333359338866667
0.9529497715889038	0.03985440333333333	2.4948059086933334
0.9546951008408984	0.04165360666666666	2.5083013458666668
0.9564404300928926	0.031940109999999994	2.450933167113333
0.9581857593448869	0.045246096666666666	2.414075985363333
0.9599310885968813	0.04223054666666666	2.4082339626966665
0.9616764178488755	0.037037556666666666	2.4444683259733333
0.96342174710087	0.044794139999999996	2.4850484502766665
0.9651670763528643	0.040357823333333334	2.45740723581
0.9669124056048585	0.03868787966666666	2.4007565289699997
0.9686577348568528	0.05708424699999999	2.39133578623
0.9704030641088474	0.05076027466666666	2.402296359293333
0.9721483933608416	0.047860865333333336	2.4381245142699997
0.9738937226128359	0.04959082833333334	2.45284383457
0.9756390518648301	0.038552702333333334	2.4045807620099997
0.9773843811168246	0.04857203766666666	2.360648464843333
0.9791297103688189	0.073907246	2.359377133863333
0.9808750396208131	0.06406257566666666	2.3617694053866662
0.9826203688728073	0.05715049233333333	2.3898415549933327
0.9843656981248019	0.04724247833333334	2.3940866334266664
0.9861110273767961	0.033794136	2.3497189548333335
0.9878563566287906	0.05788948	2.326759249576667
0.9896016858807848	0.08496993666666666	2.330629872573333
0.991347015132779	0.0666538	2.3277179514199995
0.9930923443847736	0.05541164999999999	2.3495111981766668
0.9948376736367678	0.043502563333333334	2.3388893063366667
0.9965830028887621	0.037982749999999996	2.2928259919366667
0.9983283321407567	0.06810224	2.28613771752
1.0000736613927508	0.08180018666666666	2.30386936146
1.0018189906447452	0.05485568999999999	2.3128655187066665
1.0035643198967397	0.05242990333333333	2.3307654731366663
1.0053096491487339	0.05157938333333334	2.2949855269099997
1.007054978400728	0.05044006666666667	2.2355231394066664
1.0088003076527223	0.06819446000000001	2.2356017165899997
1.0105456369047165	0.06411976	2.26757443116
1.0122909661567112	0.04255952466666666	2.2913933150899997
1.0140362954087054	0.05594601666666666	2.3046182554
1.0157816246606999	0.05795465333333333	2.2549630265899996
1.017526953912694	0.04595178	2.20106508552
1.0192722831646883	0.04520904333333334	2.2139732339966667
1.0210176124166828	0.039376518666666666	2.25270110498
1.022762941668677	0.03802619333333333	2.274240118883333
1.0245082709206712	0.056460573333333326	2.2685158685899998
1.0262536001726654	0.045950896666666664	2.2140852206366666
1.02799892942466	0.027170039666666663	2.186658966743333
1.0297442586766543	0.026314030806666666	2.2196893310699997
1.0314895879286488	0.032224547	2.2573225803599994
1.0332349171806432	0.042766021333333334	2.2631210767933334
1.0349802464326374	0.048756541	2.2325585318233334
1.0367255756846316	0.02823911	2.17963230225
1.0384709049366259	0.021800957	2.18059484912
1.0402162341886205	0.030030439	2.2232603087633334
1.041961563440615	0.034707160333333334	2.247443461633333
1.043706892692609	0.03716069333333333	2.2350984939466665
1.0454522219446034	0.032781906666666666	2.193778555903333
1.0471975511965979	0.023169806666666667	2.157340763743333
1.048942880448592	0.035611409999999996	2.18059682481
1.0506882097005863	0.03873648999999999	2.21481551666
1.0524335389525805	0.027281160000000002	2.2143625661199997
1.0541788682045747	0.023257768333333335	2.186977523566666
1.0559241974565694	0.028400375	2.1526234083533335
1.0576695267085636	0.03997056333333333	2.1440871391466665
1.059414855960558	0.05366433666666666	2.178070481203333
1.0611601852125523	0.034713129999999995	2.1888914854999997
1.0629055144645467	0.014628008666666666	2.1646708009966664
1.064650843716541	0.02226767933333333	2.1358595743733333
1.0663961729685352	0.04132043333333333	2.1216612686233334
1.0681415022205298	0.055002499999999996	2.1366543809333334
1.069886831472524	0.05178295	2.1657116644466665
1.0716321607245185	0.021940123333333332	2.1529983443766665
1.0733774899765127	0.017198559666666665	2.123998224776667
1.0751228192285072	0.04122124333333333	2.1138204683
1.0768681484805014	0.05520218333333333	2.1233641933566667
1.0786134777324956	0.05015077333333332	2.1456608751666666
1.0803588069844898	0.03595328	2.1577372341166665
1.082104136236484	0.020168209666666666	2.1306339402333334
1.0838494654884787	0.035410994333333334	2.107708103973333
1.085594794740473	0.05502648666666666	2.10798926277
1.0873401239924672	0.04819914	2.1176282387833334
1.0890854532444616	0.03307971633333333	2.1300422619966666
1.0908307824964558	0.03126170666666667	2.13563331137
1.0925761117484503	0.03531597933333333	2.1201581979433333
1.0943214410004445	0.048344082	2.1131783231966663
1.0960667702524387	0.04620984533333333	2.1106911274
1.0978120995044334	0.028473241333333333	2.1017236139433333
1.0995574287564276	0.024332315666666667	2.1014303081066665
1.101302758008422	0.04044306633333333	2.1173167856966666
1.1030480872604165	0.045926708999999996	2.1272250005966664
1.1047934165124107	0.039333448833333326	2.13317919245
1.106538745764405	0.025626908666666663	2.121803331253333
1.1082840750163991	0.020452578266666663	2.0970730623566665
1.1100294042683934	0.03289326433333334	2.090636864813333
1.111774733520388	0.04905607000000001	2.1119851192266665
1.1135200627723822	0.03899460133333333	2.125599698003333
1.1152653920243765	0.021126814333333334	2.1250162629766667
1.117010721276371	0.016995656666666668	2.10642984313
1.1187560505283651	0.027570795	2.082609600706667
1.1205013797803596	0.03924300333333333	2.0813901398466665
1.1222467090323538	0.040597016666666666	2.1004543502299997
1.123992038284348	0.023360560000000002	2.10017196756
1.1257373675363422	0.018819608666666668	2.0868452735066665
1.127482696788337	0.032249846666666665	2.068799024873333
1.1292280260403311	0.042077246666666665	2.0562548659333335
1.1309733552923256	0.04094302333333333	2.0666177781266666
1.13271868454432	0.03595644333333333	2.083490823883333
1.1344640137963142	0.028203976666666665	2.0677854437966663
1.1362093430483085	0.041508826666666665	2.0443173372466665
1.1379546723003031	0.05734019333333333	2.02958122617
1.139700001552297	0.0513207	2.028611973143333
1.1414453308042918	0.043633219999999986	2.0530057627166665
1.143190660056286	0.049176559999999994	2.07443283823
1.14493598930828	0.05235997333333332	2.0507137306533334
1.1466813185602747	0.06496670666666667	2.019442221143333
1.1484266478122689	0.06789769666666666	2.0031606467966663
1.150171977064263	0.05152271333333334	2.001717049013333
1.1519173063162573	0.05058259666666666	2.021841217353333
1.1536626355682515	0.06804947666666666	2.0341281062166665
1.1554079648202462	0.06883642166666668	2.004236436153333
1.1571532940722404	0.06592223933333333	1.9783258052633332
1.1588986233242349	0.059083542	1.9764704835666667
1.160643952576229	0.04972611	1.9847186574966669
1.1623892818282235	0.06028886266666667	1.997252351123333
1.1641346110802178	0.07730611666666666	1.99258299091
1.165879940332212	0.06603614833333332	1.9572926632566667
1.1676252695842066	0.05116156633333333	1.9416416075733332
1.1693705988362009	0.046217546899999996	1.9552124798466668
1.171115928088195	0.048120688	1.9707083527533336
1.1728612573401895	0.05848458033333333	1.9742919956766667
1.1746065865921838	0.063551529	1.9583902702399998
1.1763519158441782	0.045302500999999995	1.9281138758733332
1.1780972450961724	0.031893006333333335	1.9260997739733334
1.1798425743481666	0.03338715366666667	1.9478826525366668
1.1815879036001609	0.03790156953333333	1.96210764611
1.183333232852155	0.03844436066666666	1.9552190246799999
1.18507856210415	0.034375085666666666	1.9309580731966665
1.186823891356144	0.021419340666666665	1.9049124634733332
1.1885692206081382	0.016611500566666666	1.9103081315500001
1.1903145498601329	0.019791314666666664	1.93474791119
1.192059879112127	0.020596362	1.9499407057966665
1.1938052083641213	0.015548639666666666	1.9423716762766665
1.1955505376161155	0.012741925333333334	1.9179733515233333
1.1972958668681097	0.010185441333333333	1.8962120082266667
1.1990411961201044	0.010295343666666665	1.9018890326133333
1.2007865253720988	0.008447358666666667	1.9179464097099999
1.2025318546240933	0.006913390333333333	1.92574946116
1.2042771838760875	0.005592628	1.9181529505733332
1.2060225131280817	0.007435939333333333	1.9028226291933334
1.207767842380076	0.010368296333333332	1.89898831556
1.2095131716320702	0.011417002666666665	1.9141506400133332
1.2112585008840648	0.00518755917	1.9175111578733333
1.213003830136059	0.006684915666666666	1.90504017651
1.2147491593880533	0.013098211666666665	1.8869558212966666
1.2164944886400477	0.014368324666666665	1.8753897079433335
1.218239817892042	0.016058565333333333	1.8881994271533333
1.2199851471440364	0.020012836	1.9132983727933333
1.2217304763960306	0.014781259333333333	1.904741789873333
1.2234758056480248	0.020059508666666667	1.8769299194299998
1.225221134900019	0.02975472	1.8573234409633335
1.2269664641520137	0.025622899999999997	1.8540471622199999
1.228711793404008	0.027084213333333333	1.87876016828
1.2304571226560024	0.03927227333333333	1.9049456063233334
1.2322024519079966	0.03563362	1.8812789097933333
1.233947781159991	0.037898999999999995	1.8461521154099998
1.2356931104119853	0.04542736000000001	1.8390887999333332
1.23743843966398	0.03833680333333333	1.8515946916333332
1.2391837689159741	0.04470590666666666	1.8831594275133334
1.240929098167968	0.06637060666666666	1.9021996941333335
1.2426744274199628	0.06080412333333333	1.86379405712
1.244419756671957	0.05542131333333333	1.83053689065
1.2461650859239515	0.06331547666666666	1.8460479399466667
1.2479104151759457	0.060651939999999994	1.8727156135966667
1.24965574442794	0.06920994333333333	1.89246460417
1.2514010736799341	0.08898721333333333	1.8854940435166665
1.2531464029319284	0.07498427999999999	1.8294835633066664
1.254891732183923	0.061575973333333325	1.8044246879433334
1.2566370614359172	0.07417677666666667	1.8484118837499999
1.2583823906879115	0.08046212	1.8912532153066668
1.260127719939906	0.08469283333333333	1.89648570552
1.2618730491919004	0.09244910333333334	1.8668576552933331
1.2636183784438946	0.07161103666666666	1.805199968003333
1.2653637076958888	0.056500798	1.78858570416
1.267109036947883	0.07451656333333333	1.8427811233266667
1.2688543661998777	0.08679335333333334	1.8845295029699998
1.270599695451872	0.08201552833333332	1.8751460448733335
1.2723450247038663	0.07660171766666665	1.8412565880799998
1.2740903539558606	0.05632573566666667	1.7965618041366664
1.2758356832078548	0.045397291000000006	1.79140787584
1.2775810124598492	0.06354791633333333	1.8367153549666666
1.2793263417118435	0.07496275	1.86182673303
1.2810716709638381	0.06402454999999999	1.84216316786
1.282817000215832	0.05369090333333333	1.81819940575
1.2845623294678261	0.040380479	1.8009299795533331
1.286307658719821	0.03575385166666667	1.8100413219466667
1.288052987971815	0.049501246666666665	1.8432090007366668
1.2897983172238097	0.05545870333333334	1.8495834431133331
1.2915436464758039	0.044053716666666666	1.8219378632333332
1.293288975727798	0.03701972333333334	1.8056541623766666
1.2950343049797923	0.030739033333333332	1.8077729030133334
1.296779634231787	0.030437643333333333	1.82963665714
1.2985249634837812	0.039907896	1.8571519697699999
1.3002702927357757	0.040539922	1.8503319054433334
1.3020156219877699	0.03170385466666666	1.8156789658699997
1.3037609512397643	0.03100596066666667	1.80081862587
1.3055062804917585	0.028802873999999996	1.8097548321033332
1.3072516097437528	0.030137993999999994	1.8363944291133332
1.308996938995747	0.03871273233333333	1.8613506060266665
1.3107422682477412	0.037696279666666666	1.8506053844766666
1.3124875974997359	0.03107128333333333	1.817418208873333
1.31423292675173	0.034193846666666666	1.8041078072366665
1.3159782560037245	0.032096168	1.8061098955733332
1.3177235852557188	0.031492741666666664	1.8174310097266666
1.319468914507713	0.040650269999999995	1.8294476659166663
1.3212142437597074	0.041206435333333326	1.8186600652766665
1.3229595730117016	0.033954185	1.7964206380533332
1.3247049022636959	0.03638598133333333	1.79402329692
1.3264502315156905	0.03458958733333333	1.7967365887366666
1.3281955607676847	0.031513972333333334	1.7956530301433333
1.3299408900196792	0.03864413	1.7941002580366665
1.3316862192716734	0.04112986766666667	1.7815734269666665
1.3334315485236676	0.0333700009	1.76604547124
1.3351768777756619	0.033339336	1.77254049192
1.336922207027656	0.03330940353333333	1.78401568527
1.338667536279651	0.029689165366666666	1.7823801327866668
1.3404128655316452	0.03215642286666666	1.7699008971133332
1.3421581947836396	0.034184525433333335	1.7483188878533333
1.3439035240356338	0.02740840933333333	1.7310357106999998
1.345648853287628	0.02662416133333333	1.74330872868
1.3473941825396225	0.029518025666666663	1.766990239913333
1.3491395117916167	0.027330526	1.7714349169466665
1.350884841043611	0.024872516	1.7534787673433332
1.3526301702956052	0.024097373	1.7279067686166667
1.3543754995475994	0.018614847999999996	1.7140909271066667
1.356120828799594	0.018038752999999998	1.7293564263699999
1.3578661580515883	0.022352833999999995	1.7508217023033332
1.3596114873035827	0.02149180033333333	1.7484294566766665
1.361356816555577	0.01575809	1.7277155253199998
1.3631021458075712	0.013374238333333333	1.7158356132199999
1.3648474750595656	0.011693375	1.7237334125133335
1.3665928043115598	0.011859769333333332	1.7431809573766668
1.3683381335635545	0.013396172	1.7463899942033332
1.3700834628155487	0.012697386333333333	1.7227394145266666
1.371828792067543	0.008154580333333333	1.6951726833033334
1.3735741213195374	0.007970720333333334	1.6946722730666668
1.3753194505715316	0.012310844533333332	1.7199797756833333
1.377064779823526	0.013952982	1.74337171883
1.3788101090755203	0.010187184666666665	1.73815379837
1.3805554383275145	0.008818904999999998	1.7113574103333333
1.3823007675795091	0.008844701333333333	1.6877587614599998
1.384046096831503	0.011387416333333332	1.6869507607299998
1.3857914260834978	0.018388854333333333	1.7052483675466665
1.387536755335492	0.020991636666666664	1.7190831703266665
1.3892820845874863	0.013914861666666667	1.7090038860933332
1.3910274138394805	0.014196035666666666	1.6894866811833333
1.3927727430914747	0.022873499999999998	1.6775648398666665
1.3945180723434691	0.027230333333333332	1.6750737780733334
1.3962634015954638	0.02735899	1.6801808042333333
1.398008730847458	0.02658712333333333	1.6876642473366665
1.3997540600994525	0.021525833333333334	1.6834344538
1.4014993893514467	0.02578789333333333	1.6747087969999996
1.4032447186034411	0.042019890000000004	1.6735295907499999
1.4049900478554354	0.04910737	1.6730983011833331
1.4067353771074296	0.04084301666666666	1.66889278217
1.4084807063594238	0.03554954666666666	1.6712419927166666
1.410226035611418	0.03573032333333333	1.6720578787466664
1.4119713648634127	0.04133387333333333	1.6663855400499998
1.413716694115407	0.05585910333333333	1.6668621524333331
1.4154620233674011	0.06337574666666666	1.6713267809799999
1.4172073526193956	0.051614153333333336	1.66912965608
1.4189526818713898	0.04546906333333334	1.67522362094
1.420698011123384	0.05260459333333334	1.6857155520066665
1.4224433403753782	0.05701206	1.6807744555133333
1.4241886696273727	0.06202525333333332	1.67194371242
1.4259339988793673	0.06755423333333332	1.6713701196566666
1.4276793281313616	0.058765316666666664	1.6673585948366665
1.429424657383356	0.05628460666666666	1.6737633137799999
1.4311699866353502	0.07076408666666667	1.6919782115133333
1.4329153158873444	0.07377057666666666	1.6892379290766666
1.4346606451393389	0.06467883333333332	1.6696773328599996
1.436405974391333	0.06372863666666667	1.6625825555699998
1.4381513036433278	0.059972233333333326	1.660464784173333
1.439896632895322	0.05987295666666666	1.6669549120433331
1.4416419621473162	0.07596828	1.688383657763333
1.4433872913993107	0.08031188333333333	1.6905587439166665
1.4451326206513049	0.06349542333333333	1.6654582289533333
1.446877949903299	0.05689451666666667	1.6527180515466666
1.4486232791552933	0.058623596666666666	1.6551186386733332
1.4503686084072875	0.0583116	1.6624142186933333
1.452113937659282	0.06788548999999999	1.6817435255666666
1.4538592669112762	0.07431782666666666	1.6894894958966664
1.4556045961632709	0.060130133333333335	1.6654986494766666
1.457349925415265	0.05138756666666666	1.64658490285
1.4590952546672595	0.05510897999999999	1.6487430294666665
1.460840583919254	0.05017315	1.65294265776
1.4625859131712482	0.044424203333333336	1.6618376903333332
1.4643312424232424	0.04714808333333333	1.6696601343633333
1.4660765716752366	0.042072993333333336	1.65335668228
1.4678219009272309	0.03764553333333333	1.6359245564199996
1.4695672301792255	0.042880103333333336	1.6415392905066668
1.4713125594312197	0.03805462333333333	1.6519808102533333
1.4730578886832142	0.024551879999999998	1.6592584521633331
1.4748032179352084	0.02227169	1.6639179730633331
1.4765485471872026	0.02264385833333333	1.64662322297
1.478293876439197	0.021341053333333332	1.62153563585
1.480039205691191	0.024655243333333333	1.6206723479399998
1.481784534943186	0.022084629999999997	1.6371925648866665
1.4835298641951802	0.012008663333333332	1.6532500993966668
1.4852751934471744	0.009617209333333333	1.65915487366
1.4870205226991688	0.010760879333333334	1.6371457600066663
1.488765851951163	0.010414979666666666	1.6039572759933334
1.4905111812031575	0.013082538333333333	1.6000136424466667
1.4922565104551517	0.01345092	1.6253537146900001
1.494001839707146	0.0096830689	1.6516235743566665
1.4957471689591406	0.010498630999999998	1.65755813595
1.4974924982111348	0.011284417666666666	1.6292418075566666
1.4992378274631293	0.010071550999999998	1.59114666046
1.5009831567151235	0.013005330733333334	1.58729372169
1.5027284859671177	0.014835262966666667	1.6141377631333331
1.504473815219112	0.012690994366666666	1.6353138671966667
1.5062191444711062	0.015079383333333331	1.632345797573333
1.5079644737231006	0.016838512333333333	1.6025368836633334
1.5097098029750948	0.015280486666666666	1.5716912319366667
1.511455132227089	0.019097118333333333	1.5768541622233334
1.5132004614790837	0.022030305666666666	1.6066835746066666
1.514945790731078	0.017791486333333332	1.6222843457233334
1.5166911199830724	0.019155468	1.6152281264066666
1.5184364492350666	0.02342670386	1.5905624436566665
1.520181778487061	0.0220947254	1.564765952993333
1.5219271077390553	0.024846449999999996	1.5685127960200003
1.5236724369910495	0.029192406333333337	1.5965602097766667
1.5254177662430441	0.024562545999999998	1.6132893497799998
1.5271630954950384	0.023745196666666666	1.6096736319699998
1.5289084247470326	0.02871750966666666	1.5885910961066667
1.530653753999027	0.026680709666666663	1.5588340965766667
1.5323990832510213	0.025918752999999996	1.55359961513
1.5341444125030157	0.03131875666666667	1.5827643181666666
1.53588974175501	0.030106889666666668	1.61081740845
1.537635071007004	0.02789526033333333	1.6142532680266666
1.5393804002589988	0.030880613333333334	1.5923552077166667
1.541125729510993	0.027889857666666663	1.5571735011766665
1.5428710587629875	0.023015486333333335	1.5448496560399998
1.5446163880149817	0.026995716666666662	1.5728691580433332
1.546361717266976	0.029747010333333337	1.60463516057
1.5481070465189704	0.027725053333333333	1.60653813329
1.5498523757709646	0.02885244833333333	1.5827246656099998
1.5515977050229588	0.027646576666666665	1.5529009971166663
1.553343034274953	0.021462893333333333	1.5439443896366667
1.5550883635269477	0.021097862	1.5668180550266666
1.556833692778942	0.023443245666666668	1.5887728172066666
1.5585790220309363	0.020097432999999998	1.5787451297833333
1.5603243512829306	0.018206073666666666	1.5497877570699998
1.5620696805349248	0.020070482333333334	1.5289604760366666
1.563815009786919	0.01851044933333333	1.53149361609
1.5655603390389135	0.016955354	1.5569614160033334
1.5673056682909077	0.017255516	1.5778731097499998
1.5690509975429023	0.013661666333333333	1.5680256855566665
1.5707963267948966	0.010421343333333333	1.53913085772
1.5725416560468908	0.012276102333333332	1.5178418158466667
1.5742869852988854	0.013506999666666667	1.5175047166566666
1.5760323145508797	0.011999645333333333	1.5362019977066668
1.5777776438028739	0.009828988	1.55262102569
1.579522973054868	0.007980114366666666	1.5462003876933335
1.5812683023068623	0.008665466	1.5235060476133333
1.583013631558857	0.010301319	1.5038830183133332
1.5847589608108512	0.010361416	1.5023835470566667
1.5865042900628454	0.009256312666666665	1.5213083648666665
1.5882496193148399	0.0062330623333333324	1.5408860326933331
1.589994948566834	0.005567825333333333	1.5424569714066667
1.5917402778188283	0.011037192666666668	1.5299150398433332
1.5934856070708228	0.012945881666666667	1.51315261096
1.5952309363228174	0.009171680333333331	1.5051235291666665
1.5969762655748112	0.009467141333333333	1.51625456974
1.5987215948268054	0.011185508333333333	1.5312372315033334
1.6004669240788003	0.011248251333333334	1.5313682316200001
1.6022122533307945	0.01591679	1.5241097355466666
1.603957582582789	0.017167773333333334	1.51753301895
1.6057029118347832	0.010260262	1.5148406115066666
1.6074482410867772	0.011489473	1.5258180758599997
1.6091935703387716	0.02164034133333333	1.5400748811866667
1.6109388995907659	0.024233015666666666	1.5343415463233332
1.6126842288427607	0.023068766666666664	1.5189288612866667
1.614429558094755	0.023623693333333334	1.5143078010299997
1.6161748873467492	0.018480145666666666	1.5179578060066667
1.6179202165987434	0.01654848433333333	1.5292701915699998
1.6196655458507376	0.027046605666666668	1.545449231613333
1.621410875102732	0.031475873999999994	1.5429798253233333
1.6231562043547263	0.026334183333333334	1.52401842501
1.624901533606721	0.029375162	1.51759217369
1.6266468628587152	0.03410373333333333	1.5226450674
1.6283921921107094	0.031003762666666664	1.52599921795
1.630137521362704	0.03368573333333333	1.5345633051699998
1.6318828506146983	0.03715554	1.5385846866800001
1.6336281798666925	0.031454416666666665	1.5281131095833334
1.6353735091186867	0.03475081333333333	1.52505763833
1.637118838370681	0.04769373666666667	1.5324423351666665
1.6388641676226756	0.04686961333333334	1.527002129153333
1.6406094968746698	0.040359099999999995	1.5179521626399999
1.642354826126664	0.041324303333333326	1.5195935067766666
1.6441001553786583	0.03950935999999999	1.5219490656399999
1.6458454846306525	0.03981067333333333	1.5295134211566666
1.647590813882647	0.05147127333333333	1.5466166565533332
1.6493361431346412	0.055252303333333336	1.5467448478899997
1.6510814723866354	0.04792116	1.5276101768566666
1.6528268016386303	0.048558253333333336	1.5167283298966665
1.654572130890624	0.05248146999999999	1.5160168167099999
1.6563174601426187	0.04904330333333333	1.516660528053333
1.6580627893946132	0.04935651666666666	1.5246971786333332
1.6598081186466074	0.05130842333333333	1.5279206260966665
1.6615534478986018	0.04622909	1.51647084317
1.663298777150596	0.045929533333333335	1.5118516700999998
1.6650441064025903	0.05312437333333332	1.5216082165033333
1.6667894356545845	0.05182312	1.525422519373333
1.6685347649065787	0.04633125	1.521941259003333
1.6702800941585736	0.04561232999999999	1.5153951887266666
1.6720254234105678	0.04296713	1.5003284345666668
1.673770752662562	0.04057297	1.4892619412966666
1.6755160819145563	0.04632202999999999	1.4963070219999999
1.6772614111665505	0.049532129999999994	1.5047762661666666
1.679006740418545	0.04645335666666667	1.5042948355066665
1.6807520696705391	0.04559515	1.5009609586766666
1.6824973989225334	0.04444356333333333	1.4906334470366667
1.684242728174528	0.039675053333333335	1.4748614196333334
1.6859880574265222	0.041135646666666664	1.4731659197533333
1.6877333866785167	0.04715382666666666	1.4843032935866667
1.6894787159305111	0.04935363333333333	1.4926954024966665
1.6912240451825054	0.04976600666666667	1.4950220775833334
1.6929693744344996	0.04918821999999999	1.488055419323333
1.6947147036864938	0.04301525666666667	1.469154500263333
1.6964600329384885	0.04018131633333333	1.4597111291999998
1.6982053621904827	0.04581747333333333	1.4718500692866665
1.6999506914424771	0.050543103333333325	1.48765795869
1.7016960206944713	0.050398486666666666	1.4923717188899999
1.7034413499464653	0.04911206	1.4866144333066666
1.7051866791984598	0.04297063666666666	1.4701821970666666
1.706932008450454	0.03710471	1.4583862613433332
1.708677337702449	0.039904243333333325	1.46719988072
1.7104226669544431	0.044161516666666664	1.48224299233
1.7121679962064373	0.040952239999999994	1.4818786466066665
1.7139133254584316	0.03625376333333333	1.4701165342833333
1.7156586547104258	0.03220086666666666	1.4550501676999998
1.7174039839624204	0.029609236666666667	1.44503274871
1.7191493132144147	0.03307091333333333	1.4521873764266666
1.7208946424664089	0.03890738666666666	1.47142737232
1.722639971718403	0.03587034	1.4792384629433333
1.7243853009703973	0.02768552666666666	1.47156536412
1.726130630222392	0.023595166666666667	1.4597833012066666
1.7278759594743864	0.02456675	1.4507502878366667
1.7296212887263807	0.027749119999999995	1.4503219031766665
1.7313666179783749	0.03271428999999999	1.4632709614799997
1.733111947230369	0.03229994333333333	1.4743738742233332
1.7348572764823635	0.025192796666666663	1.47082296327
1.7366026057343578	0.020569415666666663	1.46053017653
1.738347934986352	0.022457823333333335	1.45382473443
1.7400932642383462	0.024292706666666667	1.4519053300133333
1.7418385934903404	0.026419742333333333	1.4604153287566666
1.7435839227423353	0.027651381000000003	1.4737830231100002
1.7453292519943295	0.024459589999999996	1.4781968128933332
1.7470745812463238	0.020859636666666667	1.4744428132866667
1.7488199104983182	0.02233463633333333	1.47234152413
1.7505652397503124	0.02341485066666666	1.46933064101
1.7523105690023066	0.023418332666666666	1.4654648852666665
1.7540558982543013	0.023860436999999998	1.4621505783500002
1.7558012275062955	0.022566160000000002	1.4560525949599996
1.75754655675829	0.019463077666666665	1.4489423964466666
1.7592918860102842	0.019722972433333333	1.4506170999733332
1.7610372152622784	0.021184762333333333	1.4574804960133332
1.7627825445142726	0.022152043666666666	1.4610186596966666
1.7645278737662669	0.023342347333333336	1.4582112487466665
1.7662732030182617	0.02409442233333333	1.4495314700333335
1.768018532270256	0.02149437	1.43677904171
1.7697638615222502	0.019392222666666667	1.4305561537433333
1.7715091907742444	0.01937141133333333	1.4334770420599998
1.7732545200262386	0.019904069	1.43751338375
1.7749998492782333	0.020542237666666664	1.4362015692833332
1.7767451785302275	0.02283900333333333	1.4303432771333333
1.7784905077822217	0.022197547666666668	1.4194935425966666
1.780235837034216	0.01978041833333333	1.4127913215099999
1.7819811662862102	0.019913114333333336	1.4186416332366667
1.7837264955382048	0.021294106333333333	1.42999924574
1.785471824790199	0.019896992999999998	1.432986585663333
1.7872171540421935	0.019504592	1.4264550180066666
1.7889624832941877	0.019020196333333333	1.4128682779833333
1.790707812546182	0.01734955133333333	1.40243841475
1.7924531417981764	0.017652620666666667	1.4069697012066666
1.7941984710501706	0.020384182	1.4214847427366666
1.7959438003021653	0.019351113333333333	1.42545192408
1.7976891295541597	0.01719893133333333	1.41384046525
1.7994344588061533	0.016757193	1.3945519927566665
1.8011797880581482	0.016563359333333333	1.3805467321133333
1.8029251173101424	0.015586399	1.3830102799333333
1.8046704465621368	0.016496662	1.4008159575333334
1.806415775814131	0.016202325999999996	1.4138065704000002
1.8081611050661253	0.015054447666666667	1.41104379857
1.8099064343181195	0.015121282666666666	1.3974505903933334
1.8116517635701137	0.016059159333333333	1.3841471624966666
1.8133970928221086	0.014735385	1.3797884003166665
1.8151424220741028	0.013552357333333334	1.3887363547566665
1.816887751326097	0.012438616666666666	1.3987851798566666
1.8186330805780913	0.011696806666666665	1.3976706849033331
1.8203784098300855	0.011375608333333332	1.3854299480099999
1.82212373908208	0.012366405	1.3723464356866668
1.8238690683340746	0.012921849666666667	1.367752914133333
1.8256143975860688	0.013707243999999997	1.3787203365099998
1.827359726838063	0.012951134666666666	1.3959631174733333
1.8291050560900572	0.011478514666666665	1.4036875750233335
1.830850385342052	0.010064624666666667	1.3954525313899997
1.8325957145940461	0.010342068333333333	1.3803208758166665
1.8343410438460404	0.011566175	1.36954842666
1.8360863730980346	0.014214607	1.3733841139166665
1.8378317023500288	0.014539696	1.3877010029466668
1.8395770316020235	0.01232232133333333	1.3986629079866664
1.8413223608540177	0.010081251666666666	1.3963912513533332
1.843067690106012	0.010542881999999998	1.3856636813166667
1.8448130193580063	0.010915315333333332	1.3738040711166666
1.8465583486100006	0.012252931199999999	1.3714690977633333
1.8483036778619948	0.013716799333333331	1.3818407789766667
1.850049007113989	0.013004576666666667	1.39511687987
1.8517943363659835	0.010116624333333333	1.3970071426433333
1.8535396656179781	0.010224470333333333	1.3882262871599997
1.8552849948699723	0.010229171666666665	1.3749169639999999
1.8570303241219668	0.01012987839	1.3688809298499998
1.858775653373961	0.013245684666666667	1.3782148651166666
1.8605209826259552	0.016425542666666664	1.3939211575866666
1.8622663118779497	0.013150779000000001	1.3954702494933333
1.8640116411299439	0.010785577333333332	1.3832578843166665
1.865756970381938	0.011377688333333332	1.36928230995
1.8675022996339323	0.012476793799999998	1.36582535246
1.8692476288859265	0.016780185033333332	1.3793208453566665
1.8709929581379214	0.023232702666666664	1.4013484073633333
1.8727382873899157	0.020097262666666664	1.4076814737799999
1.8744836166419099	0.013553598	1.3962213267866663
1.876228945893904	0.014615805999999999	1.3821252170399998
1.8779742751458983	0.019720596	1.3731501043299998
1.8797196043978928	0.02242295733333333	1.3694306133966667
1.881464933649887	0.026262686666666667	1.3751035580800002
1.8832102629018816	0.024618983333333334	1.3801396624766664
1.8849555921538759	0.017307462333333332	1.3777838318166666
1.88670092140587	0.017819786666666663	1.3768072920799999
1.8884462506578648	0.02733371	1.3808017750133335
1.890191579909859	0.028701606666666664	1.37917474875
1.8919369091618532	0.02602616	1.3807182329199998
1.8936822384138474	0.02808405333333333	1.3919820427933332
1.8954275676658416	0.028138093333333336	1.397319522753333
1.8971728969178363	0.025871193333333334	1.3890291613966665
1.8989182261698305	0.032440489999999995	1.3823899771933335
1.900663555421825	0.036422923333333336	1.3784975150466665
1.9024088846738192	0.03332255666666667	1.3807102148233332
1.9041542139258134	0.03785015666666666	1.398468170293333
1.9058995431778076	0.04620734	1.4142996290099998
1.9076448724298019	0.04042564666666666	1.4010035963166665
1.9093902016817967	0.035067346666666666	1.37872187347
1.911135530933791	0.04137977666666666	1.373313955233333
1.9128808601857852	0.04657262333333333	1.3806827306966665
1.9146261894377794	0.048285589999999996	1.3944472592033332
1.9163715186897738	0.054657769999999994	1.4114918408000001
1.9181168479417683	0.05143905666666666	1.4082887877866668
1.9198621771937625	0.041440779999999997	1.3886586002699999
1.9216075064457567	0.046718076666666664	1.38340797731
1.923352835697751	0.05958194	1.3908990870600002
1.9250981649497452	0.05546350333333334	1.3860915565499998
1.92684349420174	0.047905	1.379940051383333
1.9285888234537343	0.04919920666666666	1.381447661553333
1.9303341527057285	0.049255466666666664	1.37910978364
1.9320794819577227	0.05012579666666667	1.37827687415
1.933824811209717	0.059666463333333336	1.39059960188
1.9355701404617114	0.05843966666666667	1.3955070651033332
1.9373154697137056	0.047147129999999995	1.3908052196499998
1.9390607989656998	0.04892496333333333	1.3959184237499997
1.9408061282176947	0.057999103333333336	1.4001108772433333
1.9425514574696887	0.05288965333333333	1.3828807699266665
1.9442967867216832	0.04793030666666666	1.3688271656333335
1.9460421159736774	0.052272813333333334	1.3746612753833332
1.9477874452256718	0.05319791666666666	1.385376124023333
1.949532774477666	0.05180161999999999	1.3940007629199997
1.9512781037296603	0.057319163333333326	1.40062877051
1.953023432981655	0.05403617333333333	1.38661872033
1.9547687622336491	0.043702899999999996	1.3648006561633335
1.9565140914856434	0.046215000000000006	1.36852814661
1.9582594207376378	0.05456698333333333	1.3894917499466666
1.960004749989632	0.048781233333333326	1.39563579728
1.9617500792416263	0.04298279633333333	1.3928143291766664
1.9634954084936205	0.04589155	1.3886203071099996
1.9652407377456147	0.04614048999999999	1.37802955771
1.9669860669976096	0.04325876666666667	1.3707772430266667
1.9687313962496038	0.04491589666666666	1.3761985459433332
1.970476725501598	0.03920920966666667	1.3731878757799998
1.9722220547535922	0.02948546433333333	1.3604226301966666
1.9739673840055865	0.032540785999999995	1.3579620218466666
1.9757127132575811	0.04225823666666667	1.362295911533333
1.9774580425095754	0.03889043466666667	1.3565958590333334
1.9792033717615696	0.032514535666666664	1.3554431650399998
1.9809487010135638	0.03270962133333333	1.3657622445566666
1.982694030265558	0.03162838833333333	1.3724462686033334
1.9844393595175527	0.028018318	1.37116933893
1.9861846887695471	0.030209344666666665	1.3694824075066667
1.9879300180215413	0.027735839333333335	1.3573048858199999
1.9896753472735356	0.020353246666666665	1.3418503445599996
1.9914206765255298	0.02106581333333333	1.3433062537366667
1.9931660057775242	0.026383752666666666	1.3541189767833333
1.9949113350295185	0.021643118666666662	1.35079301704
1.9966566642815133	0.016786291	1.34139567623
1.9984019935335076	0.017967259666666666	1.3349660270900001
2.0001473227855016	0.017613087666666666	1.3285429337066665
2.0018926520374962	0.014336506333333332	1.3260123446999998
2.0036379812894904	0.015076855333333333	1.33294689162
2.0053833105414847	0.01286358	1.3331377200699999
2.0071286397934793	0.008702821666666666	1.32457127649
2.0088739690454736	0.010577249333333332	1.3215006139599998
2.0106192982974678	0.015396494666666666	1.3250175751833333
2.012364627549462	0.011909281	1.3226135416733333
2.014109956801456	0.008129336133333333	1.3198859657466666
2.0158552860534504	0.009294612346666667	1.3177295014833332
2.0176006153054447	0.010330770733333333	1.3094002394366666
2.019345944557439	0.009784175899999999	1.2997916409099999
2.021091273809433	0.012834330833333333	1.3011878463633333
2.022836603061428	0.011875604713333331	1.30419716222
2.0245819323134224	0.0084529784	1.3044766820866667
2.0263272615654166	0.010557652	1.3064743804566665
2.028072590817411	0.015318965666666665	1.3055804900033334
2.029817920069405	0.013179391666666667	1.2927472549533334
2.0315632493213998	0.011476696666666668	1.2809211854699998
2.033308578573394	0.012863860333333333	1.2777614798199999
2.035053907825388	0.014038016666666667	1.2792968405466665
2.036799237077383	0.015114505333333333	1.2822952262466667
2.0385445663293766	0.019391593666666665	1.28638123785
2.0402898955813713	0.01945168	1.27960052381
2.0420352248333655	0.016934680666666667	1.2651462371266666
2.0437805540853597	0.018006413333333336	1.2589284539966665
2.045525883337354	0.021882558666666666	1.2672666472666665
2.047271212589348	0.021194172	1.2785895467966664
2.0490165418413424	0.02134653166666666	1.28808775367
2.0507618710933366	0.023558573666666666	1.2889395556466665
2.052507200345331	0.024116965999999997	1.2778212394133333
2.054252529597326	0.022436926	1.2639238878999999
2.05599785884932	0.023766888333333337	1.26336067883
2.0577431881013144	0.023179281333333333	1.2708247146733331
2.0594885173533086	0.022022917000000003	1.2770996965066665
2.0612338466053033	0.024820905999999997	1.2772417387133332
2.0629791758572975	0.029360287	1.2676861096033334
2.0647245051092917	0.026933333666666663	1.2454844070066664
2.0664698343612864	0.024011118333333335	1.22778360031
2.0682151636132806	0.025652522666666667	1.2282315922433331
2.069960492865275	0.029378106	1.24351907923
2.071705822117269	0.03116305033333333	1.2597947447733333
2.0734511513692633	0.03447717	1.2692325420266666
2.0751964806212575	0.03465953166666667	1.2608449397400001
2.0769418098732517	0.03172766933333333	1.2389331927166665
2.078687139125246	0.03143449399999999	1.222554970463333
2.080432468377241	0.03597757833333333	1.2253488476233332
2.0821777976292353	0.03633191033333333	1.237381891184
2.08392312688123	0.03558691766666667	1.2505767943623334
2.0856684561332237	0.03793232466666666	1.2569362858046667
2.087413785385218	0.03934573833333334	1.2486142961003335
2.0891591146372126	0.034108425	1.2268322236596667
2.090904443889207	0.030915535999999997	1.2120040120959998
2.0926497731412015	0.031496178666666666	1.2124215362986668
2.0943951023931957	0.03292247066666666	1.2230445494943334
2.0961404316451895	0.03456962633333333	1.234531307344
2.097885760897184	0.03819870733333333	1.239868816200333
2.0996310901491784	0.03585327666666667	1.2294244626889999
2.1013764194011726	0.031262928999999995	1.2144083863393331
2.103121748653167	0.032554554	1.2123697734853334
2.104867077905161	0.037843892999999997	1.2253466764426666
2.1066124071571553	0.03739283233333333	1.238660859746
2.1083577364091495	0.03685319333333333	1.2471978896986666
2.1101030656611446	0.03840665833333333	1.2450132067956665
2.111848394913139	0.03820259399999999	1.2312877592266667
2.113593724165133	0.034891787	1.2154546182166666
2.1153390534171272	0.034819629000000005	1.2125271353406666
2.1170843826691215	0.034056981666666666	1.219739531744
2.118829711921116	0.03245539683333333	1.231401622336
2.1205750411731104	0.03326348033333333	1.2404569416133333
2.1223203704251046	0.03574291033333333	1.2389404750153332
2.124065699677099	0.031333915	1.2208028568743332
2.1258110289290935	0.026528956666666662	1.201667203629
2.1275563581810877	0.027537965666666667	1.1958290267976666
2.129301687433082	0.030416888333333336	1.2035245704720001
2.131047016685076	0.028380071	1.2143814709489997
2.1327923459370703	0.027519362999999998	1.2237170095076666
2.1345376751890646	0.027068757	1.2226610422536663
2.1362830044410597	0.0255195306	1.2124596924513333
2.138028333693054	0.024508937533333334	1.2029634778823333
2.139773662945048	0.02653629566666666	1.2028730569613333
2.141518992197043	0.024470626333333332	1.206457481495
2.143264321449037	0.0212787848	1.2127400865786666
2.1450096507010312	0.022112918	1.2188526212113333
2.1467549799530254	0.02472005866666667	1.2185800123823332
2.1485003092050197	0.020508193	1.2070193286206665
2.1502456384570143	0.0164968172	1.1965383520393333
2.1519909677090086	0.01702647053333333	1.1937052472723333
2.1537362969610028	0.01803355833333333	1.1957148205136665
2.155481626212997	0.015418465333333332	1.196277542507333
2.157226955464991	0.015104066599999997	1.1952849027213333
2.1589722847169854	0.013897175533333334	1.1874163531843331
2.1607176139689797	0.011888660499999999	1.1783184070916666
2.162462943220974	0.0123806052	1.1766591703136666
2.164208272472968	0.015172278366666667	1.1834467802723332
2.1659536017249623	0.012410093433333332	1.1893619961126665
2.1676989309769574	0.009411015066666667	1.1956898253596666
2.1694442602289516	0.0102460051	1.2004710755316668
2.171189589480946	0.012273823233333332	1.1996752775713333
2.17293491873294	0.0097685655	1.191586310804
2.1746802479849343	0.008309729466666665	1.1848944946519997
2.176425577236929	0.008834367333333332	1.181503535482
2.178170906488923	0.009740226333333333	1.1829543916736664
2.179916235740918	0.008761832933333333	1.1875237671116667
2.1816615649929116	0.009474950853333332	1.1933888440756666
2.183406894244906	0.008819324199999999	1.1933703459523333
2.1851522234969005	0.007893307333333334	1.1901966616576667
2.1868975527488947	0.007904178066666667	1.186586075371
2.188642882000889	0.009370994633333333	1.1838507775920002
2.190388211252883	0.007315603033333333	1.1788607374783333
2.1921335405048774	0.005645823933333333	1.175622850592
2.1938788697568716	0.0063461140333333325	1.174283148557
2.1956241990088667	0.008405816399999998	1.1762684557049998
2.197369528260861	0.006554400899999998	1.1797554517716666
2.199114857512855	0.005213793766666666	1.1858552428576665
2.20086018676485	0.005879664213333333	1.189713945191
2.202605516016844	0.007051690266666667	1.1898376007726665
2.2043508452688383	0.005287991416666666	1.1858614908266667
2.206096174520833	0.005122643716666667	1.1835320846723332
2.207841503772827	0.0044968124666666665	1.1813961477396666
2.2095868330248214	0.003725061	1.1792442924286668
2.2113321622768156	0.004067035683333334	1.1751545939603334
2.21307749152881	0.0062439796666666665	1.170829327908
2.214822820780804	0.004087855133333333	1.1656242519359998
2.2165681500327983	0.0021132318999999996	1.165262778073
2.2183134792847925	0.003450487633333333	1.1683089754806666
2.2200588085367867	0.005903868333333333	1.1708168712529998
2.221804137788781	0.0034725063333333334	1.1681079045126668
2.223549467040776	0.0017034417899999999	1.1655107804209999
2.2252947962927703	0.0025563088666666666	1.163797225484
2.2270401255447645	0.004430889666666667	1.1626463473876665
2.2287854547967587	0.0031150702333333333	1.1602644609839998
2.230530784048753	0.0030321942666666664	1.1643361414626665
2.2322761133007476	0.0038858616666666663	1.1767412143613334
2.234021442552742	0.005314587	1.1928407880163334
2.235766771804736	0.005556035333333334	1.1998147936616665
2.2375121010567303	0.006836682333333334	1.194266404766
2.239257430308725	0.005048775333333333	1.1789182152136666
2.241002759560719	0.0028542133999999997	1.1678437315756667
2.2427480888127134	0.004155740666666666	1.169557807255
2.2444934180647076	0.008566775333333334	1.1808742187519998
2.246238747316702	0.0068406606666666665	1.1861522223476664
2.247984076568696	0.004401822	1.1853728074256664
2.2497294058206903	0.007001586333333332	1.1833837382049999
2.2514747350726845	0.01034773	1.1793151655963332
2.2532200643246787	0.006689385	1.1678335630496663
2.254965393576674	0.004699613666666666	1.160034056362
2.256710722828668	0.006423761333333333	1.1632044861663333
2.2584560520806622	0.008590631333333333	1.1766082341069999
2.260201381332657	0.009494300666666667	1.1908173655293333
2.261946710584651	0.012275654666666667	1.1978955251839998
2.2636920398366454	0.010495781333333332	1.1886744742833333
2.26543736908864	0.007191337333333334	1.1742210173626666
2.2671826983406342	0.008556432333333332	1.1710344733953333
2.2689280275926285	0.013021508333333334	1.181102295654
2.2706733568446227	0.010439119	1.187269549963
2.272418686096617	0.007658728666666666	1.1864051505143332
2.274164015348611	0.009457791	1.1808521879656666
2.2759093446006062	0.011109310333333332	1.1721678454063333
2.2776546738525996	0.007313545333333333	1.1611622337506666
2.279400003104594	0.00628204	1.1584113558263331
2.281145332356588	0.0077421846666666655	1.1643648034713332
2.2828906616085836	0.009538027666666667	1.1771998043513332
2.284635990860578	0.010442498666666668	1.1923251425006667
2.286381320112572	0.012568613	1.2036534846529998
2.288126649364566	0.010614209000000001	1.1979838149476665
2.28987197861656	0.008032315299999999	1.180946921102
2.291617307868555	0.009959272333333333	1.169513969204
2.2933626371205493	0.015796815	1.174129897433
2.2951079663725436	0.015358832333333333	1.1856848311446666
2.2968532956245378	0.014188430000000002	1.2011095081383332
2.2985986248765315	0.017332440666666664	1.2136480010153332
2.300343954128526	0.01917374	1.2128880093206666
2.3020892833805204	0.013549415666666665	1.1970817754879999
2.3038346126325147	0.011417719	1.184115633643
2.305579941884509	0.013233651	1.1780891612593332
2.307325271136503	0.015267196	1.1776895953663333
2.309070600388498	0.017353108666666665	1.1839596502976666
2.3108159296404924	0.020967096666666664	1.1957250128933334
2.3125612588924866	0.018007056666666667	1.199174816129
2.314306588144481	0.013985948666666666	1.19683035698
2.316051917396475	0.016119006666666665	1.1962739040233332
2.3177972466484698	0.021400676666666663	1.1971693418533331
2.319542575900464	0.019686205333333335	1.1941721755333332
2.321287905152458	0.019069216	1.19891952521
2.3230332344044524	0.023665758666666665	1.2114149619833334
2.324778563656447	0.026667713333333332	1.2172554695233333
2.3265238929084413	0.02251645	1.2087244126799999
2.3282692221604355	0.021200899333333332	1.2005988536833332
2.3300145514124297	0.022183568666666667	1.1977374399166667
2.331759880664424	0.02326539	1.2008180792999998
2.333505209916418	0.024737884	1.2089295666666666
2.3352505391684133	0.02703713233333333	1.21728986472
2.3369958684204075	0.02273012	1.2135557507533332
2.3387411976724017	0.018018071	1.2057608274566667
2.340486526924396	0.018846524666666663	1.20370680197
2.34223185617639	0.022679901333333335	1.2044558771133334
2.343977185428385	0.020975275666666668	1.2000017091733333
2.345722514680379	0.020941525666666662	1.2042660294233332
2.3474678439323733	0.025832838666666667	1.2232381828799999
2.3492131731843675	0.02980113933333333	1.2442284301966666
2.3509585024363617	0.02671142	1.2527099251933331
2.3527038316883564	0.025379481333333332	1.25430133909
2.3544491609403506	0.025427421666666665	1.2490106247733332
2.356194490192345	0.025463560666666663	1.2405860896633332
2.357939819444339	0.027320144999999997	1.2381286861099998
2.3596851486963333	0.031845006333333335	1.2438899348699999
2.3614304779483275	0.02959285033333333	1.2437939663299997
2.3631758072003217	0.026374038999999995	1.2429198631433334
2.364921136452316	0.028100059333333333	1.2486750544866665
2.36666646570431	0.030083895333333333	1.25273832278
2.3684117949563044	0.024426711666666663	1.2436606301033333
2.3701571242083	0.021134602999999995	1.2361891633666666
2.371902453460294	0.023431111666666664	1.2384129334266665
2.373647782712288	0.026754610333333335	1.2448240818966667
2.375393111964282	0.026919235	1.2507887420700001
2.3771384412162764	0.02951408933333333	1.2637188870466667
2.3788837704682715	0.03074128066666667	1.2760620845433333
2.3806290997202657	0.029881347333333336	1.2808496325333332
2.38237442897226	0.029126482	1.2795713216
2.384119758224254	0.030243426666666663	1.2768211692566667
2.3858650874762484	0.02626494286666667	1.26651395683
2.3876104167282426	0.023843561666666666	1.25756552469
2.389355745980237	0.028480796333333336	1.25801978831
2.391101075232231	0.03382775719	1.2601257933999999
2.3928464044842253	0.028751891999999994	1.2520703120833334
2.3945917337362195	0.023750867	1.2498034475466664
2.3963370629882146	0.024855780609999996	1.26061697439
2.398082392240209	0.026374864133333332	1.2707800741066664
2.3998277214922035	0.023204948133333334	1.27071747264
2.4015730507441977	0.024556334599999997	1.2764433776966666
2.403318379996192	0.027946078833333336	1.2898029576566667
2.4050637092481866	0.02940445392333333	1.30083860888
2.406809038500181	0.029220718766666667	1.30284988617
2.408554367752175	0.029678564666666664	1.2982442460066665
2.4102996970041692	0.02393268193333333	1.284331425263333
2.4120450262561635	0.019713518833333332	1.2749017146
2.4137903555081577	0.024347436	1.2809470155333333
2.415535684760152	0.030782187999999995	1.29205957898
2.417281014012146	0.025881888333333332	1.2900878573699999
2.4190263432641403	0.020454283333333333	1.2887738034099998
2.4207716725161346	0.02119299933333333	1.2977259110766666
2.4225170017681297	0.02144654	1.3029602274166665
2.424262331020124	0.015759067666666664	1.2918751230466665
2.426007660272118	0.015508554333333334	1.2840061771566664
2.4277529895241123	0.020612080999999997	1.2926929270166667
2.4294983187761066	0.02545208066666666	1.3147153907733333
2.4312436480281012	0.026222225333333335	1.3384135717333332
2.4329889772800954	0.026203257999999997	1.3576076262266668
2.4347343065320897	0.021345810666666666	1.3599469586533335
2.436479635784084	0.016324774666666667	1.3484710345466668
2.438224965036078	0.017220882	1.3356348754066665
2.4399702942880728	0.022574603	1.3264905740099997
2.441715623540067	0.020403274666666665	1.3114774192133334
2.443460952792061	0.017945003333333334	1.3031122026433333
2.4452062820440554	0.021909618999999998	1.31422809089
2.4469516112960497	0.024381323333333333	1.3333497858066665
2.448696940548044	0.016344894333333332	1.3394127821166664
2.450442269800038	0.012207719333333334	1.3411616083866664
2.4521875990520323	0.016315326666666664	1.3467718015666663
2.4539329283040274	0.020810106666666665	1.35372596861
2.4556782575560216	0.020129733666666663	1.3595369578933334
2.457423586808016	0.020821948333333333	1.3713681943133331
2.4591689160600105	0.019571427666666665	1.3792195092399997
2.4609142453120048	0.016723853333333333	1.3743345975066668
2.462659574563999	0.015930605666666667	1.3607319279066665
2.464404903815993	0.019197929999999995	1.3496329702166663
2.466150233067988	0.01760829	1.3371770110933332
2.467895562319982	0.016453116666666667	1.3284988865133331
2.4696408915719763	0.020991333333333334	1.3299189553500002
2.4713862208239705	0.024632633333333334	1.3356667250333332
2.4731315500759647	0.01719151	1.3311729716633331
2.47487687932796	0.012275177666666666	1.3253936579433332
2.476622208579954	0.01723561	1.3244638152766666
2.4783675378319483	0.02334447333333333	1.3212874415766667
2.4801128670839416	0.021006186666666666	1.31171217667
2.481858196335936	0.021004363333333335	1.3145332447333333
2.4836035255879314	0.025110209999999997	1.3308461100933333
2.4853488548399256	0.026372046666666666	1.3417117707833335
2.48709418409192	0.02202354333333333	1.3339411828166665
2.488839513343914	0.021628686666666664	1.3187695812066667
2.490584842595908	0.021804046666666663	1.2999174368233333
2.492330171847903	0.02240474	1.28205450005
2.494075501099897	0.02687097	1.2721492567566666
2.4958208303518914	0.0325887	1.2721879955333333
2.4975661596038856	0.027814659999999998	1.2712955829266666
2.49931148885588	0.02327773333333333	1.2761859256433332
2.501056818107874	0.028349613333333332	1.2906907508233332
2.5028021473598683	0.03389826	1.3009035116799998
2.5045474766118625	0.027475459999999997	1.2909835625766664
2.5062928058638567	0.024371286666666665	1.2787676183633332
2.508038135115851	0.03234101333333333	1.2790603689366664
2.509783464367846	0.038813683333333335	1.28287356428
2.5115287936198403	0.03300222	1.2761342838299998
2.5132741228718345	0.03058559333333333	1.2711739532033333
2.5150194521238287	0.03569049666666666	1.2711247830433332
2.516764781375823	0.03907168666666667	1.2660577556566666
2.5185101106278176	0.03650929	1.2522091874633334
2.520255439879812	0.037194929999999994	1.24225199749
2.522000769131806	0.03716869666666667	1.2337575065333333
2.5237460983838007	0.035790786666666664	1.2249865459033331
2.525491427635795	0.03669658666666667	1.2204241614366667
2.527236756887789	0.03992395666666666	1.2230302617933333
2.5289820861397834	0.035267756666666664	1.2211855421366666
2.5307274153917776	0.03182622333333333	1.2195494997833332
2.532472744643772	0.038268279999999995	1.22579855804
2.534218073895766	0.04497105	1.2340260672166665
2.535963403147761	0.037938976666666666	1.2319966609733333
2.5377087323997554	0.03386831	1.2342417620966666
2.5394540616517496	0.04216600333333333	1.2465912309433334
2.541199390903744	0.0482639	1.2520379708866667
2.542944720155738	0.039907446666666666	1.2374154458433333
2.5446900494077327	0.03538872	1.2230168164833333
2.546435378659727	0.04136100333333333	1.21837441449
2.548180707911721	0.04580611333333333	1.21362358256
2.5499260371637154	0.04111888	1.20306435711
2.5516713664157096	0.04069820666666667	1.2033146913400001
2.5534166956677042	0.04422884666666666	1.2153554643766666
2.5551620249196985	0.045266136666666665	1.2295825384599999
2.5569073541716927	0.04344301666666667	1.23982320477
2.558652683423687	0.04429496	1.2478810190099998
2.560398012675681	0.041036366666666664	1.24494032181
2.5621433419276762	0.03868671	1.2359097144733333
2.5638886711796696	0.043797546666666666	1.2307967146066665
2.565634000431664	0.050346	1.2293454692133332
2.567379329683658	0.04489848	1.2204095610466665
2.5691246589356522	0.0399306	1.2155451861733333
2.570869988187648	0.044279519999999996	1.2232705119733334
2.572615317439642	0.0466133	1.2333657349566665
2.5743606466916362	0.035737566666666665	1.2327228087666666
2.57610597594363	0.030410626666666662	1.23548958943
2.5778513051956247	0.03786476666666666	1.246190920813333
2.5795966344476193	0.043807356666666665	1.2531014796266666
2.5813419636996136	0.03804311333333333	1.2507457857333333
2.5830872929516078	0.036129006666666665	1.2569796810666667
2.584832622203602	0.041107066666666664	1.2711054204133332
2.586577951455596	0.04329767666666666	1.2777315079533331
2.5883232807075904	0.03821523	1.271319583943333
2.5900686099595847	0.03804584333333333	1.2686495307433332
2.591813939211579	0.041324993333333324	1.2717336116266666
2.593559268463574	0.04296724999999999	1.2749663066099999
2.595304597715568	0.042092856666666664	1.2760204491899998
2.5970499269675624	0.04203647333333333	1.2808642947966666
2.598795256219557	0.03659308	1.2865382383633333
2.6005405854715513	0.03279210233333333	1.2970752647200001
2.6022859147235455	0.03651941833333333	1.3094182333966666
2.6040312439755398	0.041740056666666664	1.312601971743333
2.6057765732275344	0.037539376666666666	1.3000966864266665
2.6075219024795286	0.03609457333333333	1.29393901633
2.609267231731523	0.04314885999999999	1.30496297912
2.611012560983517	0.04693754333333333	1.3173305269399997
2.6127578902355113	0.03675067666666666	1.3121240213233332
2.6145032194875055	0.03062295233333333	1.3043950568433331
2.6162485487394997	0.036538516666666666	1.30521813354
2.617993877991494	0.04219720666666667	1.30579716703
2.619739207243488	0.03737781999999999	1.2959372405666667
2.6214845364954824	0.035945107999999996	1.2910729836433332
2.6232298657474775	0.04028162	1.2998914276633333
2.6249751949994717	0.04131187333333333	1.3193579153833332
2.626720524251466	0.03404751	1.34054418779
2.62846585350346	0.031171913333333336	1.36163559472
2.6302111827554544	0.033832839999999996	1.36963716153
2.631956512007449	0.03672548	1.3584846913899997
2.6337018412594433	0.037352373333333334	1.3361003759933334
2.6354471705114375	0.041035293333333334	1.3183221766433333
2.6371924997634317	0.04098752333333333	1.3024968202366665
2.638937829015426	0.038970243333333335	1.2907786178966667
2.6406831582674206	0.039803243333333335	1.2880133739899997
2.642428487519415	0.04199954	1.2935396028333335
2.644173816771409	0.03741427333333333	1.29660592513
2.6459191460234033	0.036471943333333326	1.3007137500666666
2.6476644752753975	0.04307370333333333	1.3041327319699998
2.6494098045273917	0.04742829333333333	1.2998038094066664
2.651155133779386	0.03935663666666667	1.2860833324599998
2.652900463031381	0.033919036666666666	1.2834160961699999
2.6546457922833753	0.03875652333333333	1.29488615779
2.6563911215353695	0.042323180333333335	1.2994184977099998
2.658136450787364	0.0342814	1.2809882201066665
2.6598817800393584	0.03277214333333333	1.2604076555766666
2.6616271092913526	0.04236885666666666	1.24948947139
2.663372438543347	0.04813162666666666	1.239424967443333
2.665117767795341	0.04149385666666666	1.2229925423566665
2.6668630970473353	0.03799767	1.2152525003633334
2.66860842629933	0.04034182	1.21973798033
2.6703537555513237	0.04105022666666666	1.2300506472133332
2.6720990848033184	0.03646729666666666	1.23755059004
2.673844414055312	0.03693676	1.2424447986166665
2.6755897433073077	0.03978122333333334	1.23672808097
2.677335072559302	0.04113226666666667	1.2231752143266665
2.679080401811296	0.04131169333333333	1.21307330598
2.6808257310632904	0.04299968666666666	1.2142813682666667
2.6825710603152837	0.03906163	1.2162882332066665
2.6843163895672792	0.036422546666666666	1.2199586272866665
2.6860617188192735	0.03977366	1.22657059
2.6878070480712677	0.043233980000000005	1.2307697052433333
2.689552377323262	0.03797784666666666	1.2246426882233332
2.691297706575256	0.03592947666666666	1.2198341008633333
2.6930430358272504	0.04159708	1.2200555227666667
2.694788365079245	0.04493887	1.2180946560833332
2.696533694331239	0.03608729333333333	1.2101479728666666
2.6982790235832335	0.03182811333333333	1.21562938857
2.7000243528352272	0.03890142666666667	1.2347861016766666
2.701769682087222	0.04324708	1.2441863942566664
2.703515011339216	0.03493258333333333	1.2302465971999998
2.7052603405912103	0.03263070333333333	1.2156662546133332
2.7070056698432046	0.04029488	1.2105465000933333
2.708750999095199	0.044435796666666666	1.2056855865133334
2.710496328347194	0.03797331333333333	1.1944548256499998
2.712241657599188	0.03605547	1.19111973119
2.7139869868511823	0.039819919999999995	1.19827852238
2.7157323161031766	0.04032416	1.2103794641233332
2.7174776453551712	0.03396551666666666	1.2214200098066665
2.7192229746071654	0.03190984	1.2339254710833334
2.7209683038591597	0.03244909	1.2398942375099997
2.722713633111154	0.03263650666666666	1.238628095783333
2.7244589623631486	0.03199001	1.2347136308733333
2.7262042916151423	0.03400669	1.2328164246899997
2.727949620867137	0.03327044666666666	1.2249139427266666
2.729694950119131	0.03295567666666666	1.2137496275566666
2.7314402793711254	0.03447422	1.2031062418
2.7331856086231197	0.035595633333333335	1.19426662019
2.734930937875114	0.029799993333333333	1.1839277980633334
2.736676267127109	0.027581329999999994	1.1834344004766666
2.738421596379103	0.03323501333333333	1.1926015171533333
2.7401669256310974	0.03727087666666666	1.1976056399766666
2.7419122548830916	0.029782950000000002	1.1903639519166664
2.743657584135086	0.02657570333333333	1.1911862920899998
2.7454029133870805	0.03337498333333333	1.2031243142766666
2.7471482426390748	0.03715315933333333	1.205235098263333
2.748893571891069	0.028309279333333333	1.1851729195766665
2.750638901143063	0.025693709999999998	1.16791387314
2.7523842303950574	0.03505622666666666	1.1660927587566665
2.754129559647052	0.041144263333333334	1.1666189628599999
2.755874888899046	0.03381864666666666	1.1568603424233332
2.7576202181510405	0.031072736666666663	1.15308773432
2.7593655474030343	0.03617796333333333	1.1616194946166667
2.761110876655029	0.03667870666666666	1.1742199709199999
2.762856205907024	0.027896151666666664	1.1813696860133334
2.7646015351590183	0.025974205666666667	1.1864920602833333
2.7663468644110116	0.031264322666666663	1.18248723591
2.768092193663006	0.034681903	1.1670057809233332
2.769837522915	0.03242610666666666	1.147438552698333
2.7715828521669956	0.034391866666666666	1.1371422899743333
2.77332818141899	0.03687194333333333	1.1301501190246666
2.775073510670984	0.03586775666666667	1.1248035594356667
2.7768188399229783	0.03235431	1.1275303054359997
2.7785641691749725	0.031304941333333336	1.1439229044719998
2.780309498426967	0.027615112666666664	1.1616410099666665
2.782054827678961	0.026387653333333334	1.176200429618
2.7838001569309556	0.029326628	1.1827794623766665
2.7855454861829494	0.031488009666666664	1.1772577195266667
2.787290815434944	0.025967036666666665	1.16066151017
2.7890361446869383	0.024090086666666666	1.1528725055686666
2.7907814739389325	0.029023317333333333	1.1567133539633334
2.7925268031909276	0.031602588	1.1580716480233333
2.794272132442922	0.023819069999999998	1.1503479992533332
2.796017461694916	0.022200072	1.1559951706833331
2.7977627909469107	0.031349451333333334	1.1770777286199998
2.799508120198905	0.03637024666666666	1.1887195938866666
2.801253449450899	0.02735704	1.1760986580766666
2.8029987787028934	0.02381552333333333	1.16446670485
2.8047441079548876	0.030922357	1.16657938767
2.8064894372068823	0.03361670133333333	1.1691115811900001
2.808234766458876	0.023475097	1.1594612379646665
2.8099800957108707	0.020529133999999997	1.1531358189716665
2.8117254249628645	0.028512698333333336	1.153155014674
2.813470754214859	0.031972282666666664	1.1489060154933333
2.8152160834668534	0.023841333333333332	1.1385722505196667
2.8169614127188476	0.021916106666666664	1.1405763711236665
2.818706741970842	0.02689425333333333	1.1525461552766667
2.820452071222836	0.027626044999999995	1.1630783572666665
2.8221974004748303	0.020688007666666664	1.17078111717
2.8239427297268254	0.019849416333333335	1.18735946901
2.8256880589788196	0.024302621666666663	1.2034535092433334
2.827433388230814	0.026568503999999996	1.2039672174566667
2.829178717482808	0.023302678	1.1840248688333332
2.8309240467348022	0.023859123	1.1591690422033332
2.832669375986797	0.025759749	1.1390199659009999
2.834414705238791	0.026382249	1.1317048461073331
2.8361600344907854	0.025294528666666666	1.1360542863133332
2.8379053637427796	0.026410957	1.1479135860199998
2.839650692994774	0.024927250666666668	1.1596336875933333
2.841396022246768	0.024904723999999996	1.1785279225266667
2.8431413514987627	0.028001084333333332	1.2011866835499998
2.8448866807507565	0.03045348133333333	1.2092012904833331
2.846632010002751	0.024463323999999998	1.18829571131
2.8483773392547453	0.021958997666666664	1.1627100984499998
2.8501226685067405	0.027326093666666666	1.1532809953333332
2.8518679977587347	0.0293682124	1.1535494676666664
2.853613327010729	0.020069463	1.1500270757633333
2.855358656262723	0.01753796033333333	1.1566793904633332
2.8571039855147173	0.02480507033333333	1.17567817363
2.858849314766712	0.028020513666666667	1.1921694780733332
2.8605946440187062	0.019964667	1.19691918787
2.8623399732707004	0.018855777666666663	1.2055890583966664
2.8640853025226947	0.028791666666666667	1.2179452041999999
2.865830631774689	0.03397213333333333	1.2188274431266666
2.8675759610266836	0.024380389000000002	1.2066274782233333
2.8693212902786778	0.022306256666666666	1.2092702310733332
2.871066619530672	0.032136694333333334	1.2245199543466665
2.872811948782666	0.034340572666666666	1.22317516505
2.87455727803466	0.022506314	1.19919030808
2.8763026072866555	0.019526098666666665	1.1857739150933333
2.8780479365386498	0.026556011999999997	1.1905322240933331
2.879793265790644	0.028391223333333333	1.1956747787866666
2.881538595042638	0.020050838666666664	1.1923402106366665
2.8832839242946324	0.019394470333333334	1.1990352247033331
2.885029253546627	0.02672828	1.2167926105233333
2.8867745827986213	0.028655600000000003	1.2299975512433332
2.8885199120506155	0.020982492666666665	1.2286582976166667
2.8902652413026098	0.01956512333333333	1.2230885008033332
2.892010570554604	0.023136198666666666	1.2122765359866667
2.893755899806598	0.023668287	1.1970652721933333
2.895501229058593	0.018477472946666663	1.1858724531933333
2.8972465583105866	0.017792611166666666	1.19331497751
2.8989918875625813	0.021188708333333334	1.2140233235266664
2.900737216814575	0.023447089999999997	1.23613897717
2.9024825460665697	0.020817609333333334	1.2505536421899999
2.904227875318564	0.02191281033333333	1.2613081976133333
2.905973204570558	0.023092256666666665	1.2630804336833332
2.9077185338225524	0.023773272	1.2566027392666665
2.9094638630745466	0.026206413666666668	1.2442128406533333
2.9112091923265417	0.028420298666666666	1.2277112637033334
2.912954521578536	0.022969354999999997	1.2109761814
2.91469985083053	0.021275687	1.2160327643133333
2.916445180082525	0.024496531333333335	1.2403830904533333
2.918190509334519	0.025151262999999997	1.2612474100200002
2.9199358385865133	0.019613914666666666	1.26661601304
2.921681167838508	0.018426869999999998	1.2742495216633332
2.9234264970905017	0.022674542333333332	1.2894928375399999
2.9251718263424964	0.025772446666666664	1.2965136409
2.92691715559449	0.018997463333333332	1.2800231438466665
2.928662484846485	0.017298732666666667	1.2653235201666666
2.930407814098479	0.026031445333333333	1.2731157976033334
2.9321531433504733	0.029336295000000002	1.290643878923333
2.9338984726024675	0.0191610492	1.2990820105066665
2.9356438018544617	0.018116213666666665	1.3104249872966665
2.937389131106457	0.027656081	1.3240735902133332
2.939134460358451	0.03042524866666667	1.3278435626866667
2.9408797896104453	0.021219604333333336	1.32313225159
2.9426251188624395	0.020113846666666664	1.3312969410733333
2.9443704481144337	0.027902871	1.3466511054166663
2.9461157773664284	0.02829247333333333	1.3511286305233332
2.9478611066184226	0.016294602999999998	1.3486134164
2.949606435870417	0.014399854	1.3653707442
2.951351765122411	0.02347308866666667	1.3862066973833331
2.9530970943744053	0.02566347933333333	1.3749593554733333
2.9548424236264	0.0159239042	1.3331061063499998
2.956587752878394	0.016068258333333335	1.3073967074866666
2.9583330821303884	0.027385029999999998	1.3078519936366666
2.960078411382382	0.030694903333333332	1.30213398866
2.961823740634377	0.01793895133333333	1.2755291889066664
2.963569069886372	0.013680937666666665	1.2664098042933332
2.965314399138366	0.021780623333333332	1.2914136759433332
2.9670597283903604	0.02329709	1.3229846207066667
2.9688050576423537	0.013260053666666667	1.333690541063333
2.970550386894349	0.012021077666666666	1.3327483292633333
2.9722957161463435	0.017909835	1.32592269182
2.9740410453983377	0.020268189666666665	1.3142471350466665
2.975786374650332	0.016361681	1.2987055727299999
2.977531703902326	0.016679452999999997	1.2892475667466665
2.9792770331543204	0.020436815666666663	1.2884057147833332
2.981022362406315	0.020902282666666664	1.3007992816399998
2.982767691658309	0.013779357	1.32956059665
2.9845130209103035	0.014722239333333333	1.3773711032466665
2.9862583501622977	0.022615396666666666	1.4160107654899998
2.988003679414292	0.02261197	1.4174618132966668
2.989749008666286	0.014081306666666665	1.3918514495966665
2.9914943379182812	0.014645716666666666	1.3740681297
2.9932396671702755	0.018775025	1.36271408021
2.9949849964222697	0.019822796999999996	1.3464250335266668
2.996730325674264	0.017999378333333333	1.3279503251333333
2.9984756549262586	0.01810108573333333	1.3238206522833331
3.000220984178253	0.018948706666666666	1.33830733696
3.001966313430247	0.021244856666666666	1.3645917747
3.0037116426822412	0.01825617733333333	1.38174286962
3.0054569719342354	0.015072719333333331	1.3848997339766664
3.00720230118623	0.012685767	1.3746475155533333
3.008947630438224	0.009898926999999998	1.3549352279733333
3.0106929596902186	0.006805861	1.3288469242966665
3.0124382889422123	0.007629514366666666	1.3046829897966665
3.014183618194207	0.006225034933333333	1.2856791953233333
3.015928947446201	0.008061334333333333	1.2885042511266667
3.0176742766981954	0.01412363	1.3172218351233334
3.0194196059501897	0.020090829766666665	1.3568729561533335
3.021164935202184	0.020859240666666667	1.3839014296033334
3.022910264454178	0.022154713333333333	1.3909288587066666
3.024655593706173	0.02278667733333333	1.3721841026266666
3.0264009229581674	0.021126872666666664	1.3322542987833335
3.0281462522101616	0.013953173	1.2864675884099999
3.029891581462156	0.012253014066666667	1.26298708551
3.03163691071415	0.016287956333333332	1.25998325288
3.0333822399661448	0.017404027666666665	1.2569086847566666
3.035127569218139	0.013625529333333332	1.252367694303333
3.036872898470133	0.016772709666666667	1.270765319453333
3.0386182277221274	0.02326096	1.3051297000133333
3.040363556974122	0.027257564333333335	1.3226247053833333
3.042108886226116	0.022466235333333334	1.2986064141033333
3.0438542154781105	0.020959697333333333	1.2606260685033333
3.0455995447301047	0.030521697	1.24606080546
3.047344873982099	0.03428145266666666	1.2511557718566666
3.049090203234093	0.020356964999999998	1.25347947239
3.0508355324860883	0.018427147999999997	1.2694274222166666
3.0525808617380825	0.028528714333333333	1.3014360131433333
3.0543261909900767	0.02713279333333333	1.33345181167
3.056071520242071	0.017445637333333333	1.3604569118666667
3.057816849494065	0.017945030333333334	1.37779917056
3.05956217874606	0.022372197	1.3577923244666663
3.061307507998054	0.022009467999999997	1.3008508041666664
3.0630528372500487	0.011224075	1.2461844770166666
3.0647981665020425	0.011068013666666668	1.2460134909166665
3.0665434957540367	0.02847076033333333	1.28495598629
3.0682888250060314	0.03287345966666667	1.29392045665
3.0700341542580256	0.015263733000000002	1.2639200097999999
3.07177948351002	0.016254271333333334	1.27102246786
3.073524812762014	0.034262031	1.32865560459
3.075270142014008	0.037104977666666664	1.36986301586
3.0770154712660034	0.021843661	1.3517714018633333
3.0787608005179976	0.018302761666666667	1.3108292315499999
3.080506129769992	0.03004067666666667	1.2873016140966664
3.082251459021986	0.03047599633333333	1.280963358703333
3.0839967882739803	0.010657207666666668	1.28033281082
3.085742117525975	0.008866599666666666	1.2969222459633334
3.087487446777969	0.025890916666666666	1.3076852481999999
3.0892327760299634	0.026920407666666667	1.2855376224566666
3.0909781052819576	0.012979223666666668	1.26421576553
3.092723434533952	0.018785133	1.2971371483166667
3.094468763785946	0.040461592666666664	1.350620847583333
3.0962140930379407	0.04546505766666667	1.3501492078233333
3.0979594222899345	0.02317417933333333	1.3088690354366666
3.099704751541929	0.020401502666666665	1.3506887925166666
3.101450080793923	0.04769950299999999	1.5070480468133332
3.1031954100459176	0.050803025333333335	1.63961364337
3.104940739297912	0.023388931	1.6391868823966664
3.106686068549906	0.023618565799999998	1.5699513021533333
3.1084313978019003	0.045385929666666665	1.54555276538
3.1101767270538954	0.052168804666666665	1.6183928883866667
3.1119220563058896	0.04526577700000001	1.7327744485266667
3.113667385557884	0.04833627666666666	1.77310260869
3.1154127148098785	0.06362731499999999	1.69830693493
3.1171580440618727	0.061350722333333337	1.62808984289
3.118903373313867	0.029931755666666664	1.7344175957966663
3.120648702565861	0.03383334599999999	2.0272669736499997
3.122394031817856	0.075836567	2.23156052957
3.1241393610698496	0.07152692333333333	2.1182194374399996
3.1258846903218442	0.03247393899999999	1.9263826241033333
3.127630019573838	0.04601997	2.08780157358
3.1293753488258327	0.09333032166666666	2.5299118306966664
3.131120678077827	0.10099563	2.6885078009933334
3.132866007329821	0.05616757333333333	2.311124805993333
3.1346113365818153	0.025966599999999996	2.027336564623333
3.1363566658338096	0.08989588666666666	2.84730202612
3.1381019950858047	0.16630037333333336	4.949996633543333
3.139847324337799	0.17085064	7.282632484016666
3.141592653589793	0.4175992	8.585244720656668