# O(3P)+CO2(000; j=0) -> O(3P)+CO2(000; j') scattering, statistically averaged (3A2+3B2+3B1) potential energy surfaces
# Differential cross sections; packaged by M. Gacesa (marko.gacesa@nasa.gov), Apr 30 2019
# E = 0.277725 eV
# theta(rad)                 elastic DCS                total DCS (both in units of 1E-16 cm^2/Sr)
0.	1.1656814666666666e6	1.1897706244910923e6
0.0017453292519943296	1.0387472e6	1.0585792937483331e6
0.003490658503988659	751871.5666666667	763087.5157796666
0.005235987755982989	468510.93333333323	473218.34297833336
0.006981317007977318	267115.36666666664	269146.87881733326
0.008726646259971648	144468.19999999998	146079.40195033333
0.010471975511965978	77138.15999999999	79059.00104273333
0.012217304763960305	43973.666666666664	46134.6080752
0.013962634015954637	28229.34333333333	30276.730701266664
0.015707963267948967	20108.68	21787.40009523333
0.017453292519943295	15375.873333333331	16630.278836533333
0.019198621771937624	11888.596999999998	12793.790431383331
0.020943951023931956	8808.247333333333	9522.534788386665
0.02268928027592628	6329.100666666666	7030.828255106666
0.02443460952792061	4642.761666666666	5452.503705743333
0.02617993877991494	3668.2146666666667	4626.591586456667
0.027925268031909273	3283.39	4361.61447685
0.029670597283903602	3229.7160000000003	4342.61871658
0.031415926535897934	3170.0389999999998	4213.71791682
0.03316125578789226	2945.1539999999995	3843.52346871
0.03490658503988659	2555.242666666666	3280.607391356666
0.03665191429188092	2047.3333333333333	2621.73878718
0.03839724354387525	1533.2590333333333	2018.6392329366668
0.040142572795869566	1144.5522	1615.3073852376667
0.04188790204786391	940.6220666666668	1454.1535613873332
0.043633231299858244	915.5874	1498.765861399
0.04537856055185256	1019.9925999999998	1666.4300942063333
0.047123889803846894	1159.3269	1834.357517185333
0.04886921905584122	1241.2599333333333	1898.544815128333
0.05061454830783555	1220.3471999999997	1821.2046880519997
0.05235987755982988	1093.152833333333	1618.2201634423332
0.054105206811824215	895.1007	1348.8736937583333
0.05585053606381855	692.3051666666667	1099.9225024473335
0.05759586531581287	543.5851333333333	938.6546861119998
0.059341194567807204	479.04303333333337	889.944965923
0.061086523819801536	502.80493333333334	944.1405100983332
0.06283185307179587	588.3270666666666	1057.4050245673334
0.0645771823237902	686.6526	1165.8457519943333
0.06632251157578452	753.7931333333332	1219.1015536616665
0.06806784082777885	761.5828333333334	1192.4867803773332
0.06981317007977318	699.8784666666667	1086.343398716
0.0715584993317675	587.0049333333333	932.7637647869999
0.07330382858376185	461.7253666666667	782.3205564196667
0.07504915783575618	358.98023333333333	674.8619455163333
0.0767944870877505	302.06529	630.7540908586666
0.07853981633974483	301.3516266666667	651.6014242986666
0.08028514559173913	346.07483	715.1054979676667
0.08203047484373349	409.9160766666667	785.1212800966665
0.08377580409572782	466.51167	831.0079087286667
0.08552113334772216	493.28040666666664	832.2279411203332
0.08726646259971649	475.6847	781.4286654036665
0.08901179185171079	418.2163866666666	693.0903074839999
0.09075712110370512	340.58044	595.793384868
0.09250245035569944	263.67036666666667	514.7503372756667
0.09424777960769379	205.82326666666668	467.06350153466667
0.09599310885968812	180.39552666666668	459.945278063
0.09773843811168244	187.88751333333335	484.8501478773333
0.09948376736367677	217.47342000000003	522.5523690499999
0.1012290966156711	254.91288333333333	554.0990900466666
0.10297442586766543	284.09758999999997	563.4239990776666
0.10471975511965977	290.8123233333333	541.0074070339999
0.10646508437165408	271.6040933333333	491.40195270566664
0.10821041362364843	233.31580333333332	429.7599588503333
0.10995574287564276	185.95614333333333	371.7486594336666
0.1117010721276371	141.19283	330.5315003343333
0.11344640137963143	110.58024	314.56032029799997
0.11519173063162574	99.40440699999999	322.3459957263333
0.11693705988362009	105.76637000000001	344.09630670999996
0.11868238913561441	123.93690666666666	367.70406061333335
0.12042771838760875	144.65510666666665	380.67431627099995
0.12217304763960307	157.42372666666665	373.38305663246666
0.12391837689159738	156.62162333333333	345.0295490137333
0.12566370614359174	142.57967333333332	302.8866286817333
0.12740903539558604	118.49869666666666	256.87117207573334
0.1291543646475804	90.26914333333333	217.52710991323335
0.13089969389957473	65.75753666666665	193.9615352583333
0.13264502315156904	50.69943133333334	189.40190034203331
0.1343903524035634	46.950660666666664	200.59604022066665
0.1361356816555577	53.46548666666666	220.5300123856
0.13788101090755206	65.98754333333332	239.7216274365333
0.13962634015954636	78.03610666666665	248.7463796428
0.1413716694115407	84.54725333333332	242.7761933876333
0.143116998663535	83.28745333333332	222.57718501513332
0.14486232791552936	73.93993733333333	192.4057906994
0.1466076571675237	58.57073499999999	159.13296079469998
0.148352986419518	41.66028766666666	130.8285143755333
0.15009831567151236	27.758636666666664	113.36952394253333
0.15184364492350666	19.841642666666665	108.71927458436667
0.153588974175501	19.178314666666665	115.35824262586667
0.15533430342749535	24.765306666666664	128.57248989173334
0.15707963267948966	33.457386666666665	141.79157827653333
0.158824961931484	41.72903	149.46629855483334
0.16057029118347826	46.80115166666667	148.59385839223333
0.16231562043547265	46.788531333333324	138.6681667373
0.16406094968746698	41.41734933333333	121.88390016766667
0.16580627893946132	32.39241466666667	102.64521375103334
0.16755160819145565	22.374862999999998	85.63017578023332
0.16929693744344992	13.966859333333332	74.2703484927
0.1710422666954443	9.223246333333332	70.16344822459999
0.17278759594743864	8.973068333333334	72.60735172476666
0.17453292519943298	12.52582	78.90635571126666
0.17627825445142725	18.24364	85.6968187765
0.17802358370342158	24.099186666666668	90.00660022173332
0.17976891295541597	28.08954	89.86244265643333
0.18151424220741025	28.93559666666667	84.92814223913334
0.18325957145940458	26.50217	76.54888920183333
0.18500490071139888	21.585663333333333	66.9799259491
0.18675022996339324	15.619012666666666	58.618478015433325
0.18849555921538758	10.295545	53.3446556342
0.1902408884673819	6.941305666666667	51.8531679437
0.19198621771937624	6.144081999999999	53.535934732966666
0.19373154697137057	7.785505000000001	56.94176415203333
0.19547687622336488	11.083697666666668	60.24387897743333
0.19722220547535924	14.803363333333332	61.78580513343333
0.19896753472735354	17.745546666666666	60.702805883299995
0.2007128639793479	19.07526	57.10408392123333
0.2024581932313422	18.43376	51.869260696666665
0.20420352248333656	16.080792	46.418501196499996
0.20594885173533087	12.791027666666666	42.23674757746666
0.20769418098732523	9.458321633333334	40.2527202864
0.20943951023931953	6.85896888	40.62450677833333
0.2111848394913139	5.55754	42.836092876433334
0.21293016874330817	5.701296333333333	45.79747695929999
0.21467549799530256	6.9862616666666675	48.205174666233326
0.21642082724729686	8.878814	49.06188024796666
0.2181661564992912	10.756092333333331	47.891098055966665
0.21991148575128552	12.021756666666665	44.7953734435
0.22165681500327983	12.356546666666663	40.5402571084
0.2234021442552742	11.780195	36.280160855666665
0.22514747350726852	10.490800333333333	33.044008920466666
0.22689280275926285	8.822170999999999	31.505207665799993
0.22863813201125716	7.217176333333332	31.893949173800003
0.2303834612632515	6.023011666666666	33.84077363856666
0.23212879051524585	5.398799333333334	36.516474855133325
0.23387411976724018	5.380809633333333	38.99931814263333
0.23561944901923448	5.845220366666666	40.4498562159
0.23736477827122882	6.516260333333333	40.28439303416667
0.23911010752322315	7.1643973333333335	38.48117664833333
0.2408554367752175	7.660857	35.5387665233
0.24260076602721184	7.879290999999999	32.139285326233335
0.24434609527920614	7.7616060000000004	29.018919632033334
0.24609142453120048	7.393074333333333	26.873395543333334
0.24783675378319475	6.875284666666666	26.059377911766667
0.24958208303518917	6.2818016666666665	26.510517776900002
0.25132741228718347	5.726375666666667	27.9053608516
0.2530727415391778	5.279297	29.699408140333333
0.2548180707911721	4.911305333333333	31.219584260366666
0.25656340004316636	4.641849	32.01181554343333
0.2583087292951608	4.544616533333333	31.9466532899
0.26005405854715513	4.592421	31.038218057566667
0.26179938779914946	4.713204	29.472320059966666
0.2635447170511437	4.9111519999999995	27.673622819066665
0.26529004630313807	5.162862666666666	26.055268544833332
0.26703537555513246	5.371279666666666	24.846767488433333
0.2687807048071268	5.481907333333333	24.17431404073333
0.270526034059121	5.4557286666666664	24.010244256300002
0.2722713633111154	5.207417999999999	24.115218073
0.2740166925631097	4.748093666666667	24.2697325652
0.2757620218151041	4.214762666666666	24.38508729413333
0.27750735106709834	3.6884129999999997	24.342734604266667
0.2792526803190927	3.2065569666666662	24.052010809633334
0.280998009571087	2.9022994666666664	23.638430479499995
0.2827433388230814	2.8879136666666665	23.288104012833333
0.2844886680750758	3.1240309999999996	23.053835198766667
0.28623399732707	3.5283276666666668	22.9520849851
0.28797932657906433	4.015841	22.979485649166666
0.2897246558310587	4.421497666666666	22.99545654163333
0.291469985083053	4.605412333333333	22.846198110766665
0.2932153143350474	4.552350666666666	22.495837802799997
0.29496064358704166	4.251040333333333	21.894869890866666
0.296705972839036	3.686636666666666	20.990846513866664
0.2984513020910303	3.0023606666666667	19.940583026499997
0.3001966313430247	2.4190886	19.016005042933333
0.301941960595019	2.0358663	18.359072541566665
0.3036872898470133	1.8869273	18.0441920805
0.30543261909900765	2.025368666666666	18.162720803299997
0.307177948351002	2.4086846666666664	18.6699116464
0.3089232776029963	2.8918486666666667	19.377342401366665
0.3106686068549907	3.3536189999999992	20.107226516399997
0.312413936106985	3.6733156666666664	20.66016509353333
0.3141592653589793	3.706496333333334	20.798230394533334
0.31590459461097364	3.432835	20.448066095766666
0.317649923862968	2.9660409999999997	19.7201315195
0.3193952531149623	2.389440333333333	18.7072462993
0.32114058236695653	1.7732683333333334	17.514786590899995
0.32288591161895097	1.2784091	16.389545095266662
0.3246312408709453	1.0416979	15.565898199666666
0.32637657012293964	1.0660764666666667	15.121213218733331
0.32812189937493397	1.3072196666666667	15.075038075366667
0.32986722862692824	1.703909333333333	15.407500663166665
0.33161255787892263	2.1206866666666664	15.974903525166667
0.3333578871309169	2.427668333333333	16.611347145466667
0.3351032163829113	2.5752198999999996	17.21933696563333
0.3368485456349056	2.5167605666666666	17.665173560699998
0.33859387488689985	2.2146519666666666	17.798815617499997
0.34033920413889424	1.7528441666666668	17.622184157466666
0.3420845333908886	1.2776699999999999	17.229198697
0.3438298626428829	0.8690948333333333	16.651260136799998
0.3455751918948773	0.5827167666666666	15.930230665933331
0.34732052114687156	0.49237792299999994	15.188718864033333
0.34906585039886595	0.6045125666666666	14.515052148366667
0.3508111796508603	0.8565750333333333	13.944070522933334
0.3525565089028545	1.1917517999999998	13.537831779666664
0.3543018381548489	1.5290750333333332	13.325324362266667
0.35604716740684317	1.7527000666666668	13.258540050933334
0.35779249665883756	1.8192675333333332	13.329682488066666
0.35953782591083194	1.7612481333333332	13.568774408666666
0.3612831551628262	1.5862604999999999	13.910817961666666
0.3630284844148205	1.3085742	14.246107467033335
0.3647738136668149	1.020306	14.543255459303333
0.36651914291880916	0.8111645999999999	14.776324047226666
0.36826447217080355	0.7074954666666666	14.862241695479998
0.37000980142279777	0.7286858666666666	14.756518004033333
0.3717551306747922	0.8799790666666667	14.470329560833331
0.3735004599267865	1.1038183	14.0027531902
0.3752457891787809	1.3445483333333332	13.394442548699999
0.37699111843077515	1.5853683333333333	12.758769260133334
0.3787364476827695	1.7728279999999998	12.170789061799997
0.3804817769347638	1.8355536666666668	11.656202445113331
0.38222710618675815	1.7888639999999998	11.296259254543333
0.3839724354387525	1.6921073333333334	11.173071988476666
0.38571776469074687	1.5575816666666666	11.257976686873334
0.38746309394274114	1.4021656666666664	11.481583724156668
0.3892084231947355	1.2879619666666664	11.809388839353332
0.39095375244672975	1.2480189333333334	12.175879925496666
0.39269908169872414	1.2785638	12.485030197383333
0.39444441095071847	1.3902741	12.688490888443335
0.3961897402027128	1.5672184333333332	12.755413212519999
0.3979350694547071	1.7443563333333334	12.639916986086668
0.39968039870670136	1.8945496666666664	12.363983081939999
0.4014257279586958	2.031217333333333	12.012225597503333
0.4031710572106902	2.119238333333333	11.620163552883334
0.4049163864626844	2.1115509999999995	11.197563660450001
0.4066617157146788	2.0377443333333334	10.816683657553334
0.4084070449666731	1.9461300000000001	10.545843364213333
0.41015237421866746	1.838787	10.377930163756666
0.41189770347066174	1.7282099333333332	10.298143789726668
0.413643032722656	1.6536571000000002	10.31174853511
0.41538836197465046	1.6221131999999998	10.387806887263332
0.4171336912266447	1.6284188	10.487394134886665
0.41887902047863906	1.6896327333333332	10.606472682283334
0.42062434973063334	1.7898290666666663	10.718636675426666
0.4223696789826278	1.8754737333333331	10.768890137776665
0.4241150082346221	1.938026	10.758491505276666
0.42586033748661634	1.997287	10.722180055753334
0.4276056667386108	2.024369666666667	10.643341688476665
0.4293509959906051	1.9847096666666664	10.498078138123333
0.43109632524259933	1.9031383333333332	10.319739443816665
0.4328416544945937	1.8096265666666667	10.14035171284
0.434586983746588	1.7015540666666666	9.956763912956667
0.4363323129985824	1.5912454333333335	9.78232038877
0.43807764225057666	1.504390733333333	9.640379657223333
0.43982297150257105	1.4392561333333334	9.524528495393334
0.44156830075456543	1.3963056666666667	9.436978165753333
0.44331363000655966	1.3949770999999997	9.402194213213333
0.445058959258554	1.421823133333333	9.40641587259
0.4468042885105484	1.4375544333333334	9.409127848083333
0.44854961776254265	1.4416117333333331	9.41220335877
0.45029494701453704	1.4491052333333334	9.430052291609998
0.4520402762665313	1.4371619333333332	9.435081897673331
0.4537856055185257	1.3835395	9.402391807276665
0.45553093477052	1.3058478666666664	9.345605747096666
0.4572762640225143	1.2199196666666667	9.27260349553
0.45902159327450864	1.1239109999999999	9.178820769396665
0.460766922526503	1.0300886666666664	9.079560561536667
0.46251225177849725	0.9532986333333333	8.987579002956666
0.4642575810304917	0.8883001	8.893852692326666
0.46600291028248597	0.8382595333333334	8.807042856583333
0.46774823953448036	0.8183822999999999	8.750172421326665
0.4694935687864746	0.8172678666666666	8.71255053014
0.47123889803846897	0.8094861	8.66981560763
0.4729842272904633	0.7972756	8.629804193066665
0.47472955654245763	0.7890096	8.60298975564
0.4764748857944519	0.7697499999999998	8.573644752626667
0.4782202150464463	0.7291055666666667	8.53328395671
0.4799655442984406	0.677844	8.491432878433333
0.481710873550435	0.6218043666666666	8.447342508186665
0.48345620280242924	0.5612078666666667	8.399308935146667
0.4852015320544237	0.5066031666666666	8.359528257806666
0.48694686130641796	0.4640446333333333	8.328372945363332
0.4886921905584123	0.427362	8.29196197583
0.49043751981040656	0.4004595	8.255400398019999
0.49218284906240095	0.3927640333333334	8.231260252756666
0.4939281783143953	0.39571786666666664	8.208544259073333
0.4956735075663895	0.39590859999999994	8.173587840106666
0.4974188368183839	0.39594426666666666	8.133941979486666
0.49916416607037833	0.3982528666666667	8.094844144323332
0.5009094953223726	0.3948923	8.050039677053334
0.5026548245743669	0.3836063666666667	8.001873360623332
0.5044001538263612	0.3688543333333333	7.956397668303333
0.5061454830783556	0.34986643333333334	7.909921689386666
0.5078908123303499	0.32849039999999996	7.865109245876667
0.5096361415823442	0.3128627666666666	7.832814461873333
0.5113814708343385	0.3037036999999999	7.809640875883333
0.5131268000863327	0.29636799999999996	7.784922465763332
0.5148721293383272	0.29524966666666663	7.76339807517
0.5166174585903216	0.3053798666666666	7.751006338063334
0.5183627878423158	0.3217099333333333	7.73905589196
0.5201081170943103	0.3397476	7.72111759211
0.5218534463463045	0.36104899999999995	7.700472941889999
0.5235987755982989	0.3834045666666666	7.67520165386
0.5253441048502931	0.40333643333333324	7.641996098233333
0.5270894341022874	0.4223867333333334	7.605238207706667
0.5288347633542818	0.4396164333333333	7.565294838436667
0.5305800926062761	0.45013276666666663	7.516415792506667
0.5323254218582705	0.4562846333333333	7.46340534405
0.5340707511102649	0.4635824	7.415660392906666
0.5358160803622593	0.470046	7.370678516733332
0.5375614096142536	0.47327653333333336	7.324373922103334
0.5393067388662478	0.4779135333333332	7.283195205333333
0.541052068118242	0.4864644333333333	7.250823905443333
0.5427973973702365	0.4973991333333333	7.223341359263333
0.5445427266222308	0.5123742666666666	7.20036386091
0.5462880558742251	0.5323745	7.182253408813333
0.5480333851262194	0.5532536333333333	7.163011451739999
0.5497787143782138	0.5749061666666666	7.14067020417
0.5515240436302082	0.6009139	7.1186490356366665
0.5532693728822025	0.6273777666666667	7.092599247096667
0.5550147021341967	0.6475851666666667	7.055139232526667
0.5567600313861911	0.6637276999999999	7.010278157226666
0.5585053606381855	0.6789887666666666	6.964219414096666
0.5602506898901798	0.6895287666666667	6.9145985114899995
0.561996019142174	0.6934429333333334	6.860902912373334
0.5637413483941685	0.6943678666666667	6.809551582076666
0.5654866776461628	0.6930462666666666	6.76324316551
0.5672320068981571	0.6895074999999999	6.722066622336666
0.5689773361501516	0.6878772999999999	6.689760133359998
0.5707226654021459	0.6891889333333332	6.66660538778
0.57246799465414	0.6898673	6.647145553870001
0.5742133239061344	0.6922956	6.631551970373334
0.5759586531581287	0.7014808333333333	6.622827955036667
0.5777039824101231	0.7137865	6.61515407863
0.5794493116621174	0.7234003	6.60088315318
0.5811946409141118	0.7327718999999999	6.581688199893333
0.582939970166106	0.7441232666666666	6.559608664443333
0.5846852994181004	0.7530488333333333	6.530514604773332
0.5864306286700948	0.7570592333333332	6.49302985594
0.5881759579220891	0.7582093333333333	6.450718833003333
0.5899212871740833	0.7560398	6.404604669946666
0.5916666164260775	0.7499106333333333	6.355885759493334
0.593411945678072	0.7427356666666667	6.309343889409999
0.5951572749300664	0.7351502000000001	6.266785378079999
0.5969026041820606	0.7246791	6.226540686976667
0.5986479334340549	0.7139008666666666	6.191929872336666
0.6003932626860494	0.7073712	6.16758609531
0.6021385919380438	0.703042	6.150995484869999
0.603883921190038	0.6972865666666667	6.138032735756667
0.6056292504420324	0.6926740333333333	6.130220227300001
0.6073745796940266	0.6913888333333333	6.128056831703334
0.609119908946021	0.6901598	6.127061697263333
0.6108652381980153	0.6866136999999999	6.123980870736666
0.6126105674500095	0.6820426666666668	6.1185012411
0.614355896702004	0.6761242333333333	6.108733293186667
0.6161012259539983	0.667508	6.092971888846667
0.6178465552059926	0.6569811	6.071992541263333
0.6195918844579871	0.6449343333333333	6.045888333616666
0.6213372137099814	0.6300501333333333	6.0137341229766665
0.6230825429619757	0.6136005666666666	5.977967119306666
0.62482787221397	0.5982734	5.942339321753332
0.6265732014659642	0.5833784333333333	5.907504994306667
0.6283185307179586	0.5670913	5.873497447619998
0.630063859969953	0.5512709666666666	5.843439465049999
0.6318091892219473	0.5378922666666666	5.81994960718
0.6335545184739415	0.5252295666666666	5.8024159921
0.635299847725936	0.5114282666666666	5.7898639583566665
0.6370451769779303	0.4976240333333333	5.78289976787
0.6387905062299246	0.48442233333333334	5.781116208363334
0.6405358354819191	0.47042530000000005	5.78247120576
0.6422811647339131	0.4549829666666666	5.785104731533334
0.6440264939859075	0.4388427	5.78787865139
0.6457718232379019	0.4219573666666667	5.789190237596667
0.6475171524898962	0.404281	5.787605909206666
0.6492624817418906	0.3867579666666666	5.78251976036
0.6510078109938849	0.36970576666666666	5.773491612663332
0.6527531402458793	0.3523384333333333	5.759829846576666
0.6544984694978735	0.33546719999999997	5.742250918609999
0.6562437987498679	0.3207162	5.7225599173
0.6579891280018623	0.3073287	5.701443154893333
0.6597344572538565	0.2935065	5.678829650226666
0.6614797865058508	0.2803075666666667	5.656873839396667
0.6632251157578453	0.26927636666666666	5.638356533283333
0.6649704450098396	0.25887486666666665	5.623214247753333
0.6667157742618338	0.24731086666666663	5.610382273603332
0.668461103513828	0.2359562333333333	5.601407037896667
0.6702064327658226	0.2259404333333333	5.597462622363333
0.6719517620178169	0.21609773333333332	5.596550319263333
0.6736970912698113	0.20608996666666668	5.596686650496666
0.6754424205218055	0.19714589999999999	5.597838619396666
0.6771877497737997	0.18916359666666666	5.598726103263333
0.6789330790257941	0.1820272666666667	5.5972728563533325
0.6806784082777885	0.17709943333333333	5.5930983802366665
0.6824237375297828	0.17419886666666665	5.5854719881733335
0.6841690667817772	0.1713071	5.57215554574
0.6859143960337715	0.169362	5.553900663343333
0.6876597252857658	0.1705543	5.533588266223333
0.6894050545377601	0.17294750000000003	5.51058610384
0.6911503837897546	0.17367186666666662	5.483247764070001
0.6928957130417489	0.17457116666666664	5.4550690340933325
0.6946410422937431	0.17758429999999997	5.429966191399999
0.6963863715457373	0.18050276666666668	5.406860340969999
0.6981317007977319	0.18196153333333334	5.38488898651
0.6998770300497262	0.18398503333333333	5.366912288526667
0.7016223593017206	0.18710686666666665	5.353810860536666
0.7033676885537148	0.19056759999999998	5.34383856572
0.705113017805709	0.1956038	5.336938852903334
0.7068583470577035	0.2027328	5.332628446823334
0.7086036763096978	0.21015266666666665	5.32764998733
0.710349005561692	0.21882800000000002	5.321301858226667
0.7120943348136863	0.23135073333333334	5.31510436522
0.7138396640656808	0.24568039999999997	5.306151911453333
0.7155849933176751	0.25841933333333333	5.290282413606667
0.7173303225696694	0.2715076666666666	5.269726038363332
0.7190756518216639	0.28698796666666665	5.247582628156666
0.7208209810736581	0.3017494333333333	5.221486144993333
0.7225663103256524	0.31354529999999997	5.190174622363333
0.7243116395776467	0.3244147666666667	5.157647190783333
0.726056968829641	0.33483493333333336	5.126229714323333
0.7278022980816354	0.3434237333333333	5.095597583973333
0.7295476273336298	0.35115826666666666	5.067760544056666
0.7312929565856241	0.3589190333333333	5.044542983233333
0.7330382858376183	0.36529626666666665	5.024643872473334
0.7347836150896128	0.3715687666666666	5.00908671895
0.7365289443416071	0.38079153333333327	5.000631360763333
0.7382742735936013	0.39146933333333334	4.996696103793333
0.7400196028455955	0.40077026666666665	4.9928849368599995
0.7417649320975901	0.41108163333333336	4.99070535063
0.7435102613495844	0.4245916666666666	4.991645284656666
0.7452555906015788	0.4381877333333334	4.991263632339999
0.747000919853573	0.4496118333333333	4.9863449929799994
0.7487462491055674	0.46056243333333335	4.978665716829999
0.7504915783575618	0.4708842333333334	4.968225736759999
0.752236907609556	0.47872686666666664	4.95327343412
0.7539822368615503	0.4846642333333333	4.935136674420001
0.7557275661135445	0.48893406666666667	4.914969277279999
0.757472895365539	0.4896761333333333	4.89151168792
0.7592182246175333	0.48816193333333335	4.867090438976666
0.7609635538695276	0.4874542	4.84604732746
0.7627088831215221	0.4861187	4.82726987778
0.7644542123735163	0.48186243333333334	4.808394200413334
0.7661995416255106	0.47768243333333327	4.79301232481
0.767944870877505	0.47610966666666665	4.783915429403333
0.7696902001294994	0.47467193333333335	4.777789632536666
0.7714355293814937	0.47201146666666666	4.772485581710001
0.773180858633488	0.4700780333333333	4.769555979413333
0.7749261878854823	0.4685935	4.767810032836666
0.7766715171374765	0.4661027666666667	4.764776406503334
0.778416846389471	0.46349589999999996	4.760877610573333
0.7801621756414653	0.46042593333333326	4.75502486273
0.7819075048934595	0.4544317666666666	4.743784206433333
0.7836528341454538	0.4468383	4.7286233014366665
0.7853981633974483	0.4405463666666666	4.71312237166
0.7871434926494427	0.43345586666666663	4.694986026136666
0.7888888219014369	0.42301383333333337	4.671671837553333
0.7906341511534312	0.4123732333333333	4.64771642981
0.7923794804054256	0.40398063333333323	4.626839503146666
0.7941248096574199	0.39531023333333337	4.606874378343333
0.7958701389094142	0.3853334666666666	4.5875254224866655
0.7976154681614087	0.37618589999999996	4.571964915363333
0.7993607974134027	0.36757396666666664	4.560092120756666
0.8011061266653973	0.35835456666666665	4.550788414956667
0.8028514559173916	0.34976959999999996	4.545570614796667
0.8045967851693858	0.34133126666666663	4.543096311083333
0.8063421144213804	0.33045119999999994	4.53913395815
0.8080874436733746	0.31871076666666665	4.534725299959999
0.8098327729253688	0.30907039999999997	4.5324487400599995
0.8115781021773631	0.29913656666666666	4.527947674973333
0.8133234314293576	0.2863156333333333	4.516865968636666
0.815068760681352	0.27394203333333333	4.502682752819999
0.8168140899333463	0.2644204	4.48800135777
0.8185594191853405	0.25513606666666666	4.469576378563334
0.8203047484373349	0.24518083333333332	4.4469145612166665
0.8220500776893291	0.23673729999999998	4.423716902633332
0.8237954069413235	0.22942843333333332	4.400704486816666
0.8255407361933177	0.2221176333333333	4.378086152656666
0.827286065445312	0.21601083333333332	4.35914963483
0.8290313946973066	0.21040113333333332	4.344239984073333
0.8307767239493009	0.2025651333333333	4.330753524703333
0.8325220532012951	0.19402646999999998	4.321394303253333
0.8342673824532894	0.18752183666666666	4.319866525383333
0.8360127117052839	0.18048116333333333	4.322071327356666
0.8377580409572781	0.17042569	4.32348425684
0.8395033702092725	0.16075668333333332	4.327080697733333
0.8412486994612667	0.15381524	4.3341999974666665
0.8429940287132611	0.14722095999999998	4.339671208923333
0.8447393579652556	0.14050207666666667	4.341002612943333
0.8464846872172498	0.13595876666666665	4.3399883491599995
0.8482300164692442	0.13322574666666667	4.3354664096499995
0.8499753457212386	0.13147609666666665	4.326016681026667
0.8517206749732327	0.13210938666666666	4.3138589428700005
0.853466004225227	0.13411141333333332	4.298903820183332
0.8552113334772216	0.13444267666666665	4.2788033888233326
0.8569566627292158	0.13456431333333332	4.2572103923
0.8587019919812102	0.13692404666666666	4.23927629226
0.8604473212332044	0.13835047666666667	4.2226625306633325
0.8621926504851987	0.13601309333333333	4.2049488496533325
0.8639379797371932	0.13327762333333332	4.191420118283333
0.8656833089891874	0.1323813033333333	4.185442025356666
0.8674286382411818	0.13085615666666667	4.18323917387
0.869173967493176	0.12848728999999998	4.18325715919
0.8709192967451702	0.12800720333333332	4.187870195796666
0.8726646259971648	0.12942880333333334	4.195744154336666
0.8744099552491591	0.13238064666666666	4.204283339756666
0.8761552845011533	0.13876206666666663	4.213981197263333
0.8779006137531478	0.14775466666666665	4.22288520654
0.8796459430051421	0.15628823333333333	4.226518879326666
0.8813912722571363	0.16588366	4.226140945163333
0.8831366015091309	0.17883164666666665	4.224711972633333
0.8848819307611251	0.19114227333333333	4.218169521216667
0.8866272600131193	0.19904885	4.20289688777
0.8883725892651138	0.20551886	4.183756949446666
0.890117918517108	0.21237098333333332	4.16445416609
0.8918632477691024	0.21610545666666664	4.1419162649166665
0.8936085770210968	0.21576764666666665	4.115874309316666
0.895353906273091	0.21444937999999997	4.091032355743334
0.8970992355250853	0.21272665999999998	4.068734378943333
0.8988445647770799	0.21023603999999999	4.048426615703333
0.9005898940290741	0.20926849666666664	4.032519057226667
0.9023352232810684	0.21033961	4.0214727544999995
0.9040805525330626	0.21160632999999998	4.01269698214
0.9058258817850569	0.21513656333333334	4.007910830216666
0.9075712110370514	0.22378759666666664	4.009929718183333
0.9093165402890456	0.23421538666666666	4.01448598878
0.91106186954104	0.24275637333333333	4.0169620837833335
0.9128071987930344	0.25210235	4.020282507653333
0.9145525280450286	0.26367462666666663	4.02601381492
0.9162978572970231	0.27296103	4.028800472626667
0.9180431865490173	0.27765667	4.0258979724433335
0.9197885158010117	0.2801697633333333	4.020043463663333
0.921533845053006	0.28061291	4.011182327693334
0.9232791743050003	0.27737554999999997	3.9972513274466666
0.9250245035569945	0.27177422	3.9796470815166662
0.9267698328089891	0.26490030666666664	3.9593569260033328
0.9285151620609834	0.25581675	3.9350154894166662
0.9302604913129776	0.2466124133333333	3.9091438327466665
0.9320058205649719	0.24058405	3.8858542925
0.9337511498169662	0.2361047666666667	3.8634305302299996
0.9354964790689607	0.2310226333333333	3.839796984083333
0.9372418083209549	0.2285454	3.8195575754599997
0.9389871375729492	0.23067773333333333	3.8059097239399997
0.9407324668249435	0.23372986666666665	3.7952442023399997
0.9424777960769379	0.2355592	3.7858257372566664
0.9442231253289324	0.23820426666666664	3.780630175013333
0.9459684545809266	0.24137219999999998	3.77946532284
0.9477137838329208	0.2426084	3.779431786116666
0.9494591130849153	0.24203840000000001	3.7804295353466664
0.9512044423369096	0.24004379999999997	3.7819574554299997
0.9529497715889038	0.23520979999999997	3.7810500941466665
0.9546951008408984	0.22866023333333332	3.7780585889166667
0.9564404300928926	0.22296656666666664	3.7750130575566665
0.9581857593448869	0.21681183333333331	3.768886960323333
0.9599310885968813	0.2085801333333333	3.75663361252
0.9616764178488755	0.20158406666666667	3.7419697914766665
0.96342174710087	0.19823451333333333	3.7278328705933337
0.9651670763528643	0.19582194666666666	3.711061981023333
0.9669124056048585	0.19299825666666665	3.6907475619000003
0.9686577348568528	0.19220511333333334	3.6711532876599997
0.9704030641088474	0.19354108333333334	3.6537497338366665
0.9721483933608416	0.19478449999999997	3.637173820013333
0.9738937226128359	0.19594350666666666	3.6228353390066665
0.9756390518648301	0.19718537333333333	3.6119916153133333
0.9773843811168246	0.19679876666666665	3.603117306143333
0.9791297103688189	0.19533617333333333	3.59722887976
0.9808750396208131	0.1947759633333333	3.596683586516666
0.9826203688728073	0.19341220666666664	3.5985412133999994
0.9843656981248019	0.18930818	3.599217587726667
0.9861110273767961	0.18557124333333333	3.6014976879200002
0.9878563566287906	0.18462545	3.6072148351166664
0.9896016858807848	0.18374059666666667	3.611513801593333
0.991347015132779	0.18160413999999997	3.6115989445866665
0.9930923443847736	0.18113697666666664	3.610623727406667
0.9948376736367678	0.1829316	3.60915050648
0.9965830028887621	0.18465384666666665	3.6041946486099996
0.9983283321407567	0.18619059666666665	3.5960377835966666
1.0000736613927508	0.1881421	3.5863933588199997
1.0018189906447452	0.18898816666666668	3.5743957897033334
1.0035643198967397	0.18877386666666665	3.5610242885199996
1.0053096491487339	0.1891419	3.54931262699
1.007054978400728	0.18849063333333332	3.5381256507766663
1.0088003076527223	0.18477256666666664	3.5254035504533334
1.0105456369047165	0.18090036666666665	3.515021327423333
1.0122909661567112	0.17944629999999998	3.5102224642133333
1.0140362954087054	0.17770989999999998	3.50724035729
1.0157816246606999	0.17430636666666666	3.503697739053333
1.017526953912694	0.17273659999999996	3.5034600111099996
1.0192722831646883	0.17426433333333335	3.5076010286933332
1.0210176124166828	0.17625113333333334	3.5120423679333332
1.022762941668677	0.17825713333333332	3.515609105296666
1.0245082709206712	0.18158409999999997	3.519856882533333
1.0262536001726654	0.18506946333333332	3.5233761457399995
1.02799892942466	0.18778981	3.5248054037366665
1.0297442586766543	0.19066092	3.525315832283333
1.0314895879286488	0.19234597	3.5237126660766664
1.0332349171806432	0.19063081999999998	3.5175742945866664
1.0349802464326374	0.18759076999999996	3.5094688005066663
1.0367255756846316	0.18554083333333332	3.5023513399066664
1.0384709049366259	0.18196406666666665	3.4932631929999998
1.0402162341886205	0.17544127333333331	3.4803614716333335
1.041961563440615	0.16986205666666665	3.4682751291766665
1.043706892692609	0.16731774333333332	3.4595220539700002
1.0454522219446034	0.16535460333333332	3.450904802883333
1.0471975511965979	0.16364007666666663	3.4418220302633333
1.048942880448592	0.16466001666666666	3.435505679603333
1.0506882097005863	0.16820193333333333	3.4320189664099994
1.0524335389525805	0.1727418666666667	3.4295388058499996
1.0541788682045747	0.17866473333333333	3.428696225643333
1.0559241974565694	0.18520380000000003	3.4292004809399996
1.0576695267085636	0.19002396666666668	3.4287412798699997
1.059414855960558	0.19378426666666665	3.4281049875633336
1.0611601852125523	0.19784896666666665	3.4289420512866666
1.0629055144645467	0.19944279999999998	3.4281497593699997
1.064650843716541	0.1964318333333333	3.4230675751
1.0663961729685352	0.1920478	3.4169907711566663
1.0681415022205298	0.18844136666666667	3.4119519773666664
1.069886831472524	0.18302516666666663	3.4044686848033328
1.0716321607245185	0.17534558999999997	3.3934750817299997
1.0733774899765127	0.16906472	3.382777750966666
1.0751228192285072	0.16537346999999997	3.3735078209366667
1.0768681484805014	0.16277550333333332	3.363810381613333
1.0786134777324956	0.16188154666666665	3.3544734073399995
1.0803588069844898	0.16368409333333334	3.3470415929133335
1.082104136236484	0.16692830666666664	3.3406418183899995
1.0838494654884787	0.17145093333333333	3.3356379647966663
1.085594794740473	0.17810562666666666	3.33361037153
1.0873401239924672	0.18458849666666668	3.3326178637333332
1.0890854532444616	0.1882517833333333	3.3301804582333334
1.0908307824964558	0.19085301000000002	3.3284697173933333
1.0925761117484503	0.19367937666666668	3.32888521667
1.0943214410004445	0.19341401333333333	3.3275456716066665
1.0960667702524387	0.18846751666666667	3.3223000002966665
1.0978120995044334	0.18222012666666665	3.31619801628
1.0995574287564276	0.17621167	3.31013254253
1.101302758008422	0.16835938	3.3012300377533332
1.1030480872604165	0.15898280666666667	3.2893963041966665
1.1047934165124107	0.15082276999999997	3.2770785817133334
1.106538745764405	0.14428161666666667	3.2644267135066665
1.1082840750163991	0.13889827	3.251321002916667
1.1100294042683934	0.13576255999999998	3.2395374760266664
1.111774733520388	0.13470052999999998	3.22925543873
1.1135200627723822	0.13419121	3.2194778423133332
1.1152653920243765	0.13506627	3.2122506371166666
1.117010721276371	0.13825551333333333	3.20945702199
1.1187560505283651	0.14103806333333332	3.2084907433199996
1.1205013797803596	0.14130128	3.2073923030566664
1.1222467090323538	0.14113576666666666	3.20863434474
1.123992038284348	0.14145247666666666	3.212816467443333
1.1257373675363422	0.13942582333333334	3.2161947109433333
1.127482696788337	0.13425214666666666	3.217173133253333
1.1292280260403311	0.12858092999999998	3.217455785086667
1.1309733552923256	0.12317735333333332	3.216535301266667
1.13271868454432	0.11680784	3.21235975312
1.1344640137963142	0.11016123333333334	3.2051868164866666
1.1362093430483085	0.10463529333333332	3.195616488773333
1.1379546723003031	0.09999805666666664	3.1829850296333335
1.139700001552297	0.09652590999999999	3.1684484888199997
1.1414453308042918	0.09522017999999999	3.15406795045
1.143190660056286	0.09510137666666665	3.1391699093766663
1.14493598930828	0.09483291666666667	3.123262370086666
1.1466813185602747	0.09563175666666668	3.1094938936366665
1.1484266478122689	0.09815864333333332	3.0998931848599995
1.150171977064263	0.10010672333333333	3.09244555458
1.1519173063162573	0.10029405	3.08648583043
1.1536626355682515	0.10050948999999999	3.084497962873333
1.1554079648202462	0.10121800666666667	3.086682305143333
1.1571532940722404	0.10076046999999999	3.0905179792533333
1.1588986233242349	0.09915256	3.0952581066466665
1.160643952576229	0.09789281333333333	3.1011706234566665
1.1623892818282235	0.09708294666666667	3.1067293625066665
1.1641346110802178	0.09649677866666664	3.1107375059133333
1.165879940332212	0.09691248	3.11325023741
1.1676252695842066	0.098332698	3.1128847842200003
1.1693705988362009	0.10006538166666668	3.1080792579899996
1.171115928088195	0.10283592066666666	3.100265547933333
1.1728612573401895	0.10723412333333333	3.09080779338
1.1746065865921838	0.11171035666666665	3.0780900796933333
1.1763519158441782	0.11520365333333334	3.0617888295033335
1.1780972450961724	0.11888607333333334	3.0451075297599997
1.1798425743481666	0.12300932999999999	3.0297539175033332
1.1815879036001609	0.12594207999999998	3.014575402823333
1.183333232852155	0.12735890666666666	3.000149504496666
1.18507856210415	0.12851045666666666	2.98887213162
1.186823891356144	0.1295446	2.981099526116666
1.1885692206081382	0.13006273999999998	2.9761139297333337
1.1903145498601329	0.13074106	2.9743483667199997
1.192059879112127	0.13206862333333333	2.9754882165166667
1.1938052083641213	0.13380610999999998	2.9780360010499995
1.1955505376161155	0.13663826666666667	2.9819432952666665
1.1972958668681097	0.14132103666666665	2.9872707073233333
1.1990411961201044	0.14685364666666667	2.9915447462499998
1.2007865253720988	0.15235364666666665	2.992815215683333
1.2025318546240933	0.15877296666666665	2.99229766231
1.2042771838760875	0.16625673333333332	2.99032813343
1.2060225131280817	0.17296796666666664	2.984495396603333
1.207767842380076	0.17809386666666666	2.974203662
1.2095131716320702	0.18254669999999998	2.9617641914999995
1.2112585008840648	0.18620433333333333	2.9480098136999997
1.213003830136059	0.18805136666666666	2.93218682403
1.2147491593880533	0.1883240333333333	2.9153330206566666
1.2164944886400477	0.1877474	2.899317342093333
1.218239817892042	0.18631423333333333	2.8846108714
1.2199851471440364	0.18458739999999998	2.87192175035
1.2217304763960306	0.18362889999999998	2.86259193217
1.2234758056480248	0.183288	2.8563422411933335
1.225221134900019	0.18328086666666668	2.85238572209
1.2269664641520137	0.1849033	2.851835910663333
1.228711793404008	0.18883586666666666	2.8551020333499997
1.2304571226560024	0.19360246666666664	2.85974449531
1.2322024519079966	0.19836436666666668	2.86414644139
1.233947781159991	0.2040966333333333	2.8693198425033337
1.2356931104119853	0.21058943333333335	2.874875844683333
1.23743843966398	0.2159943	2.878147861633333
1.2391837689159741	0.21968206666666662	2.8782079442299997
1.240929098167968	0.2221997	2.876083825003333
1.2426744274199628	0.22313456666666667	2.87151295642
1.244419756671957	0.2219188	2.8636601498233327
1.2461650859239515	0.21903519999999999	2.853216607603333
1.2479104151759457	0.21475926666666667	2.8410116119666666
1.24965574442794	0.20902283333333332	2.82721183428
1.2514010736799341	0.20295713333333332	2.8131011459466664
1.2531464029319284	0.19775816666666668	2.80026010043
1.254891732183923	0.19297303333333332	2.7885002603233326
1.2566370614359172	0.1884505	2.7777940851733334
1.2583823906879115	0.18581036666666664	2.77011149502
1.260127719939906	0.18567393333333332	2.7663749876433337
1.2618730491919004	0.18652633333333335	2.76496220684
1.2636183784438946	0.18772945	2.7651770247266665
1.2653637076958888	0.19019552333333334	2.7681967119133333
1.267109036947883	0.19352345333333335	2.773615855913333
1.2688543661998777	0.19604293333333334	2.779301317943333
1.270599695451872	0.19724883999999998	2.7844313651899997
1.2723450247038663	0.19733841999999996	2.7891205440199998
1.2740903539558606	0.19570071	2.7923831845766665
1.2758356832078548	0.19199853666666666	2.7932640673199995
1.2775810124598492	0.18669133999999998	2.79180989761
1.2793263417118435	0.17968579333333334	2.7876559454966667
1.2810716709638381	0.17085086333333332	2.7803197222366665
1.282817000215832	0.16148101	2.7708477784133336
1.2845623294678261	0.15268439	2.760324917003333
1.286307658719821	0.14391195666666667	2.748262534666667
1.288052987971815	0.13517825333333333	2.7348690584033335
1.2897983172238097	0.12818426666666666	2.7222990244966665
1.2915436464758039	0.12353054	2.7116898933633333
1.293288975727798	0.11995308	2.702266850133333
1.2950343049797923	0.11711322999999998	2.694273277396667
1.296779634231787	0.11590150333333334	2.6892470509366664
1.2985249634837812	0.11595133666666665	2.6872903968633333
1.3002702927357757	0.11593323	2.687345922553334
1.3020156219877699	0.11549858333333332	2.6892306034433333
1.3037609512397643	0.11467000999999999	2.692919481916667
1.3055062804917585	0.11280409	2.6974587102466665
1.3072516097437528	0.10965574666666668	2.7021644117699997
1.308996938995747	0.10552591	2.706756881293333
1.3107422682477412	0.10008014	2.710111969913333
1.3124875974997359	0.09309608666666666	2.71121069594
1.31423292675173	0.08566384666666667	2.71051419939
1.3159782560037245	0.07858556333333333	2.7082370130599998
1.3177235852557188	0.07126936666666667	2.7032428344799997
1.319468914507713	0.06376181666666667	2.6953338047799997
1.3212142437597074	0.057514176666666667	2.6860442197833336
1.3229595730117016	0.052994586666666656	2.676068546303333
1.3247049022636959	0.04924901333333333	2.66486311451
1.3264502315156905	0.046169135666666666	2.6529840111233334
1.3281955607676847	0.04454366033333333	2.641957972333333
1.3299408900196792	0.04412653266666666	2.632267961693333
1.3316862192716734	0.04402954366666667	2.62383503558
1.3334315485236676	0.044115999333333336	2.6172273673766666
1.3351768777756619	0.04438720933333333	2.6127989386799997
1.336922207027656	0.044350302999999994	2.610245078726667
1.338667536279651	0.04392319333333333	2.6096692087266664
1.3404128655316452	0.04333417333333334	2.611147765216667
1.3421581947836396	0.042189279999999996	2.61366627046
1.3439035240356338	0.04026153666666666	2.6163532085933334
1.345648853287628	0.0383818	2.6195370846833335
1.3473941825396225	0.03703446666666666	2.6229898240099994
1.3491395117916167	0.03560632	2.62520780086
1.350884841043611	0.03407060333333333	2.62555304486
1.3526301702956052	0.03345483	2.62474644131
1.3543754995475994	0.03397412599999999	2.6227278234166667
1.356120828799594	0.03484841466666667	2.61859134421
1.3578661580515883	0.03600436	2.6124771282033334
1.3596114873035827	0.03797383	2.6052921128966666
1.361356816555577	0.040527433333333335	2.5972526808666667
1.3631021458075712	0.04309886666666666	2.588447515363333
1.3648474750595656	0.045678536666666665	2.5795674732433334
1.3665928043115598	0.04825045333333333	2.5710755948066666
1.3683381335635545	0.05050351333333332	2.5631054441099996
1.3700834628155487	0.05256399666666667	2.556344665833333
1.371828792067543	0.05469931333333333	2.5513492929100003
1.3735741213195374	0.05659425333333332	2.547643791813333
1.3753194505715316	0.05814184333333333	2.544950797586666
1.377064779823526	0.06008398999999999	2.54396894731
1.3788101090755203	0.06277194666666666	2.5447042410166665
1.3805554383275145	0.06565578999999999	2.545948057173333
1.3823007675795091	0.06868753333333333	2.5471728692899998
1.384046096831503	0.07260151	2.54885584013
1.3857914260834978	0.07742752	2.5506517815766667
1.387536755335492	0.08244465333333333	2.5514410346966665
1.3892820845874863	0.08750771666666665	2.5509598725733333
1.3910274138394805	0.09290214333333333	2.5495564195966667
1.3927727430914747	0.09833184	2.5470052897866666
1.3945180723434691	0.10331383666666666	2.5430192416699997
1.3962634015954638	0.10781428333333333	2.5378962134966665
1.398008730847458	0.11178161333333332	2.5318727030133332
1.3997540600994525	0.11499806999999998	2.5250197522033333
1.4014993893514467	0.11765896999999999	2.51793084351
1.4032447186034411	0.12006005	2.51120123617
1.4049900478554354	0.12203276666666665	2.5047233561299995
1.4067353771074296	0.12362243333333334	2.4986064918033333
1.4084807063594238	0.12556083333333334	2.493739704346667
1.410226035611418	0.12822216666666664	2.490462876313333
1.4119713648634127	0.13123096666666667	2.4881362400866665
1.413716694115407	0.13461273333333332	2.486610640753333
1.4154620233674011	0.13899716666666667	2.4864724442066666
1.4172073526193956	0.1443831	2.48755099544
1.4189526818713898	0.1500996	2.48891085693
1.420698011123384	0.15593083333333332	2.490226697203333
1.4224433403753782	0.1620293333333333	2.4916699337266666
1.4241886696273727	0.16802889999999998	2.492842010146666
1.4259339988793673	0.17333289999999996	2.4931077107833333
1.4276793281313616	0.17775639999999998	2.492349310513333
1.429424657383356	0.18121626666666663	2.490592732533333
1.4311699866353502	0.1834720333333333	2.4876697865566664
1.4329153158873444	0.18454626666666665	2.4836744476766666
1.4346606451393389	0.18465616666666665	2.47890354355
1.436405974391333	0.18380733333333332	2.4734060403166667
1.4381513036433278	0.18214966666666665	2.4673489193566667
1.439896632895322	0.1803254	2.4613920845633332
1.4416419621473162	0.17879493333333332	2.4559871114366665
1.4433872913993107	0.1775055	2.4510391561733336
1.4451326206513049	0.1766606333333333	2.446722943596667
1.446877949903299	0.17690473333333334	2.4436815492433333
1.4486232791552933	0.17839523333333332	2.44206663108
1.4503686084072875	0.18068593333333333	2.441421932146666
1.452113937659282	0.18362309999999998	2.441615034173333
1.4538592669112762	0.18737433333333334	2.4428702890766667
1.4556045961632709	0.19161699999999998	2.4449166055766662
1.457349925415265	0.19564826666666668	2.447074848486667
1.4590952546672595	0.19911146666666668	2.44901744553
1.460840583919254	0.2018988333333333	2.4506891575966665
1.4625859131712482	0.20366053333333334	2.45175334756
1.4643312424232424	0.20402526666666665	2.45177185343
1.4660765716752366	0.20294653333333335	2.4506324141066664
1.4678219009272309	0.20051023333333332	2.4484073217
1.4695672301792255	0.19679186666666665	2.445107235353333
1.4713125594312197	0.19205686666666666	2.44084163599
1.4730578886832142	0.18669166666666664	2.4359046450766666
1.4748032179352084	0.18098169999999997	2.43061158229
1.4765485471872026	0.1752628333333333	2.4252891866399997
1.478293876439197	0.17005676666666664	2.4203824428033327
1.480039205691191	0.16572096666666666	2.416294932803333
1.481784534943186	0.16228709999999996	2.41323991771
1.4835298641951802	0.15983293333333332	2.4114140645466664
1.4852751934471744	0.1585797333333333	2.4110917534899996
1.4870205226991688	0.15844229999999998	2.4123298522866667
1.488765851951163	0.15897486666666666	2.41485766982
1.4905111812031575	0.15986296666666666	2.4184196188866665
1.4922565104551517	0.16099809999999998	2.422901087863333
1.494001839707146	0.1620345	2.42794572162
1.4957471689591406	0.16241136666666667	2.4328830987899996
1.4974924982111348	0.16183723333333333	2.437220714236666
1.4992378274631293	0.16031243333333334	2.440782921546666
1.5009831567151235	0.15772143333333333	2.443230014966667
1.5027284859671177	0.1538708	2.444008588613333
1.504473815219112	0.14886256666666667	2.442926402323333
1.5062191444711062	0.14303903333333334	2.4402291847999997
1.5079644737231006	0.13663896666666664	2.4360310799566665
1.5097098029750948	0.1298390333333333	2.4302930428066665
1.511455132227089	0.12297559999999999	2.4233675920033333
1.5132004614790837	0.1164359	2.4159480545266665
1.514945790731078	0.11045043333333333	2.4085173772233333
1.5166911199830724	0.10517118333333333	2.40139592493
1.5184364492350666	0.10074525666666667	2.395127410573333
1.520181778487061	0.09720137333333334	2.3903036442466665
1.5219271077390553	0.09444866333333332	2.3872257944599995
1.5236724369910495	0.09240428	2.386063896873333
1.5254177662430441	0.09091494666666666	2.3869726002766662
1.5271630954950384	0.08966626333333333	2.389861602233333
1.5289084247470326	0.08838717666666665	2.39444273844
1.530653753999027	0.08697919333333333	2.4004827339066663
1.5323990832510213	0.08527591333333331	2.4075844793866663
1.5341444125030157	0.08297895333333333	2.41499106612
1.53588974175501	0.07998899	2.4220463086599997
1.537635071007004	0.07646549	2.4284378301266667
1.5393804002589988	0.07246702999999999	2.4336638092233334
1.541125729510993	0.06792742666666667	2.436931097373333
1.5428710587629875	0.06300212333333333	2.43786854111
1.5446163880149817	0.058029029999999995	2.4366263079633335
1.546361717266976	0.05317481666666666	2.433166529543333
1.5481070465189704	0.04848044	2.4272793936333334
1.5498523757709646	0.04411904666666666	2.4192739989566663
1.5515977050229588	0.04028801333333333	2.4098650866733333
1.553343034274953	0.03701101	2.3995333446666667
1.5550883635269477	0.034256919999999996	2.388657471183333
1.556833692778942	0.03202806666666667	2.37792780739
1.5585790220309363	0.030238513333333335	2.3680757951666664
1.5603243512829306	0.028749236666666667	2.359566619963333
1.5620696805349248	0.027505659999999994	2.3528173323333332
1.563815009786919	0.02642239233333333	2.3482083593833334
1.5655603390389135	0.025296132	2.34580374848
1.5673056682909077	0.02402908966666667	2.345513769986667
1.5690509975429023	0.02269935333333333	2.3473255617533333
1.5707963267948966	0.021298178666666667	2.3509521209799997
1.5725416560468908	0.019715556666666665	2.355687378393333
1.5742869852988854	0.018013343333333334	2.360948518663333
1.5760323145508797	0.016377173333333335	2.3664085285266663
1.5777776438028739	0.014862085999999998	2.3714568194833334
1.579522973054868	0.013475249666666664	2.37524510738
1.5812683023068623	0.012332757666666668	2.3773146759833335
1.583013631558857	0.011512926000000001	2.377538549593333
1.5847589608108512	0.010999163	2.3756402971233332
1.5865042900628454	0.010844029666666666	2.3713851389133334
1.5882496193148399	0.011079735	2.3649465555699996
1.589994948566834	0.011544953333333333	2.356660658793333
1.5917402778188283	0.012133409666666666	2.3468417355266666
1.5934856070708228	0.012963739333333332	2.3360185897866668
1.5952309363228174	0.014005263333333332	2.3248351552766664
1.5969762655748112	0.01496202	2.3137430277699997
1.5987215948268054	0.015778046666666663	2.3032459912
1.6004669240788003	0.016706433333333333	2.294080520833333
1.6022122533307945	0.017749136666666665	2.28669341083
1.603957582582789	0.01866603333333333	2.28105904079
1.6057029118347832	0.019540216666666665	2.2772878704866666
1.6074482410867772	0.020675843333333332	2.2756730606566666
1.6091935703387716	0.022087669999999997	2.27600604661
1.6109388995907659	0.023668093333333334	2.2776464763466664
1.6126842288427607	0.02554633666666667	2.28021186501
1.614429558094755	0.027829706666666666	2.2834446382699998
1.6161748873467492	0.030433199999999997	2.2867149382100003
1.6179202165987434	0.03337691333333333	2.2893268830866664
1.6196655458507376	0.036702803333333325	2.2908913827
1.621410875102732	0.040151853333333334	2.2910246535533334
1.6231562043547263	0.043538469999999996	2.289329689363333
1.624901533606721	0.04707369333333333	2.285790239903333
1.6266468628587152	0.050727563333333336	2.2805143649033335
1.6283921921107094	0.05396773333333333	2.2733634827299998
1.630137521362704	0.056679596666666665	2.264538106473333
1.6318828506146983	0.05936407666666666	2.2548697725166664
1.6336281798666925	0.0620318	2.2448965280333333
1.6353735091186867	0.06411798333333332	2.2345996910666663
1.637118838370681	0.06571984333333333	2.22449472117
1.6388641676226756	0.06754672	2.2156848393799997
1.6406094968746698	0.06964969666666666	2.2085580767233335
1.642354826126664	0.07158426333333333	2.2028065447433334
1.6441001553786583	0.07357820666666666	2.198693663946666
1.6458454846306525	0.07621067	2.1968291244666664
1.647590813882647	0.07942235666666667	2.1969913455266665
1.6493361431346412	0.08292117666666667	2.1984897376533334
1.6510814723866354	0.08685857666666666	2.2011240752166668
1.6528268016386303	0.09132717666666668	2.2047319791466666
1.654572130890624	0.09607357999999999	2.2086425178266667
1.6563174601426187	0.10104059333333333	2.212268432383333
1.6580627893946132	0.10622921333333332	2.2152857873933334
1.6598081186466074	0.11117669333333331	2.2170808638799997
1.6615534478986018	0.11559189666666667	2.2171439835066664
1.663298777150596	0.11984307333333334	2.2156501211566666
1.6650441064025903	0.1239043	2.2126131317266666
1.6667894356545845	0.1269898233333333	2.20741693169
1.6685347649065787	0.12903046666666665	2.2001500537966665
1.6702800941585736	0.1309041933333333	2.191923773676667
1.6720254234105678	0.13266487999999999	2.183133595696667
1.673770752662562	0.13347498333333332	2.1732741250466665
1.6755160819145563	0.13355602333333333	2.1628941832433335
1.6772614111665505	0.13404341	2.1535057649566665
1.679006740418545	0.13497415666666668	2.1454581643833333
1.6807520696705391	0.13558453666666664	2.1381694276066665
1.6824973989225334	0.13619017666666666	2.1321371114366667
1.684242728174528	0.13768516	2.1284447318733326
1.6859880574265222	0.13990463	2.12695311356
1.6877333866785167	0.14223896666666663	2.12693195266
1.6894787159305111	0.14487519666666665	2.12847052557
1.6912240451825054	0.14808353999999999	2.1317250048966665
1.6929693744344996	0.15149697666666667	2.13607233988
1.6947147036864938	0.1548699033333333	2.1409519869766664
1.6964600329384885	0.15824934	2.146138891623333
1.6982053621904827	0.16125992333333333	2.15096025062
1.6999506914424771	0.16358055999999999	2.1547686589633335
1.7016960206944713	0.1655953933333333	2.157694302413333
1.7034413499464653	0.16735095666666666	2.15956320962
1.7051866791984598	0.16805431666666665	2.159333564163333
1.706932008450454	0.16767646666666663	2.1568361217499996
1.708677337702449	0.16726509999999997	2.1531492266666667
1.7104226669544431	0.1669038	2.148377390853333
1.7121679962064373	0.16559243333333332	2.1415089457266667
1.7139133254584316	0.16358356666666665	2.1329766906866667
1.7156586547104258	0.1622397	2.1244969227599997
1.7174039839624204	0.16153123333333333	2.11631573018
1.7191493132144147	0.16036883333333332	2.10757412332
1.7208946424664089	0.15906676666666664	2.0989780764866666
1.722639971718403	0.1587785	2.09213116374
1.7243853009703973	0.15922443333333333	2.0870623278966667
1.726130630222392	0.15940663333333333	2.0830263341466666
1.7278759594743864	0.1595401	2.0805159487799996
1.7296212887263807	0.1602245	2.0802909085466665
1.7313666179783749	0.16102663333333334	2.081942358423333
1.733111947230369	0.16137376666666667	2.08490371093
1.7348572764823635	0.16141786666666663	2.08920598885
1.7366026057343578	0.16117086666666663	2.0945029485266664
1.738347934986352	0.1603185	2.1001212547466666
1.7400932642383462	0.15901736666666666	2.105965338353333
1.7418385934903404	0.15744616666666666	2.111763349453333
1.7435839227423353	0.15514223333333332	2.1163827233666668
1.7453292519943295	0.1520859	2.119366674033333
1.7470745812463238	0.14916006666666665	2.121428314833333
1.7488199104983182	0.14651150000000002	2.12236267766
1.7505652397503124	0.143281	2.12085248513
1.7523105690023066	0.1396693333333333	2.1170541081266663
1.7540558982543013	0.13693333333333332	2.1125002116366662
1.7558012275062955	0.13500943333333332	2.1072421788366666
1.75754655675829	0.1327254	2.1002032143766667
1.7592918860102842	0.13031513333333333	2.0920921065766667
1.7610372152622784	0.12896529999999998	2.084733107316666
1.7627825445142726	0.12833211666666666	2.0782351145866667
1.7645278737662669	0.12717779666666665	2.0718006629366665
1.7662732030182617	0.12569714333333332	2.066187855006666
1.768018532270256	0.12474588333333332	2.0626826729866665
1.7697638615222502	0.12386735999999998	2.061082825953333
1.7715091907742444	0.12216121999999999	2.0607446362433333
1.7732545200262386	0.11985554666666666	2.061971662556666
1.7749998492782333	0.11742215666666667	2.06495381405
1.7767451785302275	0.11455109333333331	2.06909427212
1.7784905077822217	0.11099597000000001	2.0739951070933333
1.780235837034216	0.10705424999999999	2.079458701606667
1.7819811662862102	0.10280187666666665	2.0847011725666666
1.7837264955382048	0.09818355000000001	2.089127300223333
1.785471824790199	0.09360662999999998	2.0929530524166666
1.7872171540421935	0.08931070999999999	2.095881267606667
1.7889624832941877	0.08492172999999999	2.0967837335466664
1.790707812546182	0.08053856	2.095599964633333
1.7924531417981764	0.07694082	2.0933985139833333
1.7941984710501706	0.07412672	2.0901478312166666
1.7959438003021653	0.07129152333333333	2.084917551683333
1.7976891295541597	0.06855058666666666	2.0782928835166663
1.7994344588061533	0.06674224	2.07186840768
1.8011797880581482	0.06559340333333333	2.0657836306933333
1.8029251173101424	0.06409578666666665	2.0593654393966667
1.8046704465621368	0.06237118666666667	2.053378202253333
1.806415775814131	0.06115316666666666	2.049143384243333
1.8081611050661253	0.06007157	2.0465546006366666
1.8099064343181195	0.05827991333333333	2.0449777366933333
1.8116517635701137	0.05598324666666666	2.04477236883
1.8133970928221086	0.053757549999999994	2.0463409839166666
1.8151424220741028	0.051343759999999995	2.04914526529
1.816887751326097	0.04832156	2.052602414013333
1.8186330805780913	0.04497779333333333	2.05655115154
1.8203784098300855	0.04165790666666667	2.0605146493833333
1.82212373908208	0.038273	2.0638782634633333
1.8238690683340746	0.03483185	2.0665038388133334
1.8256143975860688	0.03156750333333333	2.06811631457
1.827359726838063	0.028495106666666666	2.0679546154166664
1.8291050560900572	0.025612899999999997	2.06589217396
1.830850385342052	0.02317374666666667	2.0625760177299997
1.8325957145940461	0.021218618	2.05802246251
1.8343410438460404	0.019436583666666667	2.0517020343066665
1.8360863730980346	0.017839935333333334	2.0441300371866666
1.8378317023500288	0.016745257	2.03651341311
1.8395770316020235	0.016011967666666665	2.029082770893333
1.8413223608540177	0.015188948666666664	2.021549408593333
1.843067690106012	0.014325320999999999	2.0146206076333333
1.8448130193580063	0.013716912000000001	2.00932396882
1.8465583486100006	0.013184965333333333	2.00567032785
1.8483036778619948	0.012397132666666666	2.0033297972499997
1.850049007113989	0.011481178333333331	2.0026093420066666
1.8517943363659835	0.010660324999999998	2.003725692913333
1.8535396656179781	0.009838870333333333	2.0062440202966663
1.8552849948699723	0.008941435999999999	2.0097468955266664
1.8570303241219668	0.008123222	2.0139997137633334
1.858775653373961	0.007448971733333332	2.0184233596
1.8605209826259552	0.0069050147999999995	2.022444959583333
1.8622663118779497	0.0066173915	2.0259154839899995
1.8640116411299439	0.006645653	2.028443616036667
1.865756970381938	0.006836612933333331	2.0292179513099997
1.8675022996339323	0.007196206766666666	2.0280731281733333
1.8692476288859265	0.007906412966666665	2.0254891844499996
1.8709929581379214	0.008874527333333333	2.0213513959066667
1.8727382873899157	0.009814399	2.0151521412599998
1.8744836166419099	0.010742879666666667	2.007343709303333
1.876228945893904	0.011794160333333333	1.9989138517266665
1.8779742751458983	0.01281171633333333	1.99004769562
1.8797196043978928	0.013606616999999998	1.9806337672299998
1.881464933649887	0.014254985333333334	1.9713982930166667
1.8832102629018816	0.014789021666666666	1.9632230598933331
1.8849555921538759	0.015135408999999997	1.9562522003066667
1.88670092140587	0.015417393333333331	1.95053751745
1.8884462506578648	0.01576410333333333	1.9465185159899998
1.890191579909859	0.016021686666666667	1.9443478261966665
1.8919369091618532	0.016256866666666665	1.94385624435
1.8936822384138474	0.016940026666666667	1.9451095241999998
1.8954275676658416	0.0181287	1.9479818108566667
1.8971728969178363	0.01936460333333333	1.9517464538266664
1.8989182261698305	0.020790626666666666	1.95603078114
1.900663555421825	0.02308026	1.9610525684899998
1.9024088846738192	0.026073959999999997	1.96629593553
1.9041542139258134	0.02898641333333333	1.970533746053333
1.9058995431778076	0.03196796	1.97357547869
1.9076448724298019	0.03571629666666667	1.97603266562
1.9093902016817967	0.039852903333333335	1.977390756283333
1.911135530933791	0.043463810000000005	1.976497129993333
1.9128808601857852	0.046735189999999996	1.9736400785600001
1.9146261894377794	0.050278739999999995	1.9698434567166665
1.9163715186897738	0.053674766666666665	1.964854699
1.9181168479417683	0.056244296666666665	1.9579952805266665
1.9198621771937625	0.05827830333333334	1.949977231833333
1.9216075064457567	0.060210936666666666	1.9418936492633332
1.923352835697751	0.06178965666666667	1.93373217218
1.9250981649497452	0.06287640333333333	1.9253698981699998
1.92684349420174	0.06382186333333333	1.9175639131066664
1.9285888234537343	0.0647063	1.910925147133333
1.9303341527057285	0.06550997333333333	1.90547908934
1.9320794819577227	0.06670105999999999	1.9015224443199998
1.933824811209717	0.0684805	1.8994071467433333
1.9355701404617114	0.07034450333333334	1.89882027242
1.9373154697137056	0.07242482	1.8996678201166664
1.9390607989656998	0.07564780666666665	1.9025176981933332
1.9408061282176947	0.07984287333333333	1.9070880720966665
1.9425514574696887	0.08383305333333332	1.9120934316
1.9442967867216832	0.08783093333333332	1.9173869551299998
1.9460421159736774	0.0930358	1.9237965541866666
1.9477874452256718	0.09888277666666667	1.93055397421
1.949532774477666	0.10374261666666665	1.9358215056099999
1.9512781037296603	0.10796545333333332	1.93968398643
1.953023432981655	0.11290479666666667	1.9433245821266667
1.9547687622336491	0.11781969333333332	1.9459096062899999
1.9565140914856434	0.12109859333333334	1.9457241502099998
1.9582594207376378	0.12332989	1.9433535627499998
1.960004749989632	0.1258879333333333	1.9403159120433333
1.9617500792416263	0.12813228333333332	1.9360858090933335
1.9634954084936205	0.12892214666666665	1.9296001134233332
1.9652407377456147	0.12903124	1.9218875875666666
1.9669860669976096	0.12956932999999998	1.91443950423
1.9687313962496038	0.13011941333333332	1.9070759771199999
1.970476725501598	0.13021919666666665	1.8994838617333332
1.9722220547535922	0.13054896	1.8926648967666666
1.9739673840055865	0.13154748333333333	1.8874355303099999
1.9757127132575811	0.13297311666666667	1.8836948853
1.9774580425095754	0.13501363	1.8816403760266667
1.9792033717615696	0.13792243333333332	1.8816656993
1.9809487010135638	0.1411798933333333	1.88338526869
1.982694030265558	0.14467741666666667	1.8865670475166667
1.9844393595175527	0.14917192333333332	1.8917237522466668
1.9861846887695471	0.15436297666666665	1.89842163397
1.9879300180215413	0.15884001666666664	1.90510650553
1.9896753472735356	0.16273438666666665	1.9115797265899999
1.9914206765255298	0.16735236	1.9187710165666667
1.9931660057775242	0.17200380999999998	1.9257434037366665
1.9949113350295185	0.17479800999999998	1.93039646894
1.9966566642815133	0.17628230999999997	1.9329994028666668
1.9984019935335076	0.17825559333333332	1.9351130800866667
2.0001473227855016	0.17991939666666668	1.9358469757433332
2.0018926520374962	0.17939553	1.9333075464
2.0036379812894904	0.17766249666666667	1.9284697301333331
2.0053833105414847	0.17673814333333332	1.9234157665833334
2.0071286397934793	0.17587479666666664	1.91757433734
2.0088739690454736	0.17352145999999996	1.9096295868033333
2.0106192982974678	0.17082151	1.90096570376
2.012364627549462	0.1695105	1.8935752658333334
2.014109956801456	0.16887816666666666	1.8870403820533332
2.0158552860534504	0.1678078666666667	1.8805364349966665
2.0176006153054447	0.16720506666666668	1.8752025726799997
2.019345944557439	0.16803086666666667	1.8721701737399998
2.021091273809433	0.1695944333333333	1.8708983456633332
2.022836603061428	0.17128159999999998	1.8708846637566667
2.0245819323134224	0.1735014666666667	1.87253865749
2.0263272615654166	0.17624183333333332	1.875749829183333
2.028072590817411	0.1789776	1.87989154975
2.029817920069405	0.18174936666666666	1.8848878692766666
2.0315632493213998	0.18449463333333332	1.8904468941299997
2.033308578573394	0.18639239999999996	1.895449635393333
2.035053907825388	0.1873471	1.8995768436000002
2.036799237077383	0.18820046666666668	1.90349083504
2.0385445663293766	0.1886066	1.90658622755
2.0402898955813713	0.1872693	1.9072987091466667
2.0420352248333655	0.1846776333333333	1.9059951374033333
2.0437805540853597	0.18240803333333333	1.904209669373333
2.045525883337354	0.17995766666666663	1.9013466580966665
2.047271212589348	0.17581396666666665	1.895835968683333
2.0490165418413424	0.1709306	1.8887245419733332
2.0507618710933366	0.16726016666666665	1.8821125884733334
2.052507200345331	0.16412366666666667	1.8754346123433332
2.054252529597326	0.1599138	1.8672459996766666
2.05599785884932	0.15572383333333334	1.85887662302
2.0577431881013144	0.15339229999999998	1.8523784490266666
2.0594885173533086	0.1520239	1.8470623513466666
2.0612338466053033	0.15002916666666666	1.8415952617366664
2.0629791758572975	0.1483425333333333	1.8371085822866666
2.0647245051092917	0.14832693333333333	1.8350474315199998
2.0664698343612864	0.14897566666666665	1.8345461292933334
2.0682151636132806	0.14894266666666667	1.83446120907
2.069960492865275	0.14889563333333333	1.8354537572233334
2.071705822117269	0.14961714666666664	1.8381196149933334
2.0734511513692633	0.15024760666666664	1.8415873756533332
2.0751964806212575	0.14997665666666665	1.8451296149099998
2.0769418098732517	0.14924910666666663	1.8489394724766666
2.078687139125246	0.14833485333333332	1.8528438889433332
2.080432468377241	0.14677279999999998	1.8562649811133334
2.0821777976292353	0.14447390333333332	1.8591411785299998
2.08392312688123	0.14170025	1.8613574545866665
2.0856684561332237	0.13828432666666665	1.8622248121000002
2.087413785385218	0.13424434333333335	1.8617086630100002
2.0891591146372126	0.13016888	1.8605282980699998
2.090904443889207	0.12608586666666666	1.85842724247
2.0926497731412015	0.12140451	1.8544624106866667
2.0943951023931957	0.11651610000000001	1.8492069122333332
2.0961404316451895	0.11245706	1.8440461903599998
2.097885760897184	0.10893349333333331	1.8386488272666663
2.0996310901491784	0.10495069000000001	1.8319727119566664
2.1013764194011726	0.10109825	1.8250222565733332
2.103121748653167	0.09859394333333334	1.8194960916233331
2.104867077905161	0.09681443333333331	1.8149188775633331
2.1066124071571553	0.09447838999999998	1.81016543947
2.1083577364091495	0.09225138999999999	1.80630931366
2.1101030656611446	0.09134428666666666	1.8048801152533331
2.111848394913139	0.09092463666666667	1.8051361062966667
2.113593724165133	0.08964754999999999	1.8058436224699999
2.1153390534171272	0.08820759	1.8077884254233334
2.1170843826691215	0.08770806666666667	1.81195065768
2.118829711921116	0.08729776666666667	1.8173336410466665
2.1205750411731104	0.08581336	1.82271178467
2.1223203704251046	0.08395098333333334	1.828464870863333
2.124065699677099	0.0826356	1.8349627449333332
2.1258110289290935	0.08116224333333333	1.8412291726533332
2.1275563581810877	0.07871925999999999	1.8463828174033332
2.129301687433082	0.07594245	1.8505778446766667
2.131047016685076	0.07349745999999999	1.8538207700599998
2.1327923459370703	0.07090840666666666	1.8555745679399998
2.1345376751890646	0.06777031	1.8556718097233331
2.1362830044410597	0.06456220666666665	1.8542964534366666
2.138028333693054	0.06161151666666666	1.85136375767
2.139773662945048	0.05867812333333333	1.8470068137666664
2.141518992197043	0.055724499999999996	1.841844677433333
2.143264321449037	0.05298590666666667	1.8361095386366666
2.1450096507010312	0.050417763333333324	1.8296333393400002
2.1467549799530254	0.04798440666666666	1.8230365218466666
2.1485003092050197	0.04593017	1.8173677295566666
2.1502456384570143	0.04421606333333333	1.81263356845
2.1519909677090086	0.042469919999999994	1.8083529073433333
2.1537362969610028	0.04082523333333333	1.8051851481133332
2.155481626212997	0.039715596666666665	1.8040776102566665
2.157226955464991	0.03887259	1.80454420154
2.1589722847169854	0.037716903333333336	1.8056593314133331
2.1607176139689797	0.036521559999999995	1.8078102252566666
2.162462943220974	0.03582468	1.8115562783566665
2.164208272472968	0.03522888666666666	1.8160030091966668
2.1659536017249623	0.034104050000000004	1.8200213314766664
2.1676989309769574	0.032824983333333335	1.82379468002
2.1694442602289516	0.03195117333333333	1.8276096347133335
2.171189589480946	0.031066206666666665	1.8306002813533333
2.17293491873294	0.029623406666666664	1.8319313939966666
2.1746802479849343	0.028035586666666668	1.8318622457333333
2.176425577236929	0.026795343333333332	1.8306736437366666
2.178170906488923	0.02554446333333333	1.8279553554299999
2.179916235740918	0.023890753333333334	1.8235151961599998
2.1816615649929116	0.02220088333333333	1.8178051036666667
2.183406894244906	0.020823406666666662	1.8111610898566666
2.1851522234969005	0.019492746666666665	1.8036981051633334
2.1868975527488947	0.01797887	1.7957946428066667
2.188642882000889	0.016534399999999998	1.7878890476633331
2.190388211252883	0.015334836666666666	1.780155326513333
2.1921335405048774	0.014217332666666667	1.7729569792733333
2.1938788697568716	0.013086032	1.7668682268599998
2.1956241990088667	0.012065922333333333	1.7619926683466667
2.197369528260861	0.011200732333333333	1.7581064403633333
2.199114857512855	0.010429005666666666	1.7555075630833334
2.20086018676485	0.009742907333333332	1.7546321566166665
2.202605516016844	0.009180347	1.7551342677
2.2043508452688383	0.008740724333333333	1.7564135379466665
2.206096174520833	0.008436792333333332	1.7586054738399999
2.207841503772827	0.008277613333333333	1.7619225596466666
2.2095868330248214	0.008270168333333333	1.7657597428699998
2.2113321622768156	0.008449822333333332	1.76942769374
2.21307749152881	0.008834090999999999	1.7729990063466667
2.214822820780804	0.009353362333333334	1.7765537533433333
2.2165681500327983	0.010024307666666668	1.7795533314066667
2.2183134792847925	0.010961947333333333	1.78155754069
2.2200588085367867	0.012101199566666667	1.78268701755
2.221804137788781	0.0132152418	1.7829754622399998
2.223549467040776	0.014365820533333332	1.782192649303333
2.2252947962927703	0.015771669566666667	1.7803388947499998
2.2270401255447645	0.017240366653333332	1.77758513636
2.2287854547967587	0.018385527583333332	1.7739145576233333
2.230530784048753	0.019367570573333333	1.7694767383566665
2.2322761133007476	0.0205349533	1.7647101278933333
2.234021442552742	0.021599958866666664	1.7597429872666663
2.235766771804736	0.022101130099999998	1.7544414173599998
2.2375121010567303	0.0223487973	1.7492576345466664
2.239257430308725	0.022823017899999996	1.7449137827266665
2.241002759560719	0.023211739666666665	1.7413630493733332
2.2427480888127134	0.023086136666666666	1.7382684302666667
2.2444934180647076	0.022889577999999997	1.7362010207633332
2.246238747316702	0.02315524833333333	1.7359156571033332
2.247984076568696	0.02358608633333333	1.7370657016966666
2.2497294058206903	0.023841765333333334	1.7390450751033333
2.2514747350726845	0.024377992	1.74232362494
2.2532200643246787	0.025616463333333332	1.74743810899
2.254965393576674	0.027267116	1.7537087698133331
2.256710722828668	0.029081447333333333	1.7603021488100001
2.2584560520806622	0.03136182633333333	1.7674645662199997
2.260201381332657	0.034253678999999995	1.7754136339433333
2.261946710584651	0.037483773666666664	1.783303433423333
2.2636920398366454	0.040919469666666666	1.7903122071566666
2.26543736908864	0.044613096666666664	1.7965439944033332
2.2671826983406342	0.04837897333333333	1.8020199979533331
2.2689280275926285	0.052053886666666674	1.80608517734
2.2706733568446227	0.05571615333333334	1.8083026496666665
2.272418686096617	0.05919490666666667	1.8088362789166663
2.274164015348611	0.06204950666666666	1.8077181104266666
2.2759093446006062	0.06437360666666667	1.80481081436
2.2776546738525996	0.06657133999999999	1.8003149752666667
2.279400003104594	0.06833477333333332	1.79452539179
2.281145332356588	0.06908200666666667	1.7875139318366666
2.2828906616085836	0.06925008333333332	1.7796899364733332
2.284635990860578	0.06959225666666666	1.7717979573166667
2.286381320112572	0.06969833666666667	1.7640455128233334
2.288126649364566	0.06888778333333331	1.7562989913299998
2.28987197861656	0.06788572666666666	1.7492236400733332
2.291617307868555	0.06767596333333334	1.7437395822866666
2.2933626371205493	0.06769595666666667	1.7396150048833334
2.2951079663725436	0.06713047666666666	1.7362148887366669
2.2968532956245378	0.06683459666666666	1.7341386568666666
2.2985986248765315	0.06783410999999999	1.7341742702433334
2.300343954128526	0.06935716666666666	1.7355081348933332
2.3020892833805204	0.07043196	1.7369861579233332
2.3038346126325147	0.07190251666666667	1.7390953112433334
2.305579941884509	0.07470007000000001	1.7424972902799998
2.307325271136503	0.07787863333333334	1.7460269028866666
2.309070600388498	0.08038780666666667	1.7483420340366664
2.3108159296404924	0.08301548666666667	1.7500360634499998
2.3125612588924866	0.08656621999999999	1.7518639495733332
2.314306588144481	0.09006149	1.75271258857
2.316051917396475	0.09253884000000001	1.7514622917099998
2.3177972466484698	0.09475129666666667	1.7489961029366665
2.319542575900464	0.09739539	1.7462733980799998
2.321287905152458	0.09963178	1.7424762735566666
2.3230332344044524	0.10075291666666665	1.7368898676799998
2.324778563656447	0.10147657666666667	1.730592563043333
2.3265238929084413	0.10237332	1.72457782306
2.3282692221604355	0.10285941666666666	1.7182952462433332
2.3300145514124297	0.10257593	1.71136007941
2.331759880664424	0.10212866999999999	1.7047411628766664
2.333505209916418	0.10187303666666665	1.6991532744166666
2.3352505391684133	0.10151877666666666	1.6941924480200001
2.3369958684204075	0.10106727333333333	1.6896849456966667
2.3387411976724017	0.10087691666666666	1.6862215917566665
2.340486526924396	0.10096192666666666	1.6840264232833333
2.34223185617639	0.10131729666666667	1.6828272193533333
2.343977185428385	0.10227101999999999	1.6826574875999998
2.345722514680379	0.10379817333333333	1.6836280156733334
2.3474678439323733	0.10547170666666668	1.68543573993
2.3492131731843675	0.10755994666666666	1.6880322148233333
2.3509585024363617	0.11067838666666666	1.69172372415
2.3527038316883564	0.11434015999999998	1.6961426794033332
2.3544491609403506	0.11765553666666664	1.7005095269333332
2.356194490192345	0.12117761999999999	1.7050825361033333
2.357939819444339	0.12578884666666665	1.7104702526933333
2.3596851486963333	0.1305579033333333	1.71586180195
2.3614304779483275	0.13421804999999998	1.7200907096933333
2.3631758072003217	0.13764546333333333	1.72376767068
2.364921136452316	0.14198989	1.7278076057266667
2.36666646570431	0.14599468999999998	1.7310696185566665
2.3684117949563044	0.14819477999999997	1.7321826848166666
2.3701571242083	0.14982323999999997	1.7321754092433332
2.371902453460294	0.15228485333333333	1.7323045099433332
2.373647782712288	0.15417043666666663	1.7313196400133333
2.375393111964282	0.15401820333333333	1.72790669494
2.3771384412162764	0.15337948333333332	1.7235541139500001
2.3788837704682715	0.15382509666666666	1.7198480131
2.3806290997202657	0.15393337999999998	1.7156169807433335
2.38237442897226	0.15237828999999997	1.7097640503833333
2.384119758224254	0.15086009666666667	1.70408080027
2.3858650874762484	0.15091241333333333	1.70025155104
2.3876104167282426	0.15115613333333333	1.6971567147766664
2.389355745980237	0.15042744999999996	1.6938257822899998
2.391101075232231	0.15030407333333332	1.6919386033966666
2.3928464044842253	0.15202262666666666	1.6928408691166665
2.3945917337362195	0.15425786666666666	1.6952789727633333
2.3963370629882146	0.15599607	1.69820566246
2.398082392240209	0.15844587	1.7027655537066666
2.3998277214922035	0.16236621666666667	1.70963149432
2.4015730507441977	0.16655687	1.7173866081833333
2.403318379996192	0.1702103633333333	1.724927215323333
2.4050637092481866	0.17407345666666665	1.7327839998233332
2.406809038500181	0.17842631999999997	1.7410293067633333
2.408554367752175	0.1823711833333333	1.7484190198466667
2.4102996970041692	0.18545667	1.7541615684666667
2.4120450262561635	0.18803744	1.75847582981
2.4137903555081577	0.19005346333333334	1.7612247135333334
2.415535684760152	0.19111229	1.76182618753
2.417281014012146	0.19126297333333334	1.7602154050766665
2.4190263432641403	0.19057757666666666	1.75660746309
2.4207716725161346	0.18878855333333333	1.75093292492
2.4225170017681297	0.18609505999999998	1.7434680284833333
2.424262331020124	0.18305874000000003	1.7349168910666664
2.426007660272118	0.17949052000000001	1.7254338144166665
2.4277529895241123	0.1749313	1.7148887749033332
2.4294983187761066	0.17008344999999997	1.70414954181
2.4312436480281012	0.16588044666666668	1.6943172939166664
2.4329889772800954	0.1617961	1.6851340520799998
2.4347343065320897	0.1571043	1.676064921663333
2.436479635784084	0.15282923666666665	1.6681497137366663
2.438224965036078	0.15008696666666665	1.6624888830933333
2.4399702942880728	0.14794047666666665	1.6581823552833335
2.441715623540067	0.14534343666666666	1.654156128503333
2.443460952792061	0.14349959666666667	1.6514637987433334
2.4452062820440554	0.14358937666666666	1.6511314867633333
2.4469516112960497	0.14428333	1.651756486003333
2.448696940548044	0.14425819666666664	1.6519438281699999
2.450442269800038	0.14485321333333334	1.652898782963333
2.4521875990520323	0.14729055333333332	1.6557395816866665
2.4539329283040274	0.14995710999999998	1.6588754636233336
2.4556782575560216	0.15137306333333334	1.6608880133500001
2.457423586808016	0.15302305333333333	1.6632454972233335
2.4591689160600105	0.15618437666666665	1.6672195719666665
2.4609142453120048	0.15909865333333334	1.6711886854733333
2.462659574563999	0.16026616666666665	1.6738018970966666
2.464404903815993	0.16131233	1.6766603143833332
2.466150233067988	0.16355692666666666	1.6810206073366667
2.467895562319982	0.16522517666666664	1.68520582212
2.4696408915719763	0.16491842333333334	1.6878886453766668
2.4713862208239705	0.16435286999999998	1.6905896369966664
2.4731315500759647	0.16483694666666665	1.6943790599199997
2.47487687932796	0.16469604999999998	1.6975816195599998
2.476622208579954	0.16273384666666665	1.6989839453800002
2.4783675378319483	0.16065995666666666	1.6999811108633331
2.4801128670839416	0.15967977333333333	1.701485915503333
2.481858196335936	0.15831836	1.70208258082
2.4836035255879314	0.1556484933333333	1.7009226385733334
2.4853488548399256	0.15322409666666664	1.6993443822466665
2.48709418409192	0.15201794000000002	1.6981897417366665
2.488839513343914	0.15081688999999998	1.6965257816099997
2.490584842595908	0.14897536666666666	1.6939929494666668
2.492330171847903	0.14770414333333332	1.6917662081033333
2.494075501099897	0.14759986999999997	1.6904815521299998
2.4958208303518914	0.14774134666666666	1.6896189429266664
2.4975661596038856	0.14774387666666666	1.68912129971
2.49931148885588	0.14831535333333334	1.68965241836
2.501056818107874	0.14959048333333333	1.69132213032
2.5028021473598683	0.15098667666666665	1.6937849199633332
2.5045474766118625	0.15238587333333334	1.6970223524366665
2.5062928058638567	0.1539476733333333	1.7009317063699998
2.508038135115851	0.15538434999999998	1.7049705485966666
2.509783464367846	0.15654668666666666	1.7089456318666667
2.5115287936198403	0.15764151999999998	1.7129112396166666
2.5132741228718345	0.15836506	1.71616309562
2.5150194521238287	0.15815144999999997	1.7178048264533334
2.516764781375823	0.15737733666666665	1.7181049961066663
2.5185101106278176	0.15662258333333334	1.71751838545
2.520255439879812	0.15525010333333333	1.7151823272566666
2.522000769131806	0.15255509333333334	1.7102969158066668
2.5237460983838007	0.14942976666666666	1.7038724820933333
2.525491427635795	0.14677532	1.6969586659599998
2.527236756887789	0.14369286333333334	1.6887762744433332
2.5289820861397834	0.13938392666666666	1.6787499511133332
2.5307274153917776	0.13510727999999997	1.6684810756
2.532472744643772	0.13192781	1.6593613429066665
2.534218073895766	0.12868900333333333	1.6505116716266666
2.535963403147761	0.12447243666666666	1.6413010096966665
2.5377087323997554	0.12070231333333332	1.63342470139
2.5394540616517496	0.11844406333333332	1.6281327205066667
2.541199390903744	0.11630158000000002	1.62414516401
2.542944720155738	0.11323604666666667	1.62049004023
2.5446900494077327	0.11070614000000001	1.6185921445866667
2.546435378659727	0.10971136	1.6193263205966666
2.548180707911721	0.10870711666666666	1.6210241518066666
2.5499260371637154	0.10660651333333333	1.6224522181733332
2.5516713664157096	0.10487729333333332	1.6248148919566667
2.5534166956677042	0.10447761	1.6287797259299999
2.5551620249196985	0.10384092	1.6326267662966665
2.5569073541716927	0.10192632333333332	1.6351953080699997
2.558652683423687	0.10022105666666666	1.6377108543066665
2.560398012675681	0.09967026666666667	1.640884636913333
2.5621433419276762	0.09876829	1.6432373199566666
2.5638886711796696	0.09656746666666667	1.643885817633333
2.565634000431664	0.09454812666666665	1.6441366006599998
2.567379329683658	0.09361904333333333	1.6447577921666667
2.5691246589356522	0.09235873333333333	1.644530403593333
2.570869988187648	0.08991702333333332	1.6427968052233333
2.572615317439642	0.08770845666666667	1.64079018811
2.5743606466916362	0.08655603333333334	1.6391850240466666
2.57610597594363	0.08514247	1.6369442639333331
2.5778513051956247	0.08273166333333333	1.6335614857933332
2.5795966344476193	0.08062078333333333	1.6300889596600001
2.5813419636996136	0.07951318666666665	1.6270603078433332
2.5830872929516078	0.07825127333333333	1.623684803413333
2.584832622203602	0.07625629	1.6196874021933332
2.586577951455596	0.07466021666666667	1.61597477599
2.5883232807075904	0.07401677	1.6130056746133334
2.5900686099595847	0.07338635333333333	1.6103566061533332
2.591813939211579	0.07237069999999998	1.6080486744233333
2.593559268463574	0.07185609	1.60680124907
2.595304597715568	0.07218822666666666	1.60692708613
2.5970499269675624	0.07266457	1.6082849004766668
2.598795256219557	0.07304205999999999	1.6110145270133334
2.6005405854715513	0.07386091333333333	1.61538358113
2.6022859147235455	0.07520129333333334	1.6212912397933332
2.6040312439755398	0.07660004333333333	1.6286163978466668
2.6057765732275344	0.07794255	1.6373405788566666
2.6075219024795286	0.07938440999999999	1.6470498120233332
2.609267231731523	0.08076027999999999	1.657095989383333
2.611012560983517	0.08188808666666667	1.6673080515133334
2.6127578902355113	0.0828105	1.677522993393333
2.6145032194875055	0.08337437333333332	1.6868210444733336
2.6162485487394997	0.08328489	1.6943042631099998
2.617993877991494	0.08270912	1.7000696196933334
2.619739207243488	0.08190115666666666	1.70419185485
2.6214845364954824	0.08052821666666667	1.70575882067
2.6232298657474775	0.07828567	1.7041365995566669
2.6249751949994717	0.07568999	1.7000652703299999
2.626720524251466	0.07318985666666666	1.6941780423766666
2.62846585350346	0.07033936333333332	1.6859080223299998
2.6302111827554544	0.06684245666666666	1.67507981044
2.631956512007449	0.06344041666666667	1.6630202620233332
2.6337018412594433	0.06065725333333333	1.6507604404733334
2.6354471705114375	0.057908463333333327	1.6379076652299998
2.6371924997634317	0.054835350000000005	1.6244341708666667
2.638937829015426	0.05223186666666666	1.61176318381
2.6406831582674206	0.05057183	1.6008323072833335
2.642428487519415	0.04910330333333333	1.5910199306833332
2.644173816771409	0.047358220000000006	1.58203794564
2.6459191460234033	0.046102846666666655	1.5749921866266665
2.6476644752753975	0.04574522733333333	1.57044263061
2.6494098045273917	0.04541500966666666	1.567416842423333
2.651155133779386	0.04457925666666666	1.5653255616133332
2.652900463031381	0.044027514	1.5649889552099998
2.6546457922833753	0.04418742199999999	1.56673917721
2.6563911215353695	0.044155953666666664	1.5694899431633331
2.658136450787364	0.04340751999999999	1.5726083009
2.6598817800393584	0.04283543333333334	1.5768871117166665
2.6616271092913526	0.04295138666666666	1.5826767217866664
2.663372438543347	0.04283802666666667	1.5889731479466667
2.665117767795341	0.041980159999999996	1.5952247783866664
2.6668630970473353	0.04137759	1.60224768872
2.66860842629933	0.04159288	1.6103818329066666
2.6703537555513237	0.04163149666666666	1.6186113078899997
2.6720990848033184	0.04093496666666666	1.6263294557766665
2.673844414055312	0.04055072666666666	1.6342066804333335
2.6755897433073077	0.041019639999999996	1.6424032503800001
2.677335072559302	0.04123375	1.6497796973399999
2.679080401811296	0.04058754666666667	1.6556279478633336
2.6808257310632904	0.04014465666666667	1.6604684312566669
2.6825710603152837	0.04040754333333333	1.6643667877
2.6843163895672792	0.040232153333333326	1.6662870564533332
2.6860617188192735	0.03905773333333333	1.6657188691766667
2.6878070480712677	0.03797312	1.6633226963299999
2.689552377323262	0.03747112	1.6594007217633333
2.691297706575256	0.036507719999999994	1.65341923087
2.6930430358272504	0.03466431666666667	1.6453970683733332
2.694788365079245	0.03301605	1.6363065141966664
2.696533694331239	0.03202442	1.62677884632
2.6982790235832335	0.030816379999999997	1.6168232247066667
2.7000243528352272	0.02911138	1.6068535969566666
2.701769682087222	0.027835936666666665	1.5978167663133331
2.703515011339216	0.02732275333333333	1.5902587588466668
2.7052603405912103	0.026849039999999998	1.584282636223333
2.7070056698432046	0.026191208666666667	1.5801580182866666
2.708750999095199	0.025991527666666667	1.5782289941933332
2.710496328347194	0.026387213333333333	1.5784583150133333
2.712241657599188	0.026788656666666667	1.5806377666966664
2.7139869868511823	0.026993016666666664	1.5845779866066665
2.7157323161031766	0.027359946666666666	1.5898739518433334
2.7174776453551712	0.027896996666666663	1.5959442050133332
2.7192229746071654	0.02819779	1.6024250163366667
2.7209683038591597	0.02813247	1.6089598041466666
2.722713633111154	0.027916943333333333	1.6148735753166665
2.7244589623631486	0.027573156666666668	1.6195965141699997
2.7262042916151423	0.02691808	1.62311017044
2.727949620867137	0.02593524	1.6253915267766665
2.729694950119131	0.024825699999999996	1.62603454083
2.7314402793711254	0.023692903333333327	1.6248903145233335
2.7331856086231197	0.02249515666666666	1.6224594810266666
2.734930937875114	0.02125970333333333	1.61911744633
2.736676267127109	0.02018307133333333	1.6147441515533334
2.738421596379103	0.019384084666666666	1.60944800282
2.7401669256310974	0.018790253666666666	1.60388635701
2.7419122548830916	0.018352250666666667	1.5984455407966665
2.743657584135086	0.018213063666666668	1.5929442013933333
2.7454029133870805	0.01842065533333333	1.58736700995
2.7471482426390748	0.018777421	1.5821533712133333
2.748893571891069	0.01913891133333333	1.5774562940799997
2.750638901143063	0.019607286666666664	1.5729235132600001
2.7523842303950574	0.02017442	1.5683948666233332
2.754129559647052	0.020599346666666664	1.5641900338399997
2.755874888899046	0.020762306666666668	1.56044719941
2.7576202181510405	0.020792236666666665	1.5569057299633333
2.7593655474030343	0.020700336666666666	1.55354511086
2.761110876655029	0.020359396666666668	1.5508797211166665
2.762856205907024	0.01979182	1.5492884652566663
2.7646015351590183	0.01914426333333333	1.5487145290366666
2.7663468644110116	0.01844477	1.5492883014099998
2.768092193663006	0.017743041666666667	1.5516539577899997
2.769837522915	0.01718172033333333	1.5562102306399999
2.7715828521669956	0.016784411333333332	1.5627202419366668
2.77332818141899	0.016489510666666665	1.57102972677
2.775073510670984	0.016469359333333333	1.5814716861866664
2.7768188399229783	0.016872511	1.5939991194499998
2.7785641691749725	0.017460073333333333	1.607772960223333
2.780309498426967	0.018011883333333333	1.6220683994
2.782054827678961	0.018778376666666666	1.6367596316666666
2.7838001569309556	0.019865173333333333	1.6513587217799999
2.7855454861829494	0.020801896666666667	1.6646480155933334
2.787290815434944	0.02129672333333333	1.6757423642833331
2.7890361446869383	0.021715306666666663	1.6845598336033334
2.7907814739389325	0.022181343333333332	1.6907897882033334
2.7925268031909276	0.022178879999999998	1.6935927956599999
2.794272132442922	0.02150833	1.692658262133333
2.796017461694916	0.020670380000000002	1.6885233321166666
2.7977627909469107	0.019850593333333333	1.6815418016966668
2.799508120198905	0.018644886666666666	1.6716717596966666
2.801253449450899	0.017004964666666664	1.6593481753366666
2.8029987787028934	0.015448725	1.64558336228
2.8047441079548876	0.014145499666666667	1.631096652683333
2.8064894372068823	0.012816292333333333	1.6162472156466665
2.808234766458876	0.011473847999999998	1.6016188363766664
2.8099800957108707	0.010459419666666667	1.5879508650666665
2.8117254249628645	0.009811344	1.5756160831866666
2.813470754214859	0.009325544	1.5647453948566667
2.8152160834668534	0.008979912333333333	1.5554961634166666
2.8169614127188476	0.008866766666666666	1.5479062712866665
2.818706741970842	0.008907744333333332	1.541798415843333
2.820452071222836	0.008985294333333333	1.5370462147766668
2.8221974004748303	0.009061196666666667	1.53352359777
2.8239427297268254	0.009109536666666664	1.530934474073333
2.8256880589788196	0.009084995333333333	1.5290449738766665
2.827433388230814	0.008993432333333332	1.5279476057066665
2.829178717482808	0.008839990333333332	1.5277290425533332
2.8309240467348022	0.008668199333333333	1.52829836043
2.832669375986797	0.008572425666666666	1.5297536565299998
2.834414705238791	0.008597217999999998	1.5325248294733333
2.8361600344907854	0.008742301666666667	1.5368967461866667
2.8379053637427796	0.009184583999999999	1.5428911957599998
2.839650692994774	0.010097771666666666	1.5506138328066668
2.841396022246768	0.011346180999999999	1.56027634917
2.8431413514987627	0.012784495333333333	1.5717926164166667
2.8448866807507565	0.014678639000000002	1.58478888512
2.846632010002751	0.017157120666666664	1.5988594574866668
2.8483773392547453	0.019749727666666668	1.61355140295
2.8501226685067405	0.022124288999999995	1.6281914111066667
2.8518679977587347	0.024639295999999998	1.6420192381999998
2.853613327010729	0.027371975999999996	1.6543146406666667
2.855358656262723	0.02960631933333333	1.6644021777066667
2.8571039855147173	0.030979256333333333	1.671678249333333
2.858849314766712	0.03203013466666667	1.6757366652466665
2.8605946440187062	0.03289594	1.6763518131299997
2.8623399732707004	0.03286704733333333	1.6735086166133333
2.8640853025226947	0.03175198733333333	1.66744439972
2.865830631774689	0.03028241933333333	1.6586097943533331
2.8675759610266836	0.028696319666666668	1.64758902158
2.8693212902786778	0.026461093666666664	1.63518235756
2.871066619530672	0.023585189666666666	1.6222797990233335
2.872811948782666	0.020802118666666668	1.6096208165933332
2.87455727803466	0.018324170666666667	1.5978646588333334
2.8763026072866555	0.015780961333333333	1.58781014548
2.8780479365386498	0.0132327616	1.5800201177999997
2.879793265790644	0.011154405366666668	1.5744791167366667
2.881538595042638	0.009588110033333333	1.5710386790366666
2.8832839242946324	0.008262038166666666	1.56982231665
2.885029253546627	0.007172196733333332	1.57058346215
2.8867745827986213	0.006464136166666666	1.5723709262433332
2.8885199120506155	0.0060485467999999995	1.5743950936166666
2.8902652413026098	0.005776960566666667	1.5765185369266668
2.892010570554604	0.0056191609	1.57833834551
2.893755899806598	0.005573084733333332	1.57888960283
2.895501229058593	0.0056035850666666664	1.57774720919
2.8972465583105866	0.0057133583	1.57540070356
2.8989918875625813	0.0059097808	1.5721158712333332
2.900737216814575	0.006266862433333333	1.5676836836166665
2.9024825460665697	0.006902268	1.5624894135533334
2.904227875318564	0.007822898666666666	1.5576467676099999
2.905973204570558	0.008993372503333333	1.55385059893
2.9077185338225524	0.010632477849999999	1.5512477513966663
2.9094638630745466	0.012913624680000001	1.55029331227
2.9112091923265417	0.015562830773333331	1.55169543912
2.912954521578536	0.01834605019333333	1.5555723663633332
2.91469985083053	0.021603687743333336	1.561544374903333
2.916445180082525	0.025440826853333334	1.5693002076699998
2.918190509334519	0.029152241873333335	1.5784831771033332
2.9199358385865133	0.03231104834333333	1.5883497608033332
2.921681167838508	0.03544419162333333	1.5980543133833334
2.9234264970905017	0.038635921703999994	1.6068679193666666
2.9251718263424964	0.040907809358	1.6140641765333332
2.92691715559449	0.04186844099999999	1.6190055423
2.928662484846485	0.04236212155	1.6214271050666667
2.930407814098479	0.04260042166333333	1.6212783273366664
2.9321531433504733	0.041632315116666666	1.618594803243333
2.9338984726024675	0.03931168181333333	1.6137558879166662
2.9356438018544617	0.03676262570333333	1.6075765204066665
2.937389131106457	0.03432372315333333	1.6008940974533332
2.939134460358451	0.03121556174	1.594466018213333
2.9408797896104453	0.027488673633333335	1.5891820555133331
2.9426251188624395	0.024241542933333336	1.5859606521333334
2.9443704481144337	0.021735546733333333	1.5853858837833332
2.9461157773664284	0.019298705266666664	1.5877524015333333
2.9478611066184226	0.016957266233333334	1.5931529400899997
2.949606435870417	0.015457814833333335	1.6013337967099999
2.951351765122411	0.014827382833333333	1.6116704665633332
2.9530970943744053	0.014448716333333333	1.6234079913133332
2.9548424236264	0.014222529366666667	1.6355945334133333
2.956587752878394	0.014522909033333331	1.6470144906666668
2.9583330821303884	0.015255112866666667	1.6565189052433333
2.960078411382382	0.015940100199999998	1.6633012441066666
2.961823740634377	0.01645956183333333	1.6666376818799997
2.963569069886372	0.017095219000000002	1.6658883390966666
2.965314399138366	0.017881181466666667	1.6609063764933332
2.9670597283903604	0.018511071299999998	1.6520899698999998
2.9688050576423537	0.018930510166666664	1.63999346146
2.970550386894349	0.0195890205	1.6253804449066664
2.9722957161463435	0.0207178679	1.6093839586666665
2.9740410453983377	0.021950129333333335	1.5932328832266667
2.975786374650332	0.023164032	1.57802764963
2.977531703902326	0.025014556333333333	1.56494490538
2.9792770331543204	0.027754012333333335	1.5549815064366665
2.981022362406315	0.030588123999999998	1.5484999883666666
2.982767691658309	0.033150135666666664	1.5455694474600001
2.9845130209103035	0.036271903999999994	1.5464348332966664
2.9862583501622977	0.04009159733333334	1.5508063504733332
2.988003679414292	0.043278867	1.5574270643133332
2.989749008666286	0.04530879299999999	1.5651595615066665
2.9914943379182812	0.04730804533333334	1.5736293742233332
2.9932396671702755	0.049417514	1.5820226636466668
2.9949849964222697	0.05006586866666666	1.5887326899433332
2.996730325674264	0.04889961799999999	1.5929762494966666
2.9984756549262586	0.047473973666666655	1.59531117281
3.000220984178253	0.04610529299999999	1.59595614205
3.001966313430247	0.043361888333333334	1.5944769553233336
3.0037116426822412	0.03924574066666667	1.591507645423333
3.0054569719342354	0.035548718333333326	1.5889105634133334
3.00720230118623	0.03265799566666666	1.58787564681
3.008947630438224	0.029379218999999998	1.588708941663333
3.0106929596902186	0.025867938999999996	1.5923493743466666
3.0124382889422123	0.023621485	1.6002444029333331
3.014183618194207	0.022770267666666663	1.6127283761533333
3.015928947446201	0.02224196266666667	1.6290793575666669
3.0176742766981954	0.022027377	1.6487298514066666
3.0194196059501897	0.022934429666666662	1.67112545635
3.021164935202184	0.024729201	1.69477833924
3.022910264454178	0.026495424999999996	1.7176033225433331
3.024655593706173	0.028053520666666668	1.7377744110366664
3.0264009229581674	0.02968966866666667	1.7537221520133333
3.0281462522101616	0.031143371666666662	1.7637871783933332
3.029891581462156	0.03188822133333333	1.76652746642
3.03163691071415	0.03185152566666666	1.76117504688
3.0333822399661448	0.03134175066666667	1.7477294577766664
3.035127569218139	0.03048178633333333	1.7267034843566667
3.036872898470133	0.02913266466666667	1.6990028076433332
3.0386182277221274	0.02740827233333333	1.6661620037966665
3.040363556974122	0.025983372999999997	1.6305236883499998
3.042108886226116	0.025323422666666668	1.5945397326766666
3.0438542154781105	0.02511966566666666	1.5601339349199999
3.0455995447301047	0.025321949	1.5292977629
3.047344873982099	0.026912093	1.5045436816966666
3.049090203234093	0.030264654333333335	1.487487884383333
3.0508355324860883	0.034173442666666665	1.47799086716
3.0525808617380825	0.038082065666666665	1.4758304693
3.0543261909900767	0.04323462566666667	1.48159765754
3.056071520242071	0.049700007333333324	1.4944508638233334
3.057816849494065	0.055226072333333334	1.5113618954733332
3.05956217874606	0.058986919	1.530156113813333
3.061307507998054	0.06282045633333333	1.55064063507
3.0630528372500487	0.06681364733333332	1.5713966000366666
3.0647981665020425	0.068274112	1.5891805905899998
3.0665434957540367	0.06677367733333334	1.6029300637833332
3.0682888250060314	0.06507838766666667	1.6145749111233334
3.0700341542580256	0.06366279466666666	1.6248665233266666
3.07177948351002	0.06007001199999999	1.6328529963199998
3.073524812762014	0.05455999066666667	1.64010375315
3.075270142014008	0.050431962999999996	1.65082348314
3.0770154712660034	0.048284755	1.6672274463866668
3.0787608005179976	0.04596434233333333	1.6892362985266667
3.080506129769992	0.043905514333333326	1.7183715598399998
3.082251459021986	0.044805549	1.7573521573466666
3.0839967882739803	0.048655655	1.8060277123266666
3.085742117525975	0.053310049	1.8616406351733332
3.087487446777969	0.05868921666666666	1.9221593716933332
3.0892327760299634	0.06602989599999999	1.9858708216666667
3.0909781052819576	0.07449312233333333	2.04872815027
3.092723434533952	0.08211880099999999	2.10521973011
3.094468763785946	0.08840163666666664	2.150930498776667
3.0962140930379407	0.09349402799999998	2.182406121516667
3.0979594222899345	0.09656219266666666	2.195877526073333
3.099704751541929	0.09661945666666667	2.18811566097
3.101450080793923	0.093565656	2.157973692253333
3.1031954100459176	0.08775872666666668	2.1064026396666664
3.104940739297912	0.079483217	2.035585949473333
3.106686068549906	0.069067041	1.9488809716566664
3.1084313978019003	0.057230178	1.851578281063333
3.1101767270538954	0.04543384066666667	1.7510317853366666
3.1119220563058896	0.03514363933333333	1.6549828762766667
3.113667385557884	0.026807485666666665	1.570203523183333
3.1154127148098785	0.021105736	1.5037561201633332
3.1171580440618727	0.020440853333333328	1.46374119404
3.118903373313867	0.026266117999999998	1.4558813255733334
3.120648702565861	0.036801627	1.4812602039833334
3.122394031817856	0.05124839133333334	1.5402074402633332
3.1241393610698496	0.07266009166666666	1.6344512614466666
3.1258846903218442	0.10141082600000001	1.7610744556366664
3.127630019573838	0.13165248933333334	1.9098360855099998
3.1293753488258327	0.16065881433333332	2.0717430999933333
3.131120678077827	0.19330379066666664	2.243069757353333
3.132866007329821	0.22951399366666664	2.4150709281666662
3.1346113365818153	0.2588324283333333	2.5702004126566664
3.1363566658338096	0.27724709699999994	2.69697957699
3.1381019950858047	0.2952308326666666	2.7971218939533333
3.139847324337799	0.31715151633333327	2.86879950368
3.141592653589793	0.3287898246666666	2.8968179671366667