# O(3P)+CO2(000; j=0) -> O(3P)+CO2(000; j') scattering, statistically averaged (3A2+3B2+3B1) potential energy surfaces
# Differential cross sections; packaged by M. Gacesa (marko.gacesa@nasa.gov), Apr 30 2019
# E = 0.525693 eV
# theta(rad)                 elastic DCS                total DCS (both in units of 1E-16 cm^2/Sr)
0.	1.430529e6	1.4580958671105024e6
0.0017453292519943296	1.2057504e6	1.2270951593366666e6
0.003490658503988659	751466.0333333333	762551.8534569999
0.005235987755982989	389742.1666666666	396002.27228233335
0.006981317007977318	191087.8666666667	196046.50337666663
0.008726646259971648	92019.16666666666	95790.29508840002
0.010471975511965978	45700.33333333333	48323.144233900006
0.012217304763960305	25818.099999999995	27748.467712766665
0.013962634015954637	16338.553	18147.995750866663
0.015707963267948967	12190.555	14350.117062776664
0.017453292519943295	11170.125666666667	13676.689655013333
0.019198621771937624	10591.972666666665	13070.556378563331
0.020943951023931956	9600.237666666666	11700.087194126667
0.02268928027592628	8117.349666666666	9677.848640693332
0.02443460952792061	6123.322666666667	7228.033517783333
0.02617993877991494	4408.242333333334	5346.094922836666
0.027925268031909273	3620.5559999999996	4665.29339484
0.029670597283903602	3545.8053333333337	4788.562749209999
0.031415926535897934	3790.8849999999993	5154.816623183333
0.03316125578789226	3945.366666666667	5259.586483233333
0.03490658503988659	3615.991666666667	4723.0026412199995
0.03665191429188092	2882.314166666667	3750.588066076667
0.03839724354387525	2135.6713333333328	2860.9028044233332
0.040142572795869566	1627.6653666666666	2344.1033737886664
0.04188790204786391	1472.1005333333333	2276.301006774333
0.043633231299858244	1619.9846	2524.095288108667
0.04537856055185256	1808.826933333333	2739.4231873889994
0.047123889803846894	1816.9501999999998	2677.5166879363333
0.04886921905584122	1608.2799	2344.8530088693333
0.05061454830783555	1240.4389999999999	1860.1541560696664
0.05235987755982988	851.5126	1408.9270236123332
0.054105206811824215	609.0557333333334	1170.7900230893333
0.05585053606381855	564.4011333333333	1165.3641562586665
0.05759586531581287	652.2511	1280.0602391809998
0.059341194567807204	772.4197666666666	1385.9049715523333
0.061086523819801536	815.5809666666667	1372.6211060879998
0.06283185307179587	722.8963666666666	1205.0588555556665
0.0645771823237902	536.7756666666667	960.0539106783333
0.06632251157578452	345.19359	745.7357071323333
0.06806784082777885	218.7461833333333	626.526824573
0.06981317007977318	192.76892666666666	614.4818997746667
0.0715584993317675	246.77613666666664	663.9420109566666
0.07330382858376185	316.7584866666666	698.3885168266667
0.07504915783575618	348.20278999999994	672.2842665999999
0.0767944870877505	320.62598	588.8452312129999
0.07853981633974483	244.23792000000003	479.97792330699997
0.08028514559173913	155.70325666666668	390.03229904799997
0.08203047484373349	95.425028	349.981513101
0.08377580409572782	80.45246333333333	355.51157621066665
0.08552113334772216	102.69217333333333	377.9669524866666
0.08726646259971649	138.56775	386.279132105
0.08901179185171079	160.22081666666668	361.081247529
0.09075712110370512	152.41437	305.7814499473333
0.09250245035569944	120.01747666666667	244.28154955899998
0.09424777960769379	79.77949666666666	202.53543652533335
0.09599310885968812	50.01907096666666	193.1605318356667
0.09773843811168244	41.70876666666667	210.83421906200002
0.09948376736367677	52.41548999999999	235.93251260366665
0.1012290966156711	69.92967	246.442563557
0.10297442586766543	81.22767333333333	231.19782222133335
0.10471975511965977	78.59575999999998	194.58604290066665
0.10646508437165408	62.848413333333326	152.29017854966665
0.10821041362364843	42.211906666666664	122.08801176696666
0.10995574287564276	26.34768593333333	114.43641990346669
0.1117010721276371	20.90546333333333	127.5819627507
0.11344640137963143	25.717863333333334	149.5160472673333
0.11519173063162574	35.51871	165.31036765166667
0.11693705988362009	43.12110666666666	165.14420322766665
0.11868238913561441	43.54162	148.205529394
0.12042771838760875	36.34986333333333	122.12812016800001
0.12217304763960307	25.153826666666664	98.54168820206667
0.12391837689159738	15.092755999999998	86.20802583816665
0.12566370614359174	10.087930333333333	86.93262393256666
0.12740903539558604	11.251638	96.5844566952
0.1291543646475804	16.52202333333333	107.68700665666667
0.13089969389957473	22.195226666666663	113.04284339610001
0.13264502315156904	25.358346666666666	109.89811124336666
0.1343903524035634	24.743016666666666	100.30566887176667
0.1361356816555577	20.629296666666665	88.36808384143333
0.13788101090755206	15.192478333333334	78.69265879233333
0.13962634015954636	11.157171566666666	74.34139583259999
0.1413716694115407	9.653680666666666	74.48543295903332
0.143116998663535	10.476696403333332	76.02080428923333
0.14486232791552936	12.926550333333331	76.5735594438
0.1466076571675237	15.461699999999997	74.7745908483
0.148352986419518	16.83279	70.79521603399999
0.15009831567151236	17.23814133333333	66.83922263459999
0.15184364492350666	16.920785666666664	64.64363377153333
0.153588974175501	15.643333333333333	63.94123692983334
0.15533430342749535	14.063648333333333	64.06351009056667
0.15707963267948966	12.987283	64.06770547419998
0.158824961931484	12.195259666666665	62.29258264433333
0.16057029118347826	11.629505533333333	58.27717304816666
0.16231562043547265	11.669005666666665	53.3543249321
0.16406094968746698	11.994766333333333	48.8941686301
0.16580627893946132	12.383794666666667	46.167551828099995
0.16755160819145565	13.211336	46.25849371833333
0.16929693744344992	14.021386333333334	48.40743831143334
0.1710422666954443	13.827997333333332	50.49615994436667
0.17278759594743864	12.722665333333333	51.2230053067
0.17453292519943298	11.212753333333334	50.05888333973333
0.17627825445142725	9.458979	46.8756174574
0.17802358370342158	8.038207066666665	42.7189258768
0.17976891295541597	7.570263333333334	39.11673638873333
0.18151424220741025	7.805441999999999	36.76352657043333
0.18325957145940458	8.412297333333331	35.94364330966667
0.18500490071139888	9.293449666666666	36.63184919873333
0.18675022996339324	9.811455666666667	37.8412078696
0.18849555921538758	9.324666666666666	38.414745869966666
0.1902408884673819	8.095878333333333	38.06079362853333
0.19198621771937624	6.647592666666666	36.88058112816667
0.19373154697137057	5.316622666666666	35.119870188099995
0.19547687622336488	4.559762533333332	33.38134180193333
0.19722220547535924	4.575437033333333	32.07088382236667
0.19896753472735354	4.977230333333333	31.07760447843333
0.2007128639793479	5.4137103333333325	30.329290272066665
0.2024581932313422	5.722478333333332	29.81301249013333
0.20420352248333656	5.6164673333333335	29.32492664483333
0.20594885173533087	4.983327333333333	28.793780768766666
0.20769418098732523	4.14145	28.400582014833333
0.20943951023931953	3.416574766666666	28.206899798899997
0.2111848394913139	2.970700503333333	28.1542401719
0.21293016874330817	2.9056708999999996	28.157053274566664
0.21467549799530256	3.1266636666666665	27.988103502966666
0.21642082724729686	3.336785666666666	27.400581370466668
0.2181661564992912	3.3569156666666666	26.400101231133334
0.21991148575128552	3.169192333333333	25.175098160866668
0.22165681500327983	2.7897493333333334	23.977999313433333
0.2234021442552742	2.311372	23.084382461033332
0.22514747350726852	1.9317502333333332	22.687839348799997
0.22689280275926285	1.7796504	22.7889824354
0.22863813201125716	1.8415426	23.217797582366664
0.2303834612632515	2.025579	23.695416375966666
0.23212879051524585	2.211708333333333	23.962583525866666
0.23387411976724018	2.259055333333333	23.858241332766667
0.23561944901923448	2.1141069999999997	23.354399722366665
0.23736477827122882	1.8594836666666663	22.576765571499998
0.23911010752322315	1.5977866666666665	21.725973335166664
0.2408554367752175	1.3725346666666667	20.93270222373333
0.24260076602721184	1.2699003333333332	20.320368802066668
0.24434609527920614	1.3629123333333333	20.008657834199997
0.24609142453120048	1.5730676666666668	19.9582883945
0.24783675378319475	1.7760426666666664	20.037038339533332
0.24958208303518917	1.9375936666666664	20.20711734653333
0.25132741228718347	2.0030616666666665	20.400022513933333
0.2530727415391778	1.9450189999999998	20.497126335066667
0.2548180707911721	1.8795676666666665	20.49758810026666
0.25656340004316636	1.8781089999999998	20.39144285453333
0.2583087292951608	1.8705496666666666	20.045516148433332
0.26005405854715513	1.9007633333333331	19.503053968066666
0.26179938779914946	2.064503333333333	18.961995509866668
0.2635447170511437	2.2689316666666666	18.458268363666665
0.26529004630313807	2.4109766666666665	18.001923836899998
0.26703537555513246	2.5292376666666665	17.745997939733332
0.2687807048071268	2.587019333333333	17.701934151099998
0.270526034059121	2.5513099999999995	17.773323235366668
0.2722713633111154	2.5559136666666666	17.984652555466667
0.2740166925631097	2.632487333333333	18.243319400699995
0.2757620218151041	2.646478	18.283599368266668
0.27750735106709834	2.648341666666666	18.0986562358
0.2792526803190927	2.754259	17.8405313342
0.280998009571087	2.8664313333333333	17.473774221499998
0.2827433388230814	2.9099256666666666	17.009337195833332
0.2844886680750758	2.9478266666666664	16.62210145063333
0.28623399732707	2.9258653333333333	16.3238919326
0.28797932657906433	2.8126789999999997	16.0906863644
0.2897246558310587	2.753643666666666	16.05297511913333
0.291469985083053	2.7552233333333334	16.159738625966668
0.2932153143350474	2.6754016666666667	16.181876438366665
0.29496064358704166	2.5831939999999998	16.1416541982
0.296705972839036	2.5873196666666662	16.132722915466665
0.2984513020910303	2.593825333333333	16.04755617793333
0.3001966313430247	2.5593799999999995	15.862882506733332
0.301941960595019	2.5396583333333336	15.676360846966666
0.3036872898470133	2.459789333333333	15.432274710333333
0.30543261909900765	2.3004093333333335	15.134830828433333
0.307177948351002	2.198403	14.953059425933334
0.3089232776029963	2.1399375333333333	14.864024102966667
0.3106686068549907	2.006732566666667	14.722799516833334
0.312413936106985	1.8726115333333335	14.599727128433333
0.3141592653589793	1.81324	14.554665148
0.31590459461097364	1.751743433333333	14.487639987366666
0.317649923862968	1.6800811333333334	14.400043998866666
0.3193952531149623	1.6355054666666666	14.331229042133334
0.32114058236695653	1.5393754333333334	14.1813008733
0.32288591161895097	1.3923758666666664	13.9666618077
0.3246312408709453	1.3026360666666665	13.826343704233333
0.32637657012293964	1.2417729666666664	13.722182177766665
0.32812189937493397	1.1334011666666666	13.570827995333332
0.32986722862692824	1.0387288333333333	13.4467624454
0.33161255787892263	0.9837833666666667	13.359768358600002
0.3333578871309169	0.9181603999999999	13.246976896366665
0.3351032163829113	0.8676712333333333	13.158599184
0.3368485456349056	0.8452559333333333	13.1015579592
0.33859387488689985	0.7800225666666667	12.972708406166667
0.34033920413889424	0.694228	12.813119565899997
0.3420845333908886	0.6573529	12.720898751333332
0.3438298626428829	0.6337713666666667	12.645071074199999
0.3455751918948773	0.5964702	12.556451201633331
0.34732052114687156	0.5855981	12.509082747033332
0.34906585039886595	0.5754566	12.454222573733333
0.3508111796508603	0.5455083	12.360173769133334
0.3525565089028545	0.5499734	12.3068658119
0.3543018381548489	0.5758357666666667	12.266823382733332
0.35604716740684317	0.5627545666666667	12.142675511766665
0.35779249665883756	0.5510132333333333	11.9951026616
0.35953782591083194	0.5727444666666666	11.885730277899999
0.3612831551628262	0.5906280333333332	11.768521576086666
0.3630284844148205	0.6227718999999999	11.671805172023333
0.3647738136668149	0.6878460666666666	11.637598263706666
0.36651914291880916	0.7170388999999999	11.583485759933334
0.36826447217080355	0.7168459	11.5113983578
0.37000980142279777	0.7632897000000001	11.517182912513334
0.3717551306747922	0.8216313999999999	11.542252340126666
0.3735004599267865	0.8400358333333333	11.490750294396666
0.3752457891787809	0.8724726	11.421119835223331
0.37699111843077515	0.9253748333333333	11.352243118233332
0.3787364476827695	0.9626116333333333	11.237220906556667
0.3804817769347638	1.0324424333333333	11.137924180676666
0.38222710618675815	1.1360828333333333	11.084205641759997
0.3839724354387525	1.1759114	10.983540895543332
0.38571776469074687	1.1750802999999999	10.872417538136666
0.38746309394274114	1.2209884999999998	10.86192596355
0.3892084231947355	1.2646718666666665	10.888137644303331
0.39095375244672975	1.2585039999999998	10.870723854826666
0.39269908169872414	1.2654206666666665	10.864215382183334
0.39444441095071847	1.2849466666666667	10.857294384883332
0.3961897402027128	1.2861189999999998	10.79843858036
0.3979350694547071	1.328637	10.749458975029999
0.39968039870670136	1.4064373333333333	10.7171777114
0.4014257279586958	1.4169286666666665	10.60562245481
0.4031710572106902	1.3876706666666667	10.46351093493
0.4049163864626844	1.4006706666666666	10.39746454873
0.4066617157146788	1.402232	10.354824568666665
0.4084070449666731	1.3485633333333333	10.285906934773331
0.41015237421866746	1.3006986666666667	10.247765295129998
0.41189770347066174	1.2601405333333333	10.223456859393332
0.413643032722656	1.2044388666666666	10.173603114783333
0.41538836197465046	1.1895954333333334	10.152344765456666
0.4171336912266447	1.2102174999999997	10.147865010873334
0.41887902047863906	1.1816661999999998	10.07082082352333
0.42062434973063334	1.1289030333333332	9.96152666521
0.4223696789826278	1.1137596	9.895453571756667
0.4241150082346221	1.0879521666666667	9.828099694259999
0.42586033748661634	1.0175946	9.73716252096
0.4276056667386108	0.9497693333333334	9.672157219919999
0.4293509959906051	0.8839283666666666	9.615043876306666
0.43109632524259933	0.8072954333333333	9.549542133973333
0.4328416544945937	0.7643166	9.52754000173
0.434586983746588	0.7498012	9.530079450653332
0.4363323129985824	0.7062664666666666	9.487030794946666
0.43807764225057666	0.6543084333333333	9.428900994813333
0.43982297150257105	0.6297840666666666	9.393577780286666
0.44156830075456543	0.5973764333333333	9.3408956374
0.44331363000655966	0.5412433999999999	9.266486903066667
0.445058959258554	0.4904761333333333	9.199823869583334
0.4468042885105484	0.43786643333333336	9.114454659
0.44854961776254265	0.38209676666666664	9.014128323789999
0.45029494701453704	0.3561843333333333	8.950691963923333
0.4520402762665313	0.3512708333333333	8.906180309166665
0.4537856055185257	0.3344748333333333	8.8385224511
0.45553093477052	0.3214851	8.779560736859999
0.4572762640225143	0.3209951	8.74347011249
0.45902159327450864	0.31103766666666666	8.701102460756665
0.460766922526503	0.29762546666666667	8.665167819036666
0.46251225177849725	0.29237579999999996	8.643613834813332
0.4642575810304917	0.2765692333333333	8.594346010639999
0.46600291028248597	0.2619024666666666	8.528300165013334
0.46774823953448036	0.27767393333333334	8.48889361733
0.4694935687864746	0.30782059999999994	8.449871212573331
0.47123889803846897	0.33337063333333333	8.383325615856666
0.4729842272904633	0.36747386666666665	8.321160496003332
0.47472955654245763	0.3982530333333333	8.264704323219998
0.4764748857944519	0.41108915	8.198763887836666
0.4782202150464463	0.42912145	8.155367273126666
0.4799655442984406	0.45161747666666663	8.13643662492
0.481710873550435	0.4482467233333334	8.096765411596666
0.48345620280242924	0.44280643	8.056911827759999
0.4852015320544237	0.47060540333333334	8.057743704636666
0.48694686130641796	0.5101125333333333	8.065135609126665
0.4886921905584123	0.5455213999999999	8.050704247196666
0.49043751981040656	0.5921909666666666	8.037995426253332
0.49218284906240095	0.6316754333333333	8.015371708203332
0.4939281783143953	0.6488756666666666	7.965472607769998
0.4956735075663895	0.6702911333333332	7.919272164626666
0.4974188368183839	0.6896012666666667	7.874351602113333
0.49916416607037833	0.6714169333333333	7.79033941094
0.5009094953223726	0.6442884333333333	7.696370958676667
0.5026548245743669	0.6495301333333333	7.638886732963333
0.5044001538263612	0.6665845333333333	7.5945103738499995
0.5061454830783556	0.6801153666666666	7.546226662296668
0.5078908123303499	0.7096263666666666	7.520780931926666
0.5096361415823442	0.7414399333333332	7.509212140653333
0.5113814708343385	0.7573576	7.493017529003333
0.5131268000863327	0.7754717666666666	7.49009197285
0.5148721293383272	0.7875757999999999	7.487775403493332
0.5166174585903216	0.7596113333333332	7.4428410288133335
0.5183627878423158	0.7149902	7.3712859885399995
0.5201081170943103	0.6926731666666666	7.305571219863333
0.5218534463463045	0.6776707	7.2268501399366665
0.5235987755982989	0.6570689333333333	7.126902713206666
0.5253441048502931	0.6530764666666666	7.037043196579999
0.5270894341022874	0.6623255333333333	6.963607052073333
0.5288347633542818	0.6674390333333333	6.904062156886667
0.5305800926062761	0.6755325666666666	6.878953304946666
0.5323254218582705	0.6797392333333333	6.883118800149999
0.5340707511102649	0.6533555999999999	6.884711896113332
0.5358160803622593	0.6092556666666666	6.887588157139999
0.5375614096142536	0.5751895333333333	6.90143529271
0.5393067388662478	0.5428121666666667	6.899864076213333
0.541052068118242	0.503732	6.865708736593334
0.5427973973702365	0.4777654333333333	6.811458064986667
0.5445427266222308	0.4693993666666666	6.738254230156667
0.5462880558742251	0.4663031333333333	6.648468021156667
0.5480333851262194	0.467249	6.56331353006
0.5497787143782138	0.46770340000000005	6.491522628326665
0.5515240436302082	0.4519772333333334	6.4283119764066665
0.5532693728822025	0.4231269333333333	6.387619780883332
0.5550147021341967	0.3934645333333333	6.378954877936666
0.5567600313861911	0.36138107999999997	6.388160078476666
0.5585053606381855	0.32654941	6.40333966802
0.5602506898901798	0.30201624	6.419938347666666
0.561996019142174	0.2926732233333333	6.422302036866666
0.5637413483941685	0.29419362	6.401698749136667
0.5654866776461628	0.30314438999999993	6.36174841631
0.5672320068981571	0.3139490033333333	6.299866748993333
0.5689773361501516	0.31781791666666664	6.214960894203333
0.5707226654021459	0.3119445833333333	6.12312145648
0.57246799465414	0.29521558999999997	6.037163254216667
0.5742133239061344	0.2693195233333333	5.962964606036666
0.5759586531581287	0.24212839666666666	5.911466927423334
0.5777039824101231	0.22085749666666668	5.88696028394
0.5794493116621174	0.2072666333333333	5.879281447239999
0.5811946409141118	0.2069414333333333	5.885830103516666
0.582939970166106	0.22231523333333336	5.905358224696666
0.5846852994181004	0.2459961	5.921475101056666
0.5864306286700948	0.2703025333333333	5.919268371199999
0.5881759579220891	0.29135853333333334	5.899078200776666
0.5899212871740833	0.3005115333333333	5.8584043886599995
0.5916666164260775	0.2957086666666667	5.796423576953332
0.593411945678072	0.28544260999999993	5.724860581303334
0.5951572749300664	0.2724210633333333	5.652444789703333
0.5969026041820606	0.2543202533333333	5.579654415706665
0.5986479334340549	0.24280227000000001	5.519793566133332
0.6003932626860494	0.24908129666666667	5.4871841393833325
0.6021385919380438	0.26734753333333333	5.47699180914
0.603883921190038	0.28995472	5.480358924593333
0.6056292504420324	0.31746711333333333	5.498459518056667
0.6073745796940266	0.3431880866666666	5.524796863660001
0.609119908946021	0.3590895033333333	5.546902860703334
0.6108652381980153	0.36688963333333335	5.559988087193333
0.6126105674500095	0.36676767	5.56038868
0.614355896702004	0.35376226666666666	5.540415103526667
0.6161012259539983	0.33685853666666665	5.50470537699
0.6178465552059926	0.32993076666666665	5.464830891686667
0.6195918844579871	0.3311386333333333	5.4232342104899995
0.6213372137099814	0.3338835333333333	5.38061019173
0.6230825429619757	0.34406213333333335	5.348728927283333
0.62482787221397	0.3636597	5.336108993706667
0.6265732014659642	0.38284949999999995	5.340232422173334
0.6283185307179586	0.3951933333333333	5.357330366103334
0.630063859969953	0.4022147666666667	5.387076460259999
0.6318091892219473	0.4020349	5.424257720686666
0.6335545184739415	0.39492506666666666	5.461369249503333
0.635299847725936	0.3875139666666666	5.4934357916
0.6370451769779303	0.38274356666666665	5.5166316846233325
0.6387905062299246	0.37756643333333334	5.525728891533333
0.6405358354819191	0.3768105666666666	5.521261946656667
0.6422811647339131	0.3871726	5.50846411431
0.6440264939859075	0.4026825666666666	5.4891206581733325
0.6457718232379019	0.41310993333333335	5.462022223956667
0.6475171524898962	0.42119196666666664	5.434682331019999
0.6492624817418906	0.4307029666666667	5.41654548859
0.6510078109938849	0.4349881666666667	5.4062814712266665
0.6527531402458793	0.4297845	5.399071589333333
0.6544984694978735	0.4218351	5.399556591266666
0.6562437987498679	0.4141908666666666	5.409388578076666
0.6579891280018623	0.4058818333333333	5.42114967318
0.6597344572538565	0.4009722333333333	5.430503670613334
0.6614797865058508	0.4012411	5.4372553943633335
0.6632251157578453	0.40008389999999994	5.4348497970033325
0.6649704450098396	0.3988774666666666	5.421309681283333
0.6667157742618338	0.4041411	5.402523775596667
0.668461103513828	0.4090863	5.376230842266667
0.6702064327658226	0.4033271333333333	5.33553047629
0.6719517620178169	0.39339879999999994	5.289421019086667
0.6736970912698113	0.3858603333333333	5.248720618433333
0.6754424205218055	0.37433239999999995	5.209732408413333
0.6771877497737997	0.35681159	5.17059274974
0.6789330790257941	0.3403695766666666	5.13981105259
0.6806784082777885	0.32447809666666666	5.117760576316666
0.6824237375297828	0.3083386	5.10084598708
0.6841690667817772	0.2981649333333333	5.092042219416666
0.6859143960337715	0.2922784433333333	5.088348193736667
0.6876597252857658	0.28184137	5.078987902043333
0.6894050545377601	0.2714500633333333	5.066011222216667
0.6911503837897546	0.26772414999999994	5.054919339853333
0.6928957130417489	0.2627025866666667	5.037920353126666
0.6946410422937431	0.24999040666666664	5.00950439388
0.6963863715457373	0.23613897666666664	4.977761454126666
0.6981317007977319	0.2227825633333333	4.945825777933334
0.6998770300497262	0.20683945666666664	4.912657301249999
0.7016223593017206	0.1919126633333333	4.884254990916666
0.7033676885537148	0.18032618999999997	4.863601699233333
0.705113017805709	0.16803952	4.846162078586667
0.7068583470577035	0.15850664333333334	4.835986219846666
0.7086036763096978	0.15690912999999998	4.83807224097
0.710349005561692	0.15796469999999999	4.845121047636667
0.7120943348136863	0.15635809999999997	4.850617117576666
0.7138396640656808	0.15548203333333332	4.856913259259999
0.7155849933176751	0.15483446666666667	4.860630169586667
0.7173303225696694	0.15114522	4.85734476357
0.7190756518216639	0.14657568999999998	4.850212028989999
0.7208209810736581	0.1426700733333333	4.838714531913333
0.7225663103256524	0.13738583666666665	4.81805418965
0.7243116395776467	0.13488598666666665	4.7951716529
0.726056968829641	0.1393602733333333	4.777929473563334
0.7278022980816354	0.148019298	4.76335900166
0.7295476273336298	0.15926139366666664	4.7514097796899994
0.7312929565856241	0.17433232383333333	4.747748233336667
0.7330382858376183	0.188630698	4.748971414253333
0.7347836150896128	0.20000691133333331	4.752781518723332
0.7365289443416071	0.21183715000000003	4.76380587605
0.7382742735936013	0.2211668566666667	4.775922695486666
0.7400196028455955	0.22273627	4.777131528083332
0.7417649320975901	0.2234169633333333	4.772503328573333
0.7435102613495844	0.22951962333333334	4.768054187343333
0.7452555906015788	0.23771766	4.755235768936666
0.747000919853573	0.24838536666666666	4.731792953126667
0.7487462491055674	0.26544046666666665	4.70655610887
0.7504915783575618	0.28369696666666666	4.678926102883333
0.752236907609556	0.3010814333333333	4.649775721606666
0.7539822368615503	0.3224558	4.630032014976667
0.7557275661135445	0.3413820666666667	4.617797757829999
0.757472895365539	0.3470526666666667	4.601940627963333
0.7592182246175333	0.3471166333333333	4.59100285876
0.7609635538695276	0.35029836666666664	4.5940973244866665
0.7627088831215221	0.34991209999999995	4.5977134838966665
0.7644542123735163	0.3445133	4.592530708166667
0.7661995416255106	0.34344603333333334	4.58604684957
0.767944870877505	0.3458093	4.57560563575
0.7696902001294994	0.34899776666666665	4.554885397583334
0.7714355293814937	0.35911296666666664	4.530863814633333
0.773180858633488	0.37173643333333334	4.503403325223333
0.7749261878854823	0.37412366666666663	4.462699799
0.7766715171374765	0.3725228333333333	4.419562324803333
0.778416846389471	0.3765302	4.38937455314
0.7801621756414653	0.3759054	4.3631062792533335
0.7819075048934595	0.36429076666666665	4.333320221756667
0.7836528341454538	0.3535638	4.31316753547
0.7853981633974483	0.3469186999999999	4.305200963876667
0.7871434926494427	0.3391645666666667	4.299782021026666
0.7888888219014369	0.33497489999999996	4.2985410076266675
0.7906341511534312	0.33486536666666666	4.300667232526667
0.7923794804054256	0.3285356	4.293385960529999
0.7941248096574199	0.3200572666666667	4.279631596263333
0.7958701389094142	0.31920766666666667	4.26997658875
0.7976154681614087	0.3160055333333333	4.253984415156666
0.7993607974134027	0.30100556666666667	4.222060374436666
0.8011061266653973	0.2861480333333333	4.188617251903333
0.8028514559173916	0.27764263333333333	4.16187187476
0.8045967851693858	0.2676079833333333	4.1349857522299995
0.8063421144213804	0.25690568999999996	4.111364777636666
0.8080874436733746	0.25018727	4.097602033329999
0.8098327729253688	0.24131525999999998	4.087469906733333
0.8115781021773631	0.2305937433333333	4.08228352316
0.8133234314293576	0.22523418666666664	4.0898108511433335
0.815068760681352	0.21852837000000003	4.099829665436666
0.8168140899333463	0.20171284333333334	4.099464782666667
0.8185594191853405	0.18426106999999997	4.0962082334
0.8203047484373349	0.17310480833333333	4.093800305236667
0.8220500776893291	0.16117150533333333	4.08200503203
0.8237954069413235	0.147630719	4.060501096283334
0.8255407361933177	0.13876976066666666	4.036671071353333
0.827286065445312	0.13197502633333333	4.008696190469999
0.8290313946973066	0.12540422599999998	3.980187940643333
0.8307767239493009	0.12294048333333331	3.961782808083333
0.8325220532012951	0.12051546333333332	3.95046597923
0.8342673824532894	0.11156156	3.9392730507166664
0.8360127117052839	0.10175765333333334	3.936154032093333
0.8377580409572781	0.09558411666666666	3.94402754181
0.8395033702092725	0.08857958333333334	3.9520556888466665
0.8412486994612667	0.08132267	3.9563768575366662
0.8429940287132611	0.07870492333333332	3.9583879766366667
0.8447393579652556	0.07842427333333332	3.9509973845166666
0.8464846872172498	0.08015202333333334	3.9339416580499997
0.8482300164692442	0.08752659333333335	3.91540674007
0.8499753457212386	0.09571887000000001	3.892031091003333
0.8517206749732327	0.09811763333333334	3.8590233500799997
0.853466004225227	0.09931163333333333	3.8289555130333337
0.8552113334772216	0.10204612666666668	3.810559804713333
0.8569566627292158	0.10206815899999999	3.798155224603333
0.8587019919812102	0.10138097999999998	3.7923000701133334
0.8604473212332044	0.1046325468	3.7975262896766666
0.8621926504851987	0.10902685763333334	3.8066145495466666
0.8639379797371932	0.11669539533333331	3.8165758779033334
0.8656833089891874	0.13392330466666663	3.83189211813
0.8674286382411818	0.15398918666666664	3.8427250613533332
0.869173967493176	0.16729505999999997	3.8363709829699997
0.8709192967451702	0.17940644666666664	3.8218903129999995
0.8726646259971648	0.19352446	3.8076364571766668
0.8744099552491591	0.20096453666666664	3.7852902149566665
0.8761552845011533	0.20087703999999998	3.755404767896666
0.8779006137531478	0.20054549666666666	3.7305499986666666
0.8796459430051421	0.19912879666666666	3.71190384129
0.8813912722571363	0.19867056666666666	3.6997974766699997
0.8831366015091309	0.2083169333333333	3.7030375013766665
0.8848819307611251	0.22436689999999998	3.71690765162
0.8866272600131193	0.23672263333333335	3.727985161073333
0.8883725892651138	0.25209539999999997	3.7418592598766667
0.890117918517108	0.2758746333333333	3.7640410231066666
0.8918632477691024	0.29441229999999996	3.778042816553333
0.8936085770210968	0.2999829333333333	3.773922527316666
0.895353906273091	0.30138076666666663	3.762092104173333
0.8970992355250853	0.2999257	3.744757869383333
0.8988445647770799	0.2922475333333333	3.71758575612
0.9005898940290741	0.28552976666666663	3.6889200508433335
0.9023352232810684	0.2830109333333333	3.6644529127766665
0.9040805525330626	0.2789106	3.6398350233566665
0.9058258817850569	0.2797097	3.6239393916966667
0.9075712110370514	0.29386739999999995	3.62813403222
0.9093165402890456	0.30952919999999995	3.6410855370833333
0.91106186954104	0.31526506666666665	3.650832656326666
0.9128071987930344	0.3193226333333333	3.6653706616399995
0.9145525280450286	0.32451453333333335	3.6850100717066665
0.9162978572970231	0.32059873333333333	3.6951855985166664
0.9180431865490173	0.3076956333333334	3.6925591425433333
0.9197885158010117	0.2937468666666666	3.6817242578999996
0.921533845053006	0.2780782666666667	3.659085097646667
0.9232791743050003	0.26329573333333334	3.628044283483333
0.9250245035569945	0.2577873433333333	3.60033091827
0.9267698328089891	0.2575815833333333	3.5749717633699998
0.9285151620609834	0.2541978333333333	3.548058738563333
0.9302604913129776	0.2535841666666666	3.531916299256667
0.9320058205649719	0.25924306666666663	3.533809765673333
0.9337511498169662	0.25967836666666666	3.5430331139033333
0.9354964790689607	0.2494415	3.5536903257066665
0.9372418083209549	0.23594443333333331	3.56897567137
0.9389871375729492	0.2208155	3.583062071173333
0.9407324668249435	0.20212731666666664	3.5888475393699997
0.9424777960769379	0.18489987666666666	3.5876761498433334
0.9442231253289324	0.1720838033333333	3.5771362014333334
0.9459684545809266	0.16104319	3.5527607127299996
0.9477137838329208	0.15492777666666666	3.52303510648
0.9494591130849153	0.1565874333333333	3.49718060317
0.9512044423369096	0.15888696666666668	3.4729382114266665
0.9529497715889038	0.15602473666666666	3.4512633247399997
0.9546951008408984	0.15099838	3.440793067883333
0.9564404300928926	0.14386088	3.4419638154333327
0.9581857593448869	0.13122944066666664	3.4501148610699994
0.9599310885968813	0.11513526633333333	3.464607819196667
0.9616764178488755	0.09950468533333334	3.480817897003333
0.96342174710087	0.08511428613333334	3.4899844925766663
0.9651670763528643	0.07490784986666665	3.4919716338233333
0.9669124056048585	0.071735494	3.48839462622
0.9686577348568528	0.07316297999999999	3.4737544303199996
0.9704030641088474	0.076346465	3.44734197279
0.9721483933608416	0.08118584666666666	3.4175462545299995
0.9738937226128359	0.0848677	3.3885397278533333
0.9756390518648301	0.08443194999999999	3.3622937327866667
0.9773843811168246	0.08065036333333332	3.3451516104400003
0.9791297103688189	0.07361611	3.3387317158533336
0.9808750396208131	0.06273801666666666	3.33879265602
0.9826203688728073	0.05286438	3.3473013489166665
0.9843656981248019	0.04855825666666667	3.365060781086666
0.9861110273767961	0.04859877333333333	3.381836572973333
0.9878563566287906	0.05253867666666666	3.389852787853333
0.9896016858807848	0.062277513333333326	3.3912566492066665
0.991347015132779	0.07486671666666667	3.384466116293333
0.9930923443847736	0.08677529266666664	3.3656696164566666
0.9948376736367678	0.09810685066666666	3.3390617283733333
0.9965830028887621	0.10560029733333334	3.308873228903334
0.9983283321407567	0.10462662283333335	3.27516028198
1.0000736613927508	0.10023476858666666	3.2460528670666666
1.0018189906447452	0.09878753946666666	3.230845422303333
1.0035643198967397	0.09741276633333332	3.2253882064433332
1.0053096491487339	0.09542944833333333	3.2246975012299997
1.007054978400728	0.10068252066666666	3.2344813108099997
1.0088003076527223	0.11484238999999999	3.2538662325966663
1.0105456369047165	0.13250331666666665	3.2714299397166666
1.0122909661567112	0.15260547666666668	3.2823085672066665
1.0140362954087054	0.17368326	3.2865281803699995
1.0157816246606999	0.18888025333333336	3.2787112287433335
1.017526953912694	0.19812923333333332	3.2589109408366665
1.0192722831646883	0.20584525	3.2341858552
1.0210176124166828	0.20725622333333332	3.2038525441233334
1.022762941668677	0.19865729666666665	3.1664339246899997
1.0245082709206712	0.19082863666666663	3.134348001536667
1.0262536001726654	0.19145340000000002	3.1169774324199997
1.02799892942466	0.19479263333333333	3.108232397283333
1.0297442586766543	0.19948950000000001	3.1052988218366666
1.0314895879286488	0.21202976666666667	3.1143621757499997
1.0332349171806432	0.23031466666666667	3.1324484881299997
1.0349802464326374	0.24801013333333333	3.150435207756667
1.0367255756846316	0.2649022666666666	3.1659330913066666
1.0384709049366259	0.2779967666666667	3.1755027408566665
1.0402162341886205	0.2806932	3.1717442550733335
1.041961563440615	0.27705333333333326	3.1572825887099993
1.043706892692609	0.27379	3.1385877503399997
1.0454522219446034	0.26598649999999996	3.11196552798
1.0471975511965979	0.25115446666666663	3.0764153880366667
1.048942880448592	0.24030576666666664	3.044444133493333
1.0506882097005863	0.23871106666666667	3.023380380013333
1.0524335389525805	0.23937196666666666	3.008799547173333
1.0541788682045747	0.24045096666666668	3.0008476407333333
1.0559241974565694	0.24592256666666668	3.0041476707566663
1.0576695267085636	0.2525187333333333	3.015204577943333
1.059414855960558	0.2559743666666666	3.0288705202133333
1.0611601852125523	0.2575066	3.0441507992599997
1.0629055144645467	0.2549926	3.05585370495
1.064650843716541	0.24453636666666667	3.057368847573333
1.0663961729685352	0.23146329999999998	3.05158863499
1.0681415022205298	0.2213576333333333	3.0421952670533337
1.069886831472524	0.21004893333333333	3.0253364583866666
1.0716321607245185	0.19569181666666663	3.001204437043333
1.0733774899765127	0.18543501999999995	2.97856280368
1.0751228192285072	0.18122547	2.9615519428733332
1.0768681484805014	0.17735437666666667	2.948730340013333
1.0786134777324956	0.17238977333333333	2.941874412453333
1.0803588069844898	0.16846480666666666	2.9428817060999997
1.082104136236484	0.1635677633333333	2.9488675977133334
1.0838494654884787	0.15620704	2.9580629779633334
1.085594794740473	0.14808622333333332	2.9696994561
1.0873401239924672	0.13860361666666668	2.979008475793333
1.0890854532444616	0.12641738666666666	2.9819433244299995
1.0908307824964558	0.11498501333333333	2.980240967406666
1.0925761117484503	0.10682694	2.974843365696666
1.0943214410004445	0.09928585000000001	2.9639554568966666
1.0960667702524387	0.09106372333333332	2.9490080331
1.0978120995044334	0.08483096000000001	2.9340675759833332
1.0995574287564276	0.08062327	2.92071197987
1.101302758008422	0.07570531	2.910153584223333
1.1030480872604165	0.06955045666666666	2.90427942433
1.1047934165124107	0.06339084066666667	2.902603551853333
1.106538745764405	0.05715026933333334	2.9033254904533328
1.1082840750163991	0.050853126	2.9063572665999997
1.1100294042683934	0.045306355666666666	2.9104189289433333
1.111774733520388	0.04105257946666666	2.9124519099266664
1.1135200627723822	0.03823657566666666	2.91110299332
1.1152653920243765	0.03714271433333333	2.9064948223166667
1.117010721276371	0.03741628999999999	2.8979383387933333
1.1187560505283651	0.038516251999999994	2.886363694776666
1.1205013797803596	0.03994665833333333	2.874072340266667
1.1222467090323538	0.04110082999999999	2.861589005833333
1.123992038284348	0.04151043333333333	2.8492633519399995
1.1257373675363422	0.041391943333333334	2.839968564236667
1.127482696788337	0.040826716666666665	2.8349700407499996
1.1292280260403311	0.040329866666666665	2.8324726036233336
1.1309733552923256	0.041011806666666664	2.8316229332733327
1.13271868454432	0.04311334333333333	2.8325658312366664
1.1344640137963142	0.046071416666666656	2.83332745908
1.1362093430483085	0.051045464	2.832491419086666
1.1379546723003031	0.058938229999999994	2.8303282242266663
1.139700001552297	0.06758038733333332	2.8255078284999997
1.1414453308042918	0.07499328333333333	2.816610116023333
1.143190660056286	0.08267995633333332	2.8064599882199994
1.14493598930828	0.09104724866666666	2.7976518553666665
1.1466813185602747	0.09748523666666666	2.788766878733333
1.1484266478122689	0.101330966	2.77975595757
1.150171977064263	0.10489498599999998	2.7742663780866668
1.1519173063162573	0.10864463066666666	2.7731188738599997
1.1536626355682515	0.11201733133333333	2.7739292655766663
1.1554079648202462	0.11622578333333333	2.7761469195133337
1.1571532940722404	0.12194841666666667	2.7798950319599998
1.1588986233242349	0.12818143666666665	2.782989387663333
1.160643952576229	0.13584776333333332	2.784378219933333
1.1623892818282235	0.1460155833333333	2.78443394387
1.1641346110802178	0.15611440666666665	2.781377421503333
1.165879940332212	0.16385507333333332	2.77369964739
1.1676252695842066	0.17131365333333332	2.76425158132
1.1693705988362009	0.17926933	2.755304608476667
1.171115928088195	0.18450827666666664	2.7452946884499996
1.1728612573401895	0.18607314	2.7342906983633335
1.1746065865921838	0.1870775566666667	2.7260003892199998
1.1763519158441782	0.18848302666666666	2.721555958213333
1.1780972450961724	0.18891373333333333	2.7189022646999996
1.1798425743481666	0.18915303333333333	2.71758289827
1.1815879036001609	0.19106213333333333	2.7183798774333328
1.183333232852155	0.19440573333333333	2.719936614073333
1.18507856210415	0.1990075	2.720600203419999
1.186823891356144	0.20537110000000003	2.71993174235
1.1885692206081382	0.21219543333333335	2.7169873283199992
1.1903145498601329	0.2175744	2.710586459
1.192059879112127	0.22211823333333336	2.7016921660133333
1.1938052083641213	0.2260996	2.6915076093766666
1.1955505376161155	0.2271108	2.6794912976400003
1.1972958668681097	0.2240377	2.6657996443566665
1.1990411961201044	0.21943383333333336	2.6530720715766662
1.2007865253720988	0.21478289999999994	2.6428802033
1.2025318546240933	0.20888646666666666	2.6342635953133335
1.2042771838760875	0.20213566666666663	2.6269592028499997
1.2060225131280817	0.19741203333333335	2.622681009506666
1.207767842380076	0.19557169999999996	2.62157926053
1.2095131716320702	0.19515116666666668	2.6216123147633335
1.2112585008840648	0.1956676333333333	2.621702754373333
1.213003830136059	0.19742373333333332	2.62238914712
1.2147491593880533	0.19907856666666662	2.6229960042966667
1.2164944886400477	0.19908833333333334	2.6220129535166667
1.218239817892042	0.19705736666666665	2.6191823082666663
1.2199851471440364	0.19231383333333332	2.6148257231033334
1.2217304763960306	0.18406083333333334	2.60849593774
1.2234758056480248	0.17381226666666666	2.6006646945366665
1.225221134900019	0.16351328333333331	2.5925063679799996
1.2269664641520137	0.1528017733333333	2.5837282112766666
1.228711793404008	0.1417224933333333	2.5738968640466666
1.2304571226560024	0.13328664	2.565152849653333
1.2322024519079966	0.12885739	2.5590052817633335
1.233947781159991	0.12585923999999998	2.5537778939099995
1.2356931104119853	0.12279016999999999	2.5487378798733333
1.23743843966398	0.12107000666666667	2.5463405486
1.2391837689159741	0.11996122	2.54710020931
1.240929098167968	0.11648574	2.5485373585533333
1.2426744274199628	0.11010726333333333	2.5499928597899997
1.244419756671957	0.10217256333333333	2.5526798434666667
1.2461650859239515	0.09264581999999999	2.555647922006667
1.2479104151759457	0.08213056333333334	2.557408900543333
1.24965574442794	0.07267895999999999	2.5580974026166663
1.2514010736799341	0.06465940666666667	2.5570837454566666
1.2531464029319284	0.05757348166666666	2.552980458453333
1.254891732183923	0.053407056666666675	2.5470484042166666
1.2566370614359172	0.05305322	2.5407082141
1.2583823906879115	0.05324376333333333	2.532387843313333
1.260127719939906	0.05180018	2.5217183981266666
1.2618730491919004	0.05052429333333334	2.5121812206266667
1.2636183784438946	0.049329975666666664	2.5053721739099997
1.2653637076958888	0.04524864199999999	2.4995185422066664
1.267109036947883	0.03831212	2.4948441809100004
1.2688543661998777	0.03148829733333333	2.4936170683566665
1.270599695451872	0.025651924666666666	2.4953732104866666
1.2723450247038663	0.02085153333333333	2.498359440503333
1.2740903539558606	0.018690603	2.5022762446166666
1.2758356832078548	0.019732054333333332	2.50618904582
1.2775810124598492	0.022821072333333334	2.5080998324599997
1.2793263417118435	0.028085583333333334	2.5079776041666664
1.2810716709638381	0.03518809666666667	2.5061159406766667
1.282817000215832	0.04099960666666666	2.50085444088
1.2845623294678261	0.04343001966666667	2.4918748195
1.286307658719821	0.043853131	2.4819533657533333
1.288052987971815	0.042734602666666656	2.4726315785899997
1.2897983172238097	0.03879635866666666	2.463552411523333
1.2915436464758039	0.03321914533333333	2.455961533156666
1.293288975727798	0.0292964015	2.45198376188
1.2950343049797923	0.028437097346666666	2.451638876613333
1.296779634231787	0.03091734773333333	2.4542919947166664
1.2985249634837812	0.03753962486666666	2.459638143396666
1.3002702927357757	0.04804356933333333	2.466122509093333
1.3020156219877699	0.06065831066666666	2.4716655504633334
1.3037609512397643	0.07396219366666666	2.475580747116666
1.3055062804917585	0.08627775099999999	2.47696164123
1.3072516097437528	0.09519345333333332	2.4742498072066663
1.308996938995747	0.09953320333333333	2.467530913813333
1.3107422682477412	0.09990836666666666	2.45834395076
1.3124875974997359	0.09706076999999999	2.44772776124
1.31423292675173	0.09241389	2.4374102293399997
1.3159782560037245	0.08852028	2.4298645876466667
1.3177235852557188	0.08737556333333332	2.425980486563333
1.319468914507713	0.09011004666666667	2.4258646975666665
1.3212142437597074	0.09817274666666667	2.430902708826667
1.3229595730117016	0.11160171666666666	2.4408394323166664
1.3247049022636959	0.12798366333333333	2.4523419372533333
1.3264502315156905	0.14491928999999998	2.4629428587866666
1.3281955607676847	0.16090308	2.4720106996099998
1.3299408900196792	0.17345252999999997	2.4773811076366665
1.3316862192716734	0.1804751	2.47681955762
1.3334315485236676	0.18206686666666666	2.47077015571
1.3351768777756619	0.17874769999999998	2.460067472953333
1.336922207027656	0.17134786666666668	2.4453639532366664
1.338667536279651	0.1635546	2.4304517991899997
1.3404128655316452	0.15909252666666665	2.419373032663333
1.3421581947836396	0.15803619666666666	2.41203873742
1.3439035240356338	0.16061406333333333	2.408738173083333
1.345648853287628	0.16980589999999998	2.4133110986699995
1.3473941825396225	0.1852522	2.4258326339399994
1.3491395117916167	0.2017868333333333	2.4406407611133334
1.350884841043611	0.2164079	2.45445316354
1.3526301702956052	0.2290693333333333	2.46717746942
1.3543754995475994	0.2372726	2.4754101290033335
1.356120828799594	0.2382641	2.475037437133333
1.3578661580515883	0.23311863333333332	2.466310211183333
1.3596114873035827	0.22340606666666665	2.45028516214
1.361356816555577	0.20998856666666668	2.427577921256667
1.3631021458075712	0.19713956666666665	2.4032066630566664
1.3648474750595656	0.18914923666666664	2.3829411933299998
1.3665928043115598	0.18491594666666666	2.3672070738
1.3683381335635545	0.1836982266666667	2.3571627377666666
1.3700834628155487	0.1893777233333333	2.35886623855
1.371828792067543	0.2016362	2.3731814065233334
1.3735741213195374	0.21337886666666664	2.39283816267
1.3753194505715316	0.22126973333333333	2.41356139497
1.377064779823526	0.2272961	2.435416929203333
1.3788101090755203	0.22960786666666666	2.4534958127366666
1.3805554383275145	0.22425246666666668	2.46068398665
1.3823007675795091	0.21264496666666668	2.4557344111133332
1.384046096831503	0.19805656666666666	2.4397488798566664
1.3857914260834978	0.1813659333333333	2.4129320743766662
1.387536755335492	0.16555831333333332	2.3798844231
1.3892820845874863	0.15463785	2.3474794192366666
1.3910274138394805	0.14765729666666666	2.31814318905
1.3927727430914747	0.14324676333333333	2.2948265636866667
1.3945180723434691	0.14483232333333335	2.28539710282
1.3962634015954638	0.15231545	2.29249206403
1.398008730847458	0.15852806666666666	2.3097499036366664
1.3997540600994525	0.16026266666666666	2.3331377298766665
1.4014993893514467	0.16080583333333331	2.3628346572033334
1.4032447186034411	0.15924343333333335	2.39304982576
1.4049900478554354	0.1509318	2.414248005596667
1.4067353771074296	0.13707056333333334	2.42291090412
1.4084807063594238	0.12224580666666665	2.41908067285
1.410226035611418	0.10735548	2.4015317097266666
1.4119713648634127	0.09314879333333333	2.3725004902166664
1.413716694115407	0.08258827333333332	2.33803675713
1.4154620233674011	0.07586959333333332	2.3021306126566667
1.4172073526193956	0.07155377333333333	2.2690901600599998
1.4189526818713898	0.07131068	2.247127256033333
1.420698011123384	0.07511427	2.24062631369
1.4224433403753782	0.07780101	2.24643650083
1.4241886696273727	0.07690234666666666	2.262384857416667
1.4259339988793673	0.0753482	2.2889003705
1.4276793281313616	0.07300203999999999	2.3207574959299997
1.429424657383356	0.06615013666666665	2.3487432265333332
1.4311699866353502	0.05565136999999999	2.368060132223333
1.4329153158873444	0.04578736666666666	2.37694830864
1.4346606451393389	0.03734814	2.3725811593533335
1.436405974391333	0.02959219133333333	2.3547733884066666
1.4381513036433278	0.024071175333333333	2.3272888840099997
1.439896632895322	0.021688579	2.2937958978033333
1.4416419621473162	0.021306804999999998	2.2586806931399996
1.4433872913993107	0.02269354833333333	2.2291081665066663
1.4451326206513049	0.02554767033333333	2.2100469856266667
1.446877949903299	0.02756276566666667	2.2018087748533333
1.4486232791552933	0.027499246666666664	2.204752319833333
1.4503686084072875	0.026641236666666665	2.219548622563333
1.452113937659282	0.02517693333333333	2.2425402779466665
1.4538592669112762	0.021988156666666665	2.2675870076699995
1.4556045961632709	0.017968633333333334	2.2903963275
1.457349925415265	0.015197842999999999	2.3072118160199997
1.4590952546672595	0.014125767333333332	2.3141262178533335
1.460840583919254	0.014584761799999998	2.3101881099233332
1.4625859131712482	0.016975166666666666	2.2965852155633333
1.4643312424232424	0.021115353666666663	2.27424411688
1.4660765716752366	0.026145055	2.246194442563333
1.4678219009272309	0.03143232433333333	2.21826408901
1.4695672301792255	0.036172780999999994	2.1945008728233333
1.4713125594312197	0.039625098666666664	2.1765592684933335
1.4730578886832142	0.041791215666666666	2.1667727686366667
1.4748032179352084	0.04263502	2.1664941270133333
1.4765485471872026	0.04216597	2.1738871862533333
1.478293876439197	0.04188909666666666	2.186792568673333
1.480039205691191	0.043198960999999994	2.203082689366667
1.481784534943186	0.04538575533333333	2.218113569893333
1.4835298641951802	0.04833929166666666	2.22797753433
1.4852751934471744	0.05409500666666667	2.2329645312633333
1.4870205226991688	0.06265585666666666	2.2327271770533335
1.488765851951163	0.07118294333333333	2.22430471707
1.4905111812031575	0.07883462333333333	2.208605482576666
1.4922565104551517	0.08673209	2.1907731289133334
1.494001839707146	0.09375862999999998	2.1729412837133326
1.4957471689591406	0.09826752666666666	2.154979502623333
1.4974924982111348	0.10105505666666666	2.1396853553199997
1.4992378274631293	0.10261938333333333	2.12970626454
1.5009831567151235	0.10254216666666667	2.1243924583266667
1.5027284859671177	0.10296471666666665	2.123887922173333
1.504473815219112	0.10590405666666666	2.1286587769566663
1.5062191444711062	0.10924886	2.1350954074666664
1.5079644737231006	0.11220575666666666	2.1401741054066665
1.5097098029750948	0.11864985666666666	2.1460423922133334
1.511455132227089	0.12891283999999997	2.15236145042
1.5132004614790837	0.13762572333333334	2.1533430806233333
1.514945790731078	0.14364387	2.14803341114
1.5166911199830724	0.15083925666666667	2.1416663950533334
1.5184364492350666	0.15829116666666665	2.13464662146
1.520181778487061	0.1617166	2.123304893203333
1.5219271077390553	0.16203760333333334	2.1096006418099997
1.5236724369910495	0.16224846999999998	2.098017635643333
1.5254177662430441	0.16168601999999999	2.088376759226666
1.5271630954950384	0.16044900333333334	2.08036760466
1.5289084247470326	0.16086139666666666	2.076293153563333
1.530653753999027	0.16204593	2.075410661133333
1.5323990832510213	0.16267039333333333	2.0758296182799993
1.5341444125030157	0.16611781	2.0801341554466664
1.53588974175501	0.1733267666666667	2.0888054312866666
1.537635071007004	0.17860514333333333	2.0956906368066663
1.5393804002589988	0.18034847666666665	2.09854789476
1.541125729510993	0.1838435	2.10214729534
1.5428710587629875	0.18881206666666664	2.1058240327599997
1.5446163880149817	0.18895316666666664	2.1029788445766666
1.546361717266976	0.18476196666666667	2.0940872029233333
1.5481070465189704	0.18188113333333333	2.0850432790799998
1.5498523757709646	0.17987206333333333	2.0758933494666665
1.5515977050229588	0.17569928333333332	2.0644823849266665
1.553343034274953	0.17148498	2.0540098947766663
1.5550883635269477	0.16938341	2.047528911093333
1.556833692778942	0.16796259333333333	2.04448517617
1.5585790220309363	0.16781090666666665	2.0463363202033333
1.5603243512829306	0.17022653999999998	2.0545711055866667
1.5620696805349248	0.17186593333333333	2.0652021801633333
1.563815009786919	0.17076380000000002	2.075368120413333
1.5655603390389135	0.17085156666666668	2.0878292207899998
1.5673056682909077	0.172477	2.101199456853333
1.5690509975429023	0.1697629333333333	2.1079055556666666
1.5707963267948966	0.1625009	2.1065703849666666
1.5725416560468908	0.15686793333333332	2.1024709550233336
1.5742869852988854	0.15297446666666667	2.0955002312966666
1.5760323145508797	0.1460942	2.08207270572
1.5777776438028739	0.13777608666666666	2.0653815914499996
1.579522973054868	0.13265247666666663	2.0513772492699998
1.5812683023068623	0.12977072666666667	2.041090741653333
1.583013631558857	0.12683678999999998	2.03499503952
1.5847589608108512	0.12511891	2.0358153937833334
1.5865042900628454	0.12466193333333334	2.0432307894766666
1.5882496193148399	0.12355798000000001	2.0549822367466666
1.589994948566834	0.12264533666666667	2.0715133588666665
1.5917402778188283	0.12248946000000001	2.0912017126
1.5934856070708228	0.11974137666666665	2.1074750981433334
1.5952309363228174	0.11354174333333333	2.1172194991866666
1.5969762655748112	0.10791823666666664	2.1228381054899996
1.5987215948268054	0.10335323666666665	2.12320305569
1.6004669240788003	0.09594285333333333	2.1140401208433333
1.6022122533307945	0.08650656999999998	2.0972470006366666
1.603957582582789	0.07971194	2.0788117457566666
1.6057029118347832	0.07536192	2.0606219190333332
1.6074482410867772	0.07038919999999999	2.04309673621
1.6091935703387716	0.06579937333333333	2.0299773248733333
1.6109388995907659	0.06373647333333333	2.02416165071
1.6126842288427607	0.06292595333333333	2.0252859756233335
1.614429558094755	0.061947543333333334	2.033287575256667
1.6161748873467492	0.06123161666666666	2.0474846984866666
1.6179202165987434	0.06013411666666667	2.0638147528933333
1.6196655458507376	0.05763005333333333	2.078892284583333
1.621410875102732	0.05468234333333333	2.092351477153333
1.6231562043547263	0.05166957666666666	2.1019444420099997
1.624901533606721	0.04699806366666666	2.1033771145799998
1.6266468628587152	0.04091360633333333	2.0964946107299998
1.6283921921107094	0.03577294066666666	2.0844897619866662
1.630137521362704	0.031787735666666664	2.06838362407
1.6318828506146983	0.027529558666666665	2.0486252685566666
1.6336281798666925	0.023670943	2.0286086656533335
1.6353735091186867	0.021696961666666667	2.0117044194599996
1.637118838370681	0.02110353	1.99909901636
1.6388641676226756	0.020923066666666663	1.9921257264599999
1.6406094968746698	0.02132447	1.9916723452566665
1.642354826126664	0.022225236666666665	1.995980050963333
1.6441001553786583	0.023014155999999997	2.00323591114
1.6458454846306525	0.023592170666666665	2.0131671665266664
1.647590813882647	0.023923548333333336	2.023684054493333
1.6493361431346412	0.02367162333333333	2.0309585910699997
1.6510814723866354	0.023037267666666666	2.0338080501033335
1.6528268016386303	0.02240368933333333	2.032988508223333
1.654572130890624	0.021762374	2.0278066095166665
1.6563174601426187	0.021524550000000003	2.017871654646666
1.6580627893946132	0.022233092	2.0050130018966668
1.6598081186466074	0.02331404033333333	1.9906879535733335
1.6615534478986018	0.024466373666666666	1.9757277361333332
1.663298777150596	0.026815827066666666	1.9625182490133333
1.6650441064025903	0.03038328443333333	1.9526929224633334
1.6667894356545845	0.033312418999999996	1.9450130049866665
1.6685347649065787	0.03543751099999999	1.9394320709
1.6702800941585736	0.03843568666666666	1.9382375707099997
1.6720254234105678	0.04198937666666667	1.94080032273
1.673770752662562	0.044489505666666665	1.94368870393
1.6755160819145563	0.04660791876666666	1.9465472481866666
1.6772614111665505	0.04969206673333333	1.9509566938233331
1.679006740418545	0.053281959633333334	1.9554707960899997
1.6807520696705391	0.05725397733333333	1.9579130389566664
1.6824973989225334	0.062454174333333334	1.9588240191666666
1.684242728174528	0.06807256333333334	1.9584481422166669
1.6859880574265222	0.07324576	1.9557320615266667
1.6877333866785167	0.07954662666666666	1.95149203201
1.6894787159305111	0.08709301666666665	1.9466792865266669
1.6912240451825054	0.09262861	1.9394952018366667
1.6929693744344996	0.09569906333333333	1.9299055517666668
1.6947147036864938	0.09973238333333334	1.9216495933366666
1.6964600329384885	0.10454763	1.9155585160366666
1.6982053621904827	0.10650414999999999	1.9086579265666668
1.6999506914424771	0.10663100333333332	1.9021213949366667
1.7016960206944713	0.10909001666666665	1.9005315331833332
1.7034413499464653	0.11348827333333333	1.9035538008633335
1.7051866791984598	0.11736479999999999	1.9077703983099998
1.706932008450454	0.12216305333333333	1.9138936805499998
1.708677337702449	0.12965987999999998	1.9236314405966666
1.7104226669544431	0.13839816	1.9345641810066665
1.7121679962064373	0.14754306	1.9440327081333333
1.7139133254584316	0.1574818	1.95175406967
1.7156586547104258	0.1661916	1.956116797
1.7174039839624204	0.17213746666666666	1.955274001776667
1.7191493132144147	0.17740303333333332	1.95075602927
1.7208946424664089	0.1821269	1.9436168828166664
1.722639971718403	0.18264376666666665	1.9318901247766664
1.7243853009703973	0.17950746666666664	1.9171096430666668
1.726130630222392	0.17787429999999999	1.9052160815899999
1.7278759594743864	0.17812623333333333	1.8979073245899998
1.7296212887263807	0.17670426666666664	1.89259559849
1.7313666179783749	0.17540763333333334	1.8911587728800001
1.733111947230369	0.17883383333333336	1.89792533345
1.7348572764823635	0.18587826666666665	1.91113114455
1.7366026057343578	0.19306353333333331	1.9258892451699998
1.738347934986352	0.20102713333333333	1.941308936133333
1.7400932642383462	0.21063503333333333	1.95708876218
1.7418385934903404	0.21945949999999997	1.9695021337799998
1.7435839227423353	0.22592013333333333	1.9756859866533332
1.7453292519943295	0.23019256666666665	1.9755455255333332
1.7470745812463238	0.23083876666666664	1.9683147687033333
1.7488199104983182	0.22719973333333332	1.9540918851833333
1.7505652397503124	0.2219414	1.9365205669633334
1.7523105690023066	0.21623483333333332	1.9184543192233332
1.7540558982543013	0.20820166666666667	1.8998235329966668
1.7558012275062955	0.1993286	1.8833398547466667
1.75754655675829	0.19429953333333333	1.8744516957366666
1.7592918860102842	0.19335886666666668	1.8738153089833331
1.7610372152622784	0.19327233333333332	1.8779499407066667
1.7627825445142726	0.19476856666666664	1.88669047506
1.7645278737662669	0.20040666666666668	1.9013403862999998
1.7662732030182617	0.2080881333333333	1.9183298303733332
1.768018532270256	0.21395506666666667	1.93232873751
1.7697638615222502	0.2177886	1.9419277176266665
1.7715091907742444	0.22016603333333332	1.94686013911
1.7732545200262386	0.21940240000000003	1.9450977474533335
1.7749998492782333	0.21452303333333334	1.9360179145433332
1.7767451785302275	0.206602	1.9214356699466664
1.7784905077822217	0.1962187	1.90273382923
1.780235837034216	0.18400576666666668	1.8817162622799999
1.7819811662862102	0.1722164	1.8621228792766664
1.7837264955382048	0.16232499999999997	1.8463842010133331
1.785471824790199	0.15378298333333335	1.8342444204299997
1.7872171540421935	0.14730628333333334	1.826806544853333
1.7889624832941877	0.14496633666666667	1.8264705344533332
1.790707812546182	0.14613911666666668	1.8321206700299997
1.7924531417981764	0.14801713333333333	1.84004168359
1.7941984710501706	0.15005921	1.8491376166499998
1.7959438003021653	0.15306979666666667	1.85965152145
1.7976891295541597	0.15537326666666665	1.8690739442533335
1.7994344588061533	0.15437228999999997	1.8742879812966664
1.8011797880581482	0.15019611666666666	1.8751658195499998
1.8029251173101424	0.14408858666666666	1.8724354992066667
1.8046704465621368	0.13577707666666666	1.86562216645
1.806415775814131	0.12502316666666666	1.8549986113266663
1.8081611050661253	0.1132739	1.8421653199566665
1.8099064343181195	0.10193820666666666	1.82810332422
1.8116517635701137	0.09155772666666664	1.8138146285033332
1.8133970928221086	0.08292766666666666	1.801402067293333
1.8151424220741028	0.0768076	1.7920690787766667
1.816887751326097	0.07285821666666666	1.78533776867
1.8186330805780913	0.07078479666666666	1.7818636019433334
1.8203784098300855	0.07092835333333333	1.7833576528433333
1.82212373908208	0.07261023	1.7892978867833333
1.8238690683340746	0.07401514666666667	1.7974837848966667
1.8256143975860688	0.07460625333333332	1.8075094059566665
1.827359726838063	0.07494387999999999	1.819675132203333
1.8291050560900572	0.07432747666666666	1.8320855001766667
1.830850385342052	0.07139829233333334	1.8421843309733332
1.8325957145940461	0.066610803	1.849306878423333
1.8343410438460404	0.061240743333333326	1.8531692609566666
1.8360863730980346	0.05529898566666667	1.8526942568166664
1.8378317023500288	0.04854563166666666	1.8476644710266665
1.8395770316020235	0.04196717933333333	1.8390738702366667
1.8413223608540177	0.036447999999999994	1.82768057707
1.843067690106012	0.032024801666666665	1.8148412060566668
1.8448130193580063	0.028943573333333333	1.8032400097
1.8465583486100006	0.027565550999999997	1.7947642274866666
1.8483036778619948	0.02738985133333333	1.7897233763733333
1.850049007113989	0.028091831666666667	1.7893721107199998
1.8517943363659835	0.030089869999999998	1.7955486240399998
1.8535396656179781	0.03296235333333333	1.8074678349966666
1.8552849948699723	0.03530705333333334	1.8223887214333332
1.8570303241219668	0.03698318666666666	1.8390319803266666
1.858775653373961	0.03876271333333334	1.8565856267066665
1.8605209826259552	0.04012544999999999	1.8722290172399998
1.8622663118779497	0.04000613	1.8829508610833332
1.8640116411299439	0.038909313333333334	1.8879905900266665
1.865756970381938	0.03771946333333333	1.8872939005699998
1.8675022996339323	0.03623445333333333	1.8806193972633332
1.8692476288859265	0.034379923333333326	1.8690756353366667
1.8709929581379214	0.03286396333333333	1.8548200050766666
1.8727382873899157	0.031807989999999994	1.8393719295999997
1.8744836166419099	0.031141210000000003	1.8247616918166667
1.876228945893904	0.03157284	1.81401980117
1.8779742751458983	0.03323284666666666	1.8084240604433335
1.8797196043978928	0.03499196	1.8069839566633334
1.881464933649887	0.03682828666666666	1.8097818323233332
1.8832102629018816	0.0398866	1.8175864785533333
1.8849555921538759	0.04365333333333333	1.828318440643333
1.88670092140587	0.046434826666666665	1.8382878017433333
1.8884462506578648	0.04857799666666666	1.8463007495900001
1.890191579909859	0.05137923666666666	1.8523304584533333
1.8919369091618532	0.05420161333333333	1.8545324892066664
1.8936822384138474	0.055890333333333334	1.851211955733333
1.8954275676658416	0.057153106666666675	1.8433052128966665
1.8971728969178363	0.058788646666666666	1.8322510833766668
1.8989182261698305	0.060333250000000005	1.8186606645199999
1.900663555421825	0.0616772	1.8038909027666667
1.9024088846738192	0.06334659333333333	1.7898015987633333
1.9041542139258134	0.06500055333333334	1.7770248585566666
1.9058995431778076	0.06646231666666666	1.7662445902066666
1.9076448724298019	0.06865367333333333	1.7589643641133332
1.9093902016817967	0.07157962999999999	1.75507902822
1.911135530933791	0.07388537333333332	1.7526392485199997
1.9128808601857852	0.07585963999999999	1.7513341755299998
1.9146261894377794	0.07911763666666666	1.7521135453966665
1.9163715186897738	0.08319980333333332	1.75363762872
1.9181168479417683	0.08638412333333331	1.7534027583733334
1.9198621771937625	0.08931272000000001	1.7516492409666666
1.9216075064457567	0.09354842333333332	1.7497703439066665
1.923352835697751	0.09832521999999999	1.7469665116466664
1.9250981649497452	0.10219354666666666	1.7419951505866664
1.92684349420174	0.10579881999999999	1.7358923041866667
1.9285888234537343	0.11002299	1.72993359001
1.9303341527057285	0.11417316333333333	1.7238483438433332
1.9320794819577227	0.11764464333333333	1.7174944167666664
1.933824811209717	0.12094641333333334	1.71169896039
1.9355701404617114	0.12421982333333333	1.706738381793333
1.9373154697137056	0.12725536333333332	1.7025845943566664
1.9390607989656998	0.13042726999999998	1.6998323994666666
1.9408061282176947	0.13398028666666667	1.6987300521966664
1.9425514574696887	0.13741484666666665	1.6986216631633333
1.9442967867216832	0.14088696666666667	1.6996618160266665
1.9460421159736774	0.14519161333333333	1.70270183507
1.9477874452256718	0.15008544333333332	1.7072857835566666
1.949532774477666	0.15456983333333332	1.7120524645066668
1.9512781037296603	0.15885056666666664	1.7170150199233334
1.953023432981655	0.16365453333333335	1.7227256456633333
1.9547687622336491	0.16846223333333332	1.7282707916733333
1.9565140914856434	0.17227883333333333	1.7322634966233332
1.9582594207376378	0.17542259999999998	1.7348553050333333
1.960004749989632	0.17861296666666665	1.73665433142
1.9617500792416263	0.18153229999999998	1.73727210878
1.9634954084936205	0.18357003333333333	1.73627648862
1.9652407377456147	0.1851855	1.734438221
1.9669860669976096	0.18710876666666668	1.7327354958166667
1.9687313962496038	0.1891964	1.731476830983333
1.970476725501598	0.1909414333333333	1.73085168286
1.9722220547535922	0.19265503333333334	1.731547366553333
1.9739673840055865	0.1948913	1.7340965052000001
1.9757127132575811	0.19736663333333332	1.7384362517366665
1.9774580425095754	0.19936500000000001	1.74417740705
1.9792033717615696	0.2010226	1.7510670401166666
1.9809487010135638	0.20280369999999998	1.758709275083333
1.982694030265558	0.20434153333333333	1.7663464508633333
1.9844393595175527	0.2049352	1.7730635042199998
1.9861846887695471	0.20484753333333333	1.77828764556
1.9879300180215413	0.2045948333333333	1.7816019019866665
1.9896753472735356	0.20392306666666662	1.78256198178
1.9914206765255298	0.20247156666666669	1.7808883638633333
1.9931660057775242	0.20063706666666664	1.7767912646533333
1.9949113350295185	0.19870226666666668	1.7706272587533332
1.9966566642815133	0.196511	1.7628501351166666
1.9984019935335076	0.19415806666666663	1.7541579132966665
2.0001473227855016	0.19187690000000002	1.7453405034433331
2.0018926520374962	0.18932806666666663	1.7368684197033333
2.0036379812894904	0.18648883333333333	1.7293449441266664
2.0053833105414847	0.18400660000000002	1.7235539156233335
2.0071286397934793	0.18178849999999996	1.7196829745266666
2.0088739690454736	0.17883916666666666	1.7171716245333333
2.0106192982974678	0.17543580000000003	1.7159504594733335
2.012364627549462	0.17277396666666667	1.7162754073
2.014109956801456	0.17043226666666667	1.717370443003333
2.0158552860534504	0.16699442666666664	1.7177593946133334
2.0176006153054447	0.16305404999999998	1.717161141803333
2.019345944557439	0.16006404	1.7159323886166666
2.021091273809433	0.15734262	1.7133052191433333
2.022836603061428	0.15340445333333333	1.7081230033166666
2.0245819323134224	0.14901322	1.7008830549633331
2.0263272615654166	0.14549646666666666	1.6927203456666666
2.028072590817411	0.14212033666666668	1.68357882743
2.029817920069405	0.13773493666666664	1.6731313347233332
2.0315632493213998	0.13311215999999998	1.6624847564933334
2.033308578573394	0.12919365666666666	1.6529483278366666
2.035053907825388	0.12543547	1.6446322271533333
2.036799237077383	0.12126454333333332	1.63738904557
2.0385445663293766	0.11728026333333333	1.63193960997
2.0402898955813713	0.11388126666666666	1.6288068605566668
2.0420352248333655	0.11078461333333334	1.62769958286
2.0437805540853597	0.10794307333333333	1.6282898541699997
2.045525883337354	0.10560464333333333	1.6306117376566664
2.047271212589348	0.10355626333333331	1.6343472393533331
2.0490165418413424	0.10170101666666666	1.6390363843666667
2.0507618710933366	0.10035426333333333	1.6444830037433333
2.052507200345331	0.09937254333333334	1.6503415827299999
2.054252529597326	0.09800644666666665	1.6557995903233333
2.05599785884932	0.09633595333333334	1.6605708504266663
2.0577431881013144	0.09503965666666667	1.6648765109333334
2.0594885173533086	0.09375460999999999	1.6682739555700001
2.0612338466053033	0.09141055666666666	1.6697877826466665
2.0629791758572975	0.08841688666666665	1.6696612717033332
2.0647245051092917	0.08598462666666665	1.6689028703299997
2.0664698343612864	0.08372214	1.667402667533333
2.0682151636132806	0.08037957999999999	1.6644785378566667
2.069960492865275	0.07675875333333333	1.6612067633333334
2.071705822117269	0.07455176666666666	1.6594245566299999
2.0734511513692633	0.07320552	1.6592202424433333
2.0751964806212575	0.07115414033333334	1.6598621068066666
2.0769418098732517	0.06932448899999999	1.6624493642866667
2.078687139125246	0.06943126433333333	1.6684308069633333
2.080432468377241	0.07046311233333333	1.6769478935766664
2.0821777976292353	0.07050625066666666	1.68625360783
2.08392312688123	0.07037438366666665	1.6963877454966667
2.0856684561332237	0.071423468	1.7075156139499996
2.087413785385218	0.07239285366666666	1.7178426897299999
2.0891591146372126	0.07165193033333334	1.72537960933
2.090904443889207	0.07005578333333333	1.7299877675166666
2.0926497731412015	0.06856823166666666	1.73174266008
2.0943951023931957	0.06635822633333333	1.729872884273333
2.0961404316451895	0.06291326766666666	1.7242297344933333
2.097885760897184	0.05913604166666667	1.71586434266
2.0996310901491784	0.05535650566666667	1.7056279925766664
2.1013764194011726	0.051438463000000004	1.6943964963233331
2.103121748653167	0.04806569766666667	1.6836979424899998
2.104867077905161	0.045581773666666665	1.6746095255499998
2.1066124071571553	0.043120093666666665	1.6671541312733331
2.1083577364091495	0.040967594999999996	1.6620379166233334
2.1101030656611446	0.04051404	1.66038600112
2.111848394913139	0.04109032	1.66148893999
2.113593724165133	0.04065626	1.6634325227466666
2.1153390534171272	0.03989105666666667	1.6660547394999998
2.1170843826691215	0.04065774	1.6698466347966665
2.118829711921116	0.04167328666666667	1.6731546080633333
2.1205750411731104	0.040583336666666664	1.6737455998766664
2.1223203704251046	0.038658276666666665	1.6720296246266664
2.124065699677099	0.03809456333333333	1.669199273873333
2.1258110289290935	0.03759955333333333	1.6644023111566668
2.1275563581810877	0.03521629666666666	1.6565963502
2.129301687433082	0.03251585	1.647212208493333
2.131047016685076	0.03147132999999999	1.6379980403966665
2.1327923459370703	0.030914346666666665	1.6287652023066663
2.1345376751890646	0.02937403	1.6191282671866667
2.1362830044410597	0.028116186666666668	1.610377047623333
2.138028333693054	0.028368493333333335	1.6036562628999997
2.139773662945048	0.029121393333333332	1.5986383694
2.141518992197043	0.029399305666666667	1.5948962709733332
2.143264321449037	0.02997290133333333	1.5930031346066666
2.1450096507010312	0.031360975666666666	1.593281815853333
2.1467549799530254	0.032931849666666665	1.59526872132
2.1485003092050197	0.03432539999999999	1.5985404723466667
2.1502456384570143	0.035949089	1.60311983733
2.1519909677090086	0.037806432	1.6087249357633333
2.1537362969610028	0.03969238933333333	1.6148272646766666
2.155481626212997	0.04180498	1.6210209760333332
2.157226955464991	0.044188007333333335	1.6268931591066664
2.1589722847169854	0.04629416333333334	1.6317126261233332
2.1607176139689797	0.04822104666666666	1.6350944199566666
2.162462943220974	0.05064920666666667	1.6370558876366665
2.164208272472968	0.053237443333333336	1.6373183597266667
2.1659536017249623	0.054870379999999996	1.6353424503766665
2.1676989309769574	0.05602275333333334	1.6316271254933334
2.1694442602289516	0.057998426666666665	1.6273300190399997
2.171189589480946	0.06015205333333332	1.6227386121033334
2.17293491873294	0.06089226333333332	1.6176223486566665
2.1746802479849343	0.06120964466666666	1.6132129962333333
2.176425577236929	0.06304836533333333	1.6112348059633332
2.178170906488923	0.06540290733333333	1.61153317677
2.179916235740918	0.06623116733333334	1.6129999014466665
2.1816615649929116	0.06691844899999999	1.6163331260066667
2.183406894244906	0.06969973933333333	1.62253379184
2.1851522234969005	0.07310545999999998	1.6300725804566665
2.1868975527488947	0.07479893666666666	1.6366041100166666
2.188642882000889	0.07633720999999999	1.6422586249299997
2.190388211252883	0.07982691	1.647659882993333
2.1921335405048774	0.08355958333333333	1.6510434542533332
2.1938788697568716	0.08541783333333333	1.65047406416
2.1956241990088667	0.08697078333333333	1.6469122943599999
2.197369528260861	0.08986916666666667	1.6418096991466666
2.199114857512855	0.09262070333333333	1.6345833862433334
2.20086018676485	0.09387726999999998	1.6247916117233334
2.202605516016844	0.09494745666666667	1.6142635696333332
2.2043508452688383	0.09668005999999998	1.60469158031
2.206096174520833	0.09813519333333333	1.5960629831366666
2.207841503772827	0.09899135666666666	1.5884420073099998
2.2095868330248214	0.099953731	1.5828967142833332
2.2113321622768156	0.10085085233333335	1.5797614256133334
2.21307749152881	0.10149357466666667	1.5785397965266665
2.214822820780804	0.10262167433333332	1.57902795402
2.2165681500327983	0.10418405133333333	1.5809528973633333
2.2183134792847925	0.10505355	1.5832760143666667
2.2200588085367867	0.10584670433333333	1.5855758604033332
2.221804137788781	0.1081832	1.5881606735133333
2.223549467040776	0.11123225333333334	1.5903384633399997
2.2252947962927703	0.11305542666666668	1.5907551012966668
2.2270401255447645	0.11485632999999998	1.5899589257633333
2.2287854547967587	0.11872850333333332	1.589340818333333
2.230530784048753	0.12309725333333332	1.5882061182933334
2.2322761133007476	0.12541639999999998	1.5851152222333333
2.234021442552742	0.12724210666666666	1.5813861933899998
2.235766771804736	0.13087964666666665	1.5790302521566666
2.2375121010567303	0.13434768333333333	1.5770500414066666
2.239257430308725	0.13498525666666666	1.5737222236966666
2.241002759560719	0.13473891333333332	1.57071574312
2.2427480888127134	0.13612669666666666	1.5702376293966664
2.2444934180647076	0.13725154333333334	1.5709845847866666
2.246238747316702	0.13583203666666666	1.5710979188266665
2.247984076568696	0.13410518	1.5723472861666665
2.2497294058206903	0.13451402666666668	1.5767149759566665
2.2514747350726845	0.1353310133333333	1.5825292071
2.2532200643246787	0.1346941333333333	1.58775594858
2.254965393576674	0.13455762333333332	1.5936683662099997
2.256710722828668	0.1365937133333333	1.6013448307033333
2.2584560520806622	0.13911149333333334	1.6087389852833334
2.260201381332657	0.14067156666666664	1.6139291088366665
2.261946710584651	0.14248320666666664	1.6176672877566667
2.2636920398366454	0.14508179	1.6203576593933333
2.26543736908864	0.14718779999999998	1.6206864766466667
2.2671826983406342	0.1483107	1.6181522880066668
2.2689280275926285	0.1489871333333333	1.6137767715333333
2.2706733568446227	0.1487926333333333	1.6080036894299998
2.272418686096617	0.14753259999999999	1.6011737721633335
2.274164015348611	0.14617586666666665	1.5946022276966665
2.2759093446006062	0.14461793333333334	1.5890833145033332
2.2776546738525996	0.14154132666666666	1.584239271423333
2.279400003104594	0.13796397333333332	1.5810078322599996
2.281145332356588	0.13607923333333333	1.5810088697733333
2.2828906616085836	0.13480065666666666	1.5832005893133332
2.284635990860578	0.13177643666666666	1.58518421086
2.286381320112572	0.12884757	1.5875574316466665
2.288126649364566	0.12879660333333331	1.5916450270066664
2.28987197861656	0.12945524999999997	1.5949454037166666
2.291617307868555	0.1277008533333333	1.5942459232166666
2.2933626371205493	0.12589855333333333	1.5909854101733334
2.2951079663725436	0.12699628333333332	1.5874604367366667
2.2968532956245378	0.12823593666666666	1.5816554928899997
2.2985986248765315	0.12643946666666664	1.5714192055033334
2.300343954128526	0.12430381666666668	1.55972637617
2.3020892833805204	0.12465060666666666	1.5498631494299997
2.3038346126325147	0.12477316333333334	1.5404852345966664
2.305579941884509	0.12205431333333333	1.5301634803333333
2.307325271136503	0.11916452666666666	1.5218477242833333
2.309070600388498	0.11843605000000001	1.5180145030399999
2.3108159296404924	0.11762822	1.5169046136366666
2.3125612588924866	0.11495634	1.516850875703333
2.314306588144481	0.11261296	1.51948395275
2.316051917396475	0.11209803333333332	1.5256679888599998
2.3177972466484698	0.11180707666666664	1.5334080656
2.319542575900464	0.11079858000000001	1.5412482608666664
2.321287905152458	0.11041240999999999	1.5497756495166666
2.3230332344044524	0.11108354666666666	1.5587830662866664
2.324778563656447	0.11186919000000001	1.5669565792699998
2.3265238929084413	0.11260513	1.5738123992866666
2.3282692221604355	0.11362255666666665	1.5793446004966667
2.3300145514124297	0.11429375333333333	1.5827507217966663
2.331759880664424	0.11446667666666666	1.5839327679266664
2.333505209916418	0.11487291666666666	1.5837655123199998
2.3352505391684133	0.11501268666666666	1.5819942879533333
2.3369958684204075	0.11348965333333333	1.5776683745633333
2.3387411976724017	0.11120719333333332	1.5722411404533334
2.340486526924396	0.10995550666666665	1.5680418713466668
2.34223185617639	0.10860461666666667	1.564616713013333
2.343977185428385	0.10520127000000001	1.5607611124699998
2.345722514680379	0.10164320666666667	1.5587817157133332
2.3474678439323733	0.10048136666666665	1.5612972357233332
2.3492131731843675	0.09981686000000001	1.5665884174066664
2.3509585024363617	0.09707326000000001	1.57212435247
2.3527038316883564	0.09465588333333332	1.57955058836
2.3544491609403506	0.0952418	1.5903767849566668
2.356194490192345	0.09611945666666666	1.6012411321499997
2.357939819444339	0.09430554666666666	1.60858996729
2.3596851486963333	0.09238221666666666	1.6136708950699998
2.3614304779483275	0.09282496333333332	1.6176863389066665
2.3631758072003217	0.09270236999999999	1.61765890011
2.364921136452316	0.08938926999999999	1.6113301238900002
2.36666646570431	0.08557649666666667	1.6011007253799998
2.3684117949563044	0.08345195333333333	1.5891782482599999
2.3701571242083	0.08062198333333334	1.5745214481799998
2.371902453460294	0.07541640333333333	1.5569618549766666
2.373647782712288	0.07026911666666666	1.5394462511299998
2.375393111964282	0.06673103666666666	1.5240336556499998
2.3771384412162764	0.06319132333333333	1.5104693644133333
2.3788837704682715	0.05888096333333333	1.49902389373
2.3806290997202657	0.055348706666666664	1.4910914220666664
2.38237442897226	0.053116696666666664	1.4868684846466664
2.384119758224254	0.05128702333333333	1.4857510528866666
2.3858650874762484	0.04972754333333333	1.4876157392433331
2.3876104167282426	0.048868539999999995	1.4920122269933334
2.389355745980237	0.048294956666666666	1.4976717506166666
2.391101075232231	0.047831863333333335	1.5042593965466664
2.3928464044842253	0.047881263333333327	1.5119594460233332
2.3945917337362195	0.048040532000000004	1.5195624125466667
2.3963370629882146	0.047384018	1.5254660824666666
2.398082392240209	0.04644594266666666	1.5301830525
2.3998277214922035	0.04609540233333334	1.5345438114999999
2.4015730507441977	0.04548528166666666	1.5371993999666664
2.403318379996192	0.04351118533333333	1.5367159385466664
2.4050637092481866	0.04126695699999999	1.534434498043333
2.406809038500181	0.039981539999999996	1.531836589253333
2.408554367752175	0.03859578833333333	1.5278879903866667
2.4102996970041692	0.035930916	1.5217289588533334
2.4120450262561635	0.033440785	1.5155081747733334
2.4137903555081577	0.032571809	1.5112784494033331
2.415535684760152	0.032051756	1.5083648793499997
2.417281014012146	0.030529751999999997	1.5061985531166666
2.4190263432641403	0.029585918333333336	1.506869601403333
2.4207716725161346	0.030659605333333333	1.5119026576366665
2.4225170017681297	0.03213419133333333	1.5199413182633332
2.424262331020124	0.03240216933333333	1.5295774824866666
2.426007660272118	0.03301570733333333	1.54157279705
2.4277529895241123	0.035260908333333334	1.5559445386599997
2.4294983187761066	0.03728988166666666	1.5703491939766665
2.4312436480281012	0.037501138	1.5827473343233331
2.4329889772800954	0.037477378666666665	1.5930784430666665
2.4347343065320897	0.038398316	1.60089133488
2.436479635784084	0.038618064333333334	1.6045491044266664
2.438224965036078	0.03699595833333333	1.6032444194799997
2.4399702942880728	0.035132882666666664	1.5977014450066664
2.441715623540067	0.03404062766666666	1.5884510697099998
2.443460952792061	0.03256863066666666	1.5758135087199998
2.4452062820440554	0.030158148666666666	1.5608225751033333
2.4469516112960497	0.028060344333333327	1.5448427819166666
2.448696940548044	0.026813745	1.5287621087266665
2.450442269800038	0.025719493333333333	1.5137705193066666
2.4521875990520323	0.024580745333333334	1.50117638304
2.4539329283040274	0.02394730033333333	1.4913293045766667
2.4556782575560216	0.023768613999999997	1.4839747652466664
2.457423586808016	0.02374072533333333	1.4796924858299998
2.4591689160600105	0.023884051333333337	1.4788531389266666
2.4609142453120048	0.024161451666666667	1.4803515054733334
2.462659574563999	0.024237502666666664	1.482900234
2.464404903815993	0.024223358	1.4866313121866668
2.466150233067988	0.024323849999999998	1.4914934362066667
2.467895562319982	0.024288764999999997	1.4961389598333332
2.4696408915719763	0.023839738666666666	1.4995301165933332
2.4713862208239705	0.02335143333333333	1.5021424625566664
2.4731315500759647	0.02307548	1.50421890416
2.47487687932796	0.022777516666666667	1.5050628352933333
2.476622208579954	0.022308813333333333	1.5043852020100001
2.4783675378319483	0.02202185	1.5028866402366667
2.4801128670839416	0.022059906666666663	1.5008842388666666
2.481858196335936	0.022259703333333332	1.4981902969133334
2.4836035255879314	0.022523123333333332	1.49491275611
2.4853488548399256	0.023043233333333333	1.491504647013333
2.48709418409192	0.02386220333333333	1.4880804513
2.488839513343914	0.024869889999999995	1.4848263069766665
2.490584842595908	0.025934056666666667	1.4821403059433333
2.492330171847903	0.02715163333333333	1.4802718357933333
2.494075501099897	0.028568549999999998	1.4792703620833336
2.4958208303518914	0.03005206	1.47967873641
2.4975661596038856	0.03137709666666666	1.48204068609
2.49931148885588	0.032678806666666664	1.4862591259099998
2.501056818107874	0.03409450333333333	1.4920060432633335
2.5028021473598683	0.035406919999999995	1.4995650588366667
2.5045474766118625	0.036314889999999996	1.5089522991166666
2.5062928058638567	0.03710914	1.5192202426166665
2.508038135115851	0.038061866666666666	1.5292604976566664
2.509783464367846	0.038881523333333334	1.5387984048799999
2.5115287936198403	0.039250966666666665	1.5473749773699998
2.5132741228718345	0.039631103333333334	1.5537313386599998
2.5150194521238287	0.04038928	1.5568448605733334
2.516764781375823	0.04116295	1.5568985624366665
2.5185101106278176	0.04160317333333333	1.5541250586066664
2.520255439879812	0.04223424666666667	1.548230461523333
2.522000769131806	0.04342574333333333	1.5393611330133332
2.5237460983838007	0.04470085333333333	1.5287440295499999
2.525491427635795	0.04560101	1.51743807171
2.527236756887789	0.046646313333333335	1.5059398805233333
2.5289820861397834	0.04821292333333333	1.4949240424966663
2.5307274153917776	0.04969521666666667	1.48544643447
2.532472744643772	0.050502936666666665	1.4779908115933331
2.534218073895766	0.05125628	1.4726559135566666
2.535963403147761	0.052476176666666666	1.4695755511166664
2.5377087323997554	0.053438636666666664	1.4686327935499999
2.5394540616517496	0.05344486999999999	1.4691975847799998
2.541199390903744	0.05337646666666666	1.4710826211999999
2.542944720155738	0.053998809999999994	1.4742932890700002
2.5446900494077327	0.054413663333333334	1.4780490435766667
2.546435378659727	0.053797686666666664	1.48135473399
2.548180707911721	0.05333757	1.4846064262833334
2.5499260371637154	0.05398596333333333	1.4883245601433335
2.5516713664157096	0.05458144999999999	1.4914597913266665
2.5534166956677042	0.05415938666666667	1.49291226234
2.5551620249196985	0.05413182666666667	1.4936796154533332
2.5569073541716927	0.05549970966666666	1.4946091205833334
2.558652683423687	0.05685425633333333	1.4942896722433332
2.560398012675681	0.057161045	1.4915414243633331
2.5621433419276762	0.057930609999999993	1.48791657748
2.5638886711796696	0.06008773666666667	1.4846662838799998
2.565634000431664	0.06212450333333333	1.48047169837
2.567379329683658	0.06306865666666667	1.47456302818
2.5691246589356522	0.06437639666666667	1.4691777117466664
2.570869988187648	0.06679936666666667	1.465963652533333
2.572615317439642	0.06892623333333334	1.4637391255333334
2.5743606466916362	0.06996903333333333	1.4618286170166668
2.57610597594363	0.07118659666666666	1.4622479998533333
2.5778513051956247	0.07311017333333333	1.466014501773333
2.5795966344476193	0.07461747333333332	1.4712895866766664
2.5813419636996136	0.07520855666666666	1.4767158143999999
2.5830872929516078	0.07586033333333334	1.4833044064299998
2.584832622203602	0.07688577999999999	1.4911338626333333
2.586577951455596	0.07759219666666665	1.4980943549466668
2.5883232807075904	0.07781800666666666	1.5028865085066667
2.5900686099595847	0.078182303	1.5063862580266667
2.591813939211579	0.07874302999999999	1.50886634058
2.593559268463574	0.07925689	1.5092664563333333
2.595304597715568	0.07985411333333334	1.5073985041066664
2.5970499269675624	0.08067254666666666	1.5045219557299998
2.598795256219557	0.08142011	1.501235394503333
2.6005405854715513	0.08226866333333333	1.4973648356366667
2.6022859147235455	0.08359380333333333	1.4932236727500001
2.6040312439755398	0.08497244333333333	1.4894445057766668
2.6057765732275344	0.08573574333333334	1.4859375773633332
2.6075219024795286	0.08653150333333333	1.4826675281233332
2.609267231731523	0.08804093333333332	1.4799118704833334
2.611012560983517	0.08930452666666666	1.4773689751933334
2.6127578902355113	0.08934697333333333	1.4743880627100001
2.6145032194875055	0.08941039	1.4716038652566665
2.6162485487394997	0.09054848	1.46988287871
2.617993877991494	0.09128839666666666	1.46853870891
2.619739207243488	0.09039633999999999	1.4668177093533334
2.6214845364954824	0.08972419999999999	1.4662287436133332
2.6232298657474775	0.09064201	1.4680244466799999
2.6249751949994717	0.09114467099999998	1.4706414369399998
2.626720524251466	0.08975798666666668	1.47258359978
2.62846585350346	0.08885295666666666	1.4754621826499998
2.6302111827554544	0.08999506799999998	1.4802208936233332
2.631956512007449	0.09069892166666667	1.4841500758933333
2.6337018412594433	0.08932786	1.4851638616133331
2.6354471705114375	0.08863761599999999	1.4853503532866665
2.6371924997634317	0.09026672	1.4860731455
2.638937829015426	0.09139639	1.4846768501033332
2.6406831582674206	0.09034159999999998	1.4796983140766664
2.642428487519415	0.09005790999999999	1.4744491316600001
2.644173816771409	0.09213216999999999	1.471144010553333
2.6459191460234033	0.09360442666666666	1.4674500219166666
2.6476644752753975	0.09285486	1.46221798256
2.6494098045273917	0.09284488999999999	1.4589007974800001
2.651155133779386	0.09502443	1.4592760757066667
2.652900463031381	0.09651231333333334	1.4602907987433333
2.6546457922833753	0.09587032666666667	1.4601095764399998
2.6563911215353695	0.09591625	1.4613516798066666
2.658136450787364	0.09792142333333333	1.4649687685366666
2.6598817800393584	0.09926805333333333	1.4676199628133333
2.6616271092913526	0.09876469666666667	1.46757150941
2.663372438543347	0.09892901333333333	1.4674410789733332
2.665117767795341	0.10077273999999999	1.46841753167
2.6668630970473353	0.10202546333333332	1.468097879423333
2.66860842629933	0.10174094	1.4656826202433333
2.6703537555513237	0.10197677666666666	1.4639616820966666
2.6720990848033184	0.10340804333333332	1.4641681952899996
2.673844414055312	0.10421190333333333	1.4644463835633332
2.6755897433073077	0.10375108333333334	1.46415378609
2.677335072559302	0.10355443	1.4651551143566668
2.679080401811296	0.10397133	1.4678023506966664
2.6808257310632904	0.10380986333333334	1.4703040193066665
2.6825710603152837	0.10285908333333334	1.4719608588966668
2.6843163895672792	0.10206374333333332	1.4737163411366665
2.6860617188192735	0.10144703333333334	1.4754821080299998
2.6878070480712677	0.1005695	1.47635021471
2.689552377323262	0.09965357666666666	1.4763586691833332
2.691297706575256	0.09891774999999998	1.4761047287966664
2.6930430358272504	0.09798887333333334	1.4754908558933333
2.694788365079245	0.09718283999999999	1.47469402095
2.696533694331239	0.09706867999999999	1.4742847376166666
2.6982790235832335	0.09703436333333333	1.4740092854466664
2.7000243528352272	0.09630515733333334	1.4731876968966664
2.701769682087222	0.09593296666666665	1.4725037372033332
2.703515011339216	0.09677100333333333	1.4725630916699999
2.7052603405912103	0.0974245	1.4720566968999997
2.7070056698432046	0.09680657666666666	1.4698419463099999
2.708750999095199	0.09665139	1.4674023689499998
2.710496328347194	0.09804203666666667	1.4658384023666664
2.712241657599188	0.09892240333333333	1.4634266818266666
2.7139869868511823	0.09798217999999999	1.4591234284366668
2.7157323161031766	0.09753802333333333	1.4554404553033333
2.7174776453551712	0.09886316333333334	1.4539563988200002
2.7192229746071654	0.09938859333333333	1.45238500938
2.7209683038591597	0.09766726333333332	1.4493648467
2.722713633111154	0.09653604999999998	1.4477338952533334
2.7244589623631486	0.09746958666666666	1.44888395948
2.7262042916151423	0.09751647333333333	1.4495792601999997
2.727949620867137	0.09515016333333333	1.4479427777433334
2.729694950119131	0.09366923666666667	1.4470739228733334
2.7314402793711254	0.09470891666666667	1.44843209267
2.7331856086231197	0.09495046666666665	1.4484600094233333
2.734930937875114	0.09275744	1.4454601951666668
2.736676267127109	0.09175237	1.4432873598133331
2.738421596379103	0.09359280666666667	1.4438541127066664
2.7401669256310974	0.09458158333333333	1.4436348767333333
2.7419122548830916	0.09297652333333331	1.4411474572233332
2.743657584135086	0.09258294666666667	1.4405496454966666
2.7454029133870805	0.09498237999999999	1.4436294146966664
2.7471482426390748	0.09626218999999998	1.4465006109533332
2.748893571891069	0.09472704333333333	1.4474600249766667
2.750638901143063	0.09425130666666666	1.45037456658
2.7523842303950574	0.09630796333333332	1.4566080309866667
2.754129559647052	0.09705462666666667	1.46212198386
2.755874888899046	0.09500386	1.46525150513
2.7576202181510405	0.09391472666666667	1.4696427013633333
2.7593655474030343	0.09509746	1.4764608224533333
2.761110876655029	0.09501161333333333	1.4819392596233332
2.762856205907024	0.09242557333333332	1.484605196033333
2.7646015351590183	0.09077964666666667	1.4876825444500001
2.7663468644110116	0.09118994333333333	1.49198104043
2.768092193663006	0.09055068666666666	1.4939848249333334
2.769837522915	0.087865358	1.4923219248466666
2.7715828521669956	0.08615820966666665	1.48973668949
2.77332818141899	0.08636526	1.48693055169
2.775073510670984	0.08581816666666665	1.48116074746
2.7768188399229783	0.08368190333333332	1.47177239539
2.7785641691749725	0.08253356666666667	1.46168098318
2.780309498426967	0.08310376666666666	1.4521099659266667
2.782054827678961	0.08307137666666665	1.4415460044200001
2.7838001569309556	0.08170923666666667	1.4301695691866665
2.7855454861829494	0.08114784	1.4207562913333334
2.787290815434944	0.08188879333333333	1.4143626805566667
2.7890361446869383	0.08198781	1.4097752291033334
2.7907814739389325	0.08092625333333332	1.4068881777766666
2.7925268031909276	0.08040448333333333	1.4071027840666668
2.794272132442922	0.08070905666666667	1.4102905589466666
2.796017461694916	0.08046599333333333	1.41500548438
2.7977627909469107	0.07950499	1.4207018519199999
2.799508120198905	0.07897276333333333	1.4275507058066665
2.801253449450899	0.07887794666666666	1.4348682161866666
2.8029987787028934	0.07856456	1.4420185434366666
2.8047441079548876	0.07818298999999998	1.4490325066266667
2.8064894372068823	0.07807408333333332	1.455659358023333
2.808234766458876	0.07788660333333333	1.4613349299366665
2.8099800957108707	0.07772894	1.4666007299866666
2.8117254249628645	0.07797055333333333	1.4719557516866666
2.813470754214859	0.07808603	1.4763610576566664
2.8152160834668534	0.07747542999999998	1.47891155677
2.8169614127188476	0.07701104333333333	1.4807264796
2.818706741970842	0.07723703666666666	1.4822985753233333
2.820452071222836	0.07698930999999999	1.4818100162166665
2.8221974004748303	0.07561945333333332	1.4783298160533331
2.8239427297268254	0.07460406333333333	1.473924126683333
2.8256880589788196	0.07458334333333333	1.46972874569
2.827433388230814	0.07400172333333332	1.4640848973799998
2.829178717482808	0.07220110999999999	1.4566889405266665
2.8309240467348022	0.07097539666666666	1.4506516998633334
2.832669375986797	0.07098420999999999	1.44755036953
2.834414705238791	0.07040644	1.4453663361866664
2.8361600344907854	0.06850684666666666	1.4433581650933331
2.8379053637427796	0.06730221	1.4442963890766667
2.839650692994774	0.06755756933333332	1.448892372043333
2.841396022246768	0.06718855533333332	1.453656082233333
2.8431413514987627	0.06532413166666667	1.456669991763333
2.8448866807507565	0.064364693	1.4602845747066664
2.846632010002751	0.06528879533333332	1.4648827469266668
2.8483773392547453	0.065543327	1.46648836923
2.8501226685067405	0.06402181166666668	1.463451914313333
2.8518679977587347	0.06365485	1.4594034650133332
2.853613327010729	0.06556058	1.4558926172166666
2.855358656262723	0.06646662333333334	1.449568804243333
2.8571039855147173	0.06502256666666666	1.4397330708
2.858849314766712	0.06472657999999999	1.43128879595
2.8605946440187062	0.06672874666666667	1.4262781105299998
2.8623399732707004	0.06716541000000001	1.4210311241466667
2.8640853025226947	0.06471401333333332	1.4146126468866669
2.865830631774689	0.06336422333333333	1.4116832275766669
2.8675759610266836	0.06426667666666666	1.413523457433333
2.8693212902786778	0.06345312666666666	1.41564439782
2.871066619530672	0.05990756666666667	1.4166718471266666
2.872811948782666	0.057743100000000006	1.4208323115733335
2.87455727803466	0.05798342000000001	1.4290115464
2.8763026072866555	0.05692677666666666	1.4368350370733334
2.8780479365386498	0.053795068333333335	1.4431450988066665
2.879793265790644	0.052291771	1.451917561573333
2.881538595042638	0.05317242866666667	1.4638344504933332
2.8832839242946324	0.053093488	1.4747052808499999
2.885029253546627	0.05129485366666667	1.4831805044866666
2.8867745827986213	0.05093404743333333	1.4924427597733332
2.8885199120506155	0.05264826933333334	1.5026382464133334
2.8902652413026098	0.05338537333333333	1.5095102637766664
2.892010570554604	0.052316518333333326	1.5115341484366667
2.893755899806598	0.052438998333333334	1.5117303118966667
2.895501229058593	0.054536274999999995	1.5106404215266667
2.8972465583105866	0.055550534666666665	1.5048221902933332
2.8989918875625813	0.054521661666666665	1.493656315593333
2.900737216814575	0.054684183000000004	1.481207619373333
2.9024825460665697	0.05695320666666666	1.4691020117399998
2.904227875318564	0.05786901999999999	1.4547730801233332
2.905973204570558	0.05633086999999999	1.4382714775733332
2.9077185338225524	0.055939016666666674	1.4240401938433334
2.9094638630745466	0.057582303333333335	1.413609966443333
2.9112091923265417	0.05745008999999999	1.4040671308
2.912954521578536	0.05458201999999999	1.3950129846700001
2.91469985083053	0.05283760666666666	1.390070049193333
2.916445180082525	0.05300946666666666	1.3898442355633334
2.918190509334519	0.05149049	1.3910299464433333
2.9199358385865133	0.047756266666666665	1.3929369482
2.921681167838508	0.045439299999999995	1.3983453056699997
2.9234264970905017	0.04507894466666666	1.4073110180633333
2.9251718263424964	0.04372387766666667	1.4169258871133332
2.92691715559449	0.041157935666666666	1.4265524891033332
2.928662484846485	0.04009905433333333	1.4379760045633332
2.930407814098479	0.04067415866666667	1.45071169608
2.9321531433504733	0.04070864466666666	1.4623118466399998
2.9338984726024675	0.04001568133333333	1.4719812987233332
2.9356438018544617	0.040262009999999994	1.4804697432933331
2.937389131106457	0.04140396999999999	1.4871360391099997
2.939134460358451	0.041994336666666666	1.4904541144533332
2.9408797896104453	0.04181718666666666	1.4901560085766665
2.9426251188624395	0.04206792666666666	1.48717876541
2.9443704481144337	0.04293027	1.4818771860699997
2.9461157773664284	0.04330140333333333	1.4742000395733332
2.9478611066184226	0.04287084733333333	1.4648369015966667
2.949606435870417	0.04294832766666666	1.4553020132966665
2.951351765122411	0.043934577	1.4465105436233332
2.9530970943744053	0.044426198	1.4386217307633333
2.9548424236264	0.04391051066666666	1.4319964559366665
2.956587752878394	0.04403163166666666	1.42749430211
2.9583330821303884	0.04516728366666667	1.42516351524
2.960078411382382	0.04543053066666667	1.42424851791
2.961823740634377	0.044324937999999994	1.4243332226333332
2.963569069886372	0.04379217566666666	1.4255632302799999
2.965314399138366	0.04409511766666666	1.4275302080299999
2.9670597283903604	0.043375382999999997	1.4296982375966665
2.9688050576423537	0.041502312	1.4321200587533334
2.970550386894349	0.04028470133333333	1.4350163171399999
2.9722957161463435	0.039763016666666665	1.4382598937733333
2.9740410453983377	0.03869378033333333	1.4422659320733333
2.975786374650332	0.03728880333333333	1.4474727977266666
2.977531703902326	0.036507293999999996	1.4532664196233331
2.9792770331543204	0.036038714	1.4589141454133332
2.981022362406315	0.03554436666666667	1.4650132600399997
2.982767691658309	0.03533562	1.47143022184
2.9845130209103035	0.035227353333333336	1.4760643516
2.9862583501622977	0.034744246666666666	1.4776822791566666
2.988003679414292	0.03447702	1.4776083310066666
2.989749008666286	0.03471228666666666	1.4760783040499998
2.9914943379182812	0.03453200666666666	1.471081519766667
2.9932396671702755	0.03364793666666666	1.46251697864
2.9949849964222697	0.03320282333333333	1.4534646096833335
2.996730325674264	0.033353523333333336	1.4452786148099999
2.9984756549262586	0.03308590333333333	1.4366054471766665
3.000220984178253	0.032383612333333325	1.4280375518266664
3.001966313430247	0.032248354333333326	1.42286566167
3.0037116426822412	0.032600056333333335	1.4218695504133332
3.0054569719342354	0.032779168	1.4227733605133333
3.00720230118623	0.032880704999999996	1.4250101654333331
3.008947630438224	0.0333131729	1.4304110875166665
3.0106929596902186	0.03385462953333333	1.4384405880466666
3.0124382889422123	0.03433686813333334	1.4459523350766665
3.014183618194207	0.034794409	1.4518197260333334
3.015928947446201	0.03517822933333334	1.4577628158133333
3.0176742766981954	0.03538367633333333	1.46373633822
3.0194196059501897	0.03548042366666666	1.4673340708399998
3.021164935202184	0.035334531999999995	1.4682974569999998
3.022910264454178	0.035007430333333325	1.4695195666866665
3.024655593706173	0.034711006333333336	1.47187607617
3.0264009229581674	0.034214035	1.4730265705333334
3.0281462522101616	0.033179632	1.4725782138233332
3.029891581462156	0.032386339	1.4735820938133335
3.03163691071415	0.03234014133333333	1.4763886338633334
3.0333822399661448	0.03194904533333333	1.47718191949
3.035127569218139	0.030677116999999997	1.4747064595299997
3.036872898470133	0.030284643333333333	1.4722819066366668
3.0386182277221274	0.03132774333333334	1.4702384753866666
3.040363556974122	0.031589646666666665	1.4643268571699999
3.042108886226116	0.03042267	1.4540483015166665
3.0438542154781105	0.030451143333333337	1.4445678159733335
3.0455995447301047	0.032085583333333334	1.4373823971733333
3.047344873982099	0.03231074333333333	1.4286540933933332
3.049090203234093	0.03064427	1.4187126532866667
3.0508355324860883	0.03024787	1.41349914821
3.0525808617380825	0.031388023333333334	1.4140648394766666
3.0543261909900767	0.03098109666666667	1.4153720369033334
3.056071520242071	0.028921336666666665	1.4166699559833333
3.057816849494065	0.02831921	1.4226556414633331
3.05956217874606	0.02924360333333333	1.4329126414066666
3.061307507998054	0.02908335233333333	1.4414874878733333
3.0630528372500487	0.02793858766666666	1.4473775782966665
3.0647981665020425	0.028159316666666663	1.45528488383
3.0665434957540367	0.029526705666666667	1.4654024998833333
3.0682888250060314	0.030107702	1.4731700526366664
3.0700341542580256	0.029948729	1.47884735817
3.07177948351002	0.030471018999999995	1.4877635435733332
3.073524812762014	0.03143057733333333	1.5005359873833335
3.075270142014008	0.03158730766666666	1.5126029995066665
3.0770154712660034	0.03089183533333334	1.5231491278666667
3.0787608005179976	0.030449753	1.53578186357
3.080506129769992	0.030434193	1.5493647905499999
3.082251459021986	0.029799261933333328	1.5574238798133333
3.0839967882739803	0.02827994773333333	1.5577091252866666
3.085742117525975	0.027545626566666665	1.55402229364
3.087487446777969	0.028252218	1.5464514975399999
3.0892327760299634	0.028372870999999997	1.5298911006199998
3.0909781052819576	0.027150809	1.5049710707066666
3.092723434533952	0.027625783333333334	1.4803533534466666
3.094468763785946	0.030667149999999997	1.4599394871833333
3.0962140930379407	0.03215684333333333	1.4398337803733334
3.0979594222899345	0.030910383333333336	1.4217350522266665
3.099704751541929	0.03198671333333333	1.4154395360266667
3.101450080793923	0.03622010666666666	1.422367308843333
3.1031954100459176	0.03724144333333333	1.4325591240833333
3.104940739297912	0.034035463333333335	1.4425289153166667
3.106686068549906	0.03368545	1.4584699726466666
3.1084313978019003	0.03675463333333333	1.4772050886733332
3.1101767270538954	0.03567123333333333	1.48494302207
3.1119220563058896	0.030308960000000003	1.4789395800899998
3.113667385557884	0.028523113333333336	1.46972350338
3.1154127148098785	0.030224363333333337	1.4597713712233333
3.1171580440618727	0.028620700000000002	1.4432249443299998
3.118903373313867	0.02478528833333333	1.42702370715
3.120648702565861	0.024758475333333335	1.4295223066766667
3.122394031817856	0.02729645613333333	1.4584359502566664
3.1241393610698496	0.02875422613333333	1.5112856903966665
3.1258846903218442	0.03111733933333333	1.59313584673
3.127630019573838	0.0354304	1.7129986489166664
3.1293753488258327	0.03901534666666666	1.866360691273333
3.131120678077827	0.043817703333333326	2.03835232635
3.132866007329821	0.05247510333333333	2.2182917984866664
3.1346113365818153	0.05834908999999999	2.397544300313333
3.1363566658338096	0.05732944333333333	2.560111415653333
3.1381019950858047	0.06021889666666667	2.686798925103333
3.139847324337799	0.07404012333333333	2.7660858036300002
3.141592653589793	0.086610876	2.796812346193333