# O(3P)+CO2(000; j=0) -> O(3P)+CO2(000; j') scattering, statistically averaged (3A2+3B2+3B1) potential energy surfaces
# Differential cross sections; packaged by M. Gacesa (marko.gacesa@nasa.gov), Apr 30 2019
# E = 3.99725 eV
# theta(rad)                 elastic DCS                total DCS (both in units of 1E-16 cm^2/Sr)
0.	3.8549016666666665e6	3.9263756062870794e6
0.0017453292519943296	2.3430326666666665e6	2.37896384443e6
0.003490658503988659	463385.0999999999	469320.6740626666
0.005235987755982989	126224.57999999999	135402.08685269998
0.006981317007977318	83349.44333333333	89068.52819206666
0.008726646259971648	26461.943333333333	33326.87059506666
0.010471975511965978	29545.773333333334	34850.726032833336
0.012217304763960305	10804.961333333333	13191.706487133331
0.013962634015954637	5152.769333333333	8992.6040327
0.015707963267948967	3840.4849999999997	6994.559722066666
0.017453292519943295	2551.133	4228.600967713333
0.019198621771937624	871.7833333333333	2624.28652385
0.020943951023931956	735.1483333333332	2567.76106159
0.02268928027592628	1511.2905666666666	2721.3233899466663
0.02443460952792061	466.3111666666666	1588.2883103036668
0.02617993877991494	466.40353333333326	1710.1461507999998
0.027925268031909273	649.2938666666666	1465.5568300199998
0.029670597283903602	116.29905666666667	821.2018715649999
0.031415926535897934	195.45021	1031.711393481
0.03316125578789226	144.60871999999998	752.8401385093332
0.03490658503988659	70.91263666666666	528.982536645
0.03665191429188092	137.80361999999997	636.5402448189999
0.03839724354387525	115.92062999999999	577.0825410839999
0.040142572795869566	139.23483333333334	526.5443317659999
0.04188790204786391	127.28650999999999	480.9365728766667
0.043633231299858244	111.10686666666666	454.98592981966664
0.04537856055185256	114.17519999999999	424.82362963066663
0.047123889803846894	67.18331666666666	349.2024737223333
0.04886921905584122	81.05525666666666	351.95557306633333
0.05061454830783555	66.56595666666666	302.71292188666666
0.05235987755982988	53.86347799999999	279.580839252
0.054105206811824215	71.65306	294.5798102663333
0.05585053606381855	54.483689999999996	258.218587009
0.05759586531581287	59.630786666666665	263.19077486599997
0.059341194567807204	56.07419	252.84070575299998
0.061086523819801536	42.537166666666664	227.901451762
0.06283185307179587	44.50219666666666	222.60235263166663
0.0645771823237902	27.435603000000004	195.193910492
0.06632251157578452	28.520886666666662	194.5383291943333
0.06806784082777885	24.12755333333333	180.9479536993333
0.06981317007977318	18.878495333333333	166.72841483066665
0.0715584993317675	28.923546666666667	175.43426140999998
0.07330382858376185	20.111176666666665	160.64279008433334
0.07504915783575618	27.024136666666667	163.88882159766666
0.0767944870877505	26.59677	156.742625428
0.07853981633974483	16.32043333333333	140.64169004933333
0.08028514559173913	20.923636666666667	142.23016330866668
0.08203047484373349	10.935514999999999	124.38837168399999
0.08377580409572782	12.426613333333332	122.40823114566668
0.08552113334772216	13.942216666666667	120.34394811566666
0.08726646259971649	9.136904999999999	111.14152324326666
0.08901179185171079	19.44560333333333	119.53568401233333
0.09075712110370512	13.764733333333332	109.8253759582
0.09250245035569944	14.361345	109.1693143709
0.09424777960769379	15.649976666666667	107.22346922439999
0.09599310885968812	7.237792666666667	94.86962422459999
0.09773843811168244	9.866568000000001	96.48378765899999
0.09948376736367677	4.902056	87.16193700096667
0.1012290966156711	5.750484666666667	85.54140528293334
0.10297442586766543	9.035869	87.53353980406666
0.10471975511965977	4.931175666666666	81.3105083428
0.10646508437165408	11.596013333333334	86.8441483307
0.10821041362364843	9.631838666666667	81.53115761883333
0.10995574287564276	9.136318333333332	79.8122246664
0.1117010721276371	9.837414666666668	79.21867161319999
0.11344640137963143	4.898791333333333	71.02946184746666
0.11519173063162574	7.6929533333333335	72.55937916966667
0.11693705988362009	4.25846	67.1264508038
0.11868238913561441	3.776626333333333	65.0147841394
0.12042771838760875	7.807766333333333	67.3432491652
0.12217304763960307	4.943617	62.81372244233333
0.12391837689159738	8.548112666666665	66.67572423473334
0.12566370614359174	7.103762999999999	63.33820032296667
0.12740903539558604	5.614040666666666	60.178608923566664
0.1291543646475804	6.413553666666667	60.11945426763333
0.13089969389957473	2.0690056666666665	54.0726679288
0.13264502315156904	3.6263053333333333	54.96502057366666
0.1343903524035634	3.2707293333333327	53.04096713409999
0.1361356816555577	1.9255953333333333	50.91263106903333
0.13788101090755206	4.605930333333333	53.33131798256666
0.13962634015954636	3.2314643333333333	50.164207667666666
0.1413716694115407	4.974197333333333	51.641643903933335
0.143116998663535	4.0099953333333325	49.899289473699994
0.14486232791552936	2.4783256666666666	46.68060135006667
0.1466076571675237	3.8027063333333335	46.87566146176667
0.148352986419518	1.5274708333333333	43.2157815163
0.15009831567151236	1.9410413333333332	43.2927984363
0.15184364492350666	2.4248503333333327	42.78810988633333
0.153588974175501	1.8854151	40.721809587866666
0.15533430342749535	4.197418	42.78137679736666
0.15707963267948966	2.9383726666666665	40.74760590226667
0.158824961931484	3.734423333333333	40.6663059974
0.16057029118347826	3.9135953333333333	39.765641717799994
0.16231562043547265	1.7917429999999999	36.716128856699996
0.16406094968746698	2.520842333333333	37.37472311516667
0.16580627893946132	1.8327419999999999	35.919347357666666
0.16755160819145565	1.7653246666666667	35.34889810236667
0.16929693744344992	2.8829623333333334	36.2367043996
0.1710422666954443	1.9217870000000001	34.729716253433324
0.17278759594743864	3.0135563333333337	36.02497518043333
0.17453292519943298	2.514060333333333	35.2691707356
0.17627825445142725	1.6703778	33.9173268911
0.17802358370342158	2.0196916666666667	33.7897389833
0.17976891295541597	1.2114723	32.25626597783333
0.18151424220741025	1.296649	32.46761703996667
0.18325957145940458	1.341113	32.24799936103333
0.18500490071139888	1.1270983666666665	31.0851086621
0.18675022996339324	2.125546	31.696462590733333
0.18849555921538758	1.5423996666666666	30.784279096233327
0.1902408884673819	1.7052136666666666	30.69476971803333
0.19198621771937624	1.8219496666666668	30.0245793304
0.19373154697137057	1.2798532666666667	28.369718263733333
0.19547687622336488	1.4943146999999999	28.20924791213333
0.19722220547535924	1.1524241999999998	27.386683382066664
0.19896753472735354	1.2206864666666666	26.7560531902
0.2007128639793479	1.91317	26.8313751337
0.2024581932313422	1.4437989999999998	25.783978452466663
0.20420352248333656	1.9920726666666664	26.213321043833332
0.20594885173533087	1.8539163333333333	25.72189474263333
0.20769418098732523	1.2700325666666665	24.590238352633328
0.20943951023931953	1.3976823333333332	24.28524618516667
0.2111848394913139	0.9682064666666667	23.388065973166665
0.21293016874330817	0.9799547666666666	23.40690776923333
0.21467549799530256	1.3173106666666667	23.686196201999998
0.21642082724729686	0.8534107	22.784864937133335
0.2181661564992912	1.3517331	23.01620856913333
0.21991148575128552	1.1626371666666666	22.51560485343333
0.22165681500327983	0.7880252333333333	22.062315208433336
0.2234021442552742	0.8602789333333334	21.873757406966664
0.22514747350726852	0.5469147999999999	20.853686910633332
0.22689280275926285	0.6578954333333333	20.765717710266664
0.22863813201125716	0.7780587666666667	20.858223509066665
0.2303834612632515	0.5784355333333333	20.422757025166664
0.23212879051524585	1.075667	20.671629086533333
0.23387411976724018	0.8242008666666667	20.001840702133332
0.23561944901923448	0.9314967999999999	20.017135924766663
0.23736477827122882	0.9963213333333332	20.025041061166664
0.23911010752322315	0.6240337666666667	19.31650091026666
0.2408554367752175	0.7875448	19.32963985833333
0.24260076602721184	0.5975133666666665	18.974967299933333
0.24434609527920614	0.6414154666666667	18.859465993766666
0.24609142453120048	1.2697796666666665	19.382857111133333
0.24783675378319475	0.8588123666666667	18.737174118733332
0.24958208303518917	1.1593851	18.939061667999997
0.25132741228718347	1.1736100999999999	18.768136924633332
0.2530727415391778	0.7256140333333333	18.1400730706
0.2548180707911721	0.8650853666666666	18.156546910933333
0.25656340004316636	0.5092274666666666	17.42551573333333
0.2583087292951608	0.5919309666666666	17.2880667245
0.26005405854715513	1.1243686666666666	17.7949411504
0.26179938779914946	0.6812198	17.3299265084
0.2635447170511437	0.8834019333333334	17.46171279316667
0.26529004630313807	0.76281	16.885160747466664
0.26703537555513246	0.5013606333333334	16.378608894766664
0.2687807048071268	0.5531046666666667	16.508484916066667
0.270526034059121	0.18658462666666667	15.96419655
0.2722713633111154	0.29444733333333334	15.826245790733333
0.2740166925631097	0.4919926	15.749259578266669
0.2757620218151041	0.2960991333333333	15.420505150666665
0.27750735106709834	0.6636301	15.853017606233331
0.2792526803190927	0.5087309	15.421546332933334
0.280998009571087	0.6130495	15.217618385266665
0.2827433388230814	0.6386740333333334	15.06326330163333
0.2844886680750758	0.29273483333333333	14.509440462999999
0.28623399732707	0.5374565999999998	14.665095741166667
0.28797932657906433	0.4947739333333333	14.446031072233334
0.2897246558310587	0.42673273333333334	14.182262874966668
0.291469985083053	0.9100211	14.527241677966666
0.2932153143350474	0.6933935666666665	14.090412451833332
0.29496064358704166	0.8267330999999999	14.2004274548
0.296705972839036	0.7233939	14.074294768433333
0.2984513020910303	0.3512242	13.572035448066666
0.3001966313430247	0.5358799999999999	13.6448311642
0.301941960595019	0.3816709333333333	13.269887640066665
0.3036872898470133	0.30934946666666663	13.105067023499998
0.30543261909900765	0.6082061999999999	13.389128688933333
0.307177948351002	0.38965896666666666	13.0527948784
0.3089232776029963	0.5510619999999999	13.174760326766668
0.3106686068549907	0.43094733333333335	12.8354790347
0.312413936106985	0.22529266666666664	12.364420965166666
0.3141592653589793	0.3231639333333333	12.3885011196
0.31590459461097364	0.13584796999999998	12.094756813033332
0.317649923862968	0.1754739	12.051338117533334
0.3193952531149623	0.3762665666666667	12.104855557266667
0.32114058236695653	0.25370763333333335	11.7919553641
0.32288591161895097	0.4445673333333333	11.993790076566668
0.3246312408709453	0.3305148	11.7710727013
0.32637657012293964	0.35087599999999997	11.583503693433332
0.32812189937493397	0.4162873	11.545341254566667
0.32986722862692824	0.18219433333333335	11.231709762033333
0.33161255787892263	0.2714412333333333	11.2885006541
0.3333578871309169	0.3929772333333333	11.249444026566666
0.3351032163829113	0.373877	10.998814849666667
0.3368485456349056	0.6178115333333333	11.233295653633334
0.33859387488689985	0.4312734333333333	11.051898482133334
0.34033920413889424	0.48817866666666665	11.024215897999998
0.3420845333908886	0.5644022666666666	10.9334498403
0.3438298626428829	0.3000035666666666	10.477925836076665
0.3455751918948773	0.3607429333333333	10.503325489909999
0.34732052114687156	0.4384809333333333	10.579966747533334
0.34906585039886595	0.37475273333333337	10.460061686526666
0.3508111796508603	0.5976810333333333	10.589756034766665
0.3525565089028545	0.4244139333333333	10.248850137656667
0.3543018381548489	0.33116366666666663	10.115349483103333
0.35604716740684317	0.3308634	10.15152949655
0.35779249665883756	0.15684755333333333	9.956513727126666
0.35953782591083194	0.15603289999999997	9.897255042266668
0.3612831551628262	0.21515850000000003	9.808430196063334
0.3630284844148205	0.1374726	9.692390515213333
0.3647738136668149	0.19301006666666667	9.856724053406666
0.36651914291880916	0.10984754666666666	9.717554667673333
0.36826447217080355	0.17047473333333332	9.63969676667
0.37000980142279777	0.17327889999999996	9.505524576
0.3717551306747922	0.10320384666666667	9.30282939629
0.3735004599267865	0.1513096333333333	9.28080791235
0.3752457891787809	0.17605389999999999	9.143409264869998
0.37699111843077515	0.21698779999999998	8.983622886186666
0.3787364476827695	0.385116	9.076964214199998
0.3804817769347638	0.3153757	8.920472553296666
0.38222710618675815	0.40288216666666665	8.87297870096
0.3839724354387525	0.4267242333333333	8.721780248919998
0.38571776469074687	0.3168400333333333	8.462153086496667
0.38746309394274114	0.382258	8.501576324516666
0.3892084231947355	0.42186396666666665	8.54211142752
0.39095375244672975	0.36313639999999997	8.461387471863333
0.39269908169872414	0.47925223333333333	8.528275837786666
0.39444441095071847	0.3770365	8.342864118726666
0.3961897402027128	0.3196072	8.30394616033
0.3979350694547071	0.2859606333333333	8.314932393286664
0.39968039870670136	0.16459799999999997	8.199914228136665
0.4014257279586958	0.15618020333333332	8.21753479633
0.4031710572106902	0.19048709999999996	8.22872740899
0.4049163864626844	0.12880303666666665	8.151100828083333
0.4066617157146788	0.17963321666666668	8.218358384906667
0.4084070449666731	0.10598651666666666	8.088148370846667
0.41015237421866746	0.12692573333333335	8.11958170809
0.41189770347066174	0.13048769999999998	8.179831638700001
0.413643032722656	0.05608522333333333	8.05541525208
0.41538836197465046	0.09875466333333333	7.98028540191
0.4171336912266447	0.13645233333333331	7.885866158773333
0.41887902047863906	0.12176441999999998	7.838838948426667
0.42062434973063334	0.26478216666666665	8.04541377154
0.4223696789826278	0.21583876666666668	7.922381599836666
0.4241150082346221	0.2216098	7.7464340096966655
0.42586033748661634	0.22175616666666667	7.606618123089999
0.4276056667386108	0.13067783	7.482906712843333
0.4293509959906051	0.20950506666666663	7.588689946676666
0.43109632524259933	0.2854279	7.575459473426666
0.4328416544945937	0.21608213999999998	7.346596796876668
0.434586983746588	0.29188763333333334	7.358368465473333
0.4363323129985824	0.23388216666666667	7.30424149738
0.43807764225057666	0.25279989999999997	7.34374894134
0.43982297150257105	0.26203679999999996	7.256848952196667
0.44156830075456543	0.13102813333333332	6.926516085766666
0.44331363000655966	0.1555547333333333	6.85892086642
0.445058959258554	0.22984519999999997	6.958473207423333
0.4468042885105484	0.192023	6.96301907977
0.44854961776254265	0.27127843333333335	6.98620641965
0.45029494701453704	0.17436143333333332	6.690304010533333
0.4520402762665313	0.14700656666666667	6.574598859756667
0.4537856055185257	0.1692843	6.68199086659
0.45553093477052	0.07107973	6.64652497422
0.4572762640225143	0.09127626	6.605248478786667
0.45902159327450864	0.15098666666666663	6.505267369083333
0.460766922526503	0.10057243	6.41349703832
0.46251225177849725	0.17428582666666664	6.614204421099999
0.4642575810304917	0.11224218666666666	6.56011563484
0.46600291028248597	0.09927998333333334	6.412502432206666
0.46774823953448036	0.11533686666666666	6.314649927456665
0.4694935687864746	0.037531496666666664	6.243728005366667
0.47123889803846897	0.06519289333333333	6.37237103402
0.4729842272904633	0.13224319	6.4029372904666655
0.47472955654245763	0.11627726000000001	6.219553690693333
0.4764748857944519	0.18034856666666665	6.22911605679
0.4782202150464463	0.11486432333333332	6.20082235775
0.4799655442984406	0.15259866666666666	6.262986736069999
0.481710873550435	0.1903345	6.221810448639999
0.48345620280242924	0.09927193000000001	5.960388228469999
0.4852015320544237	0.12961347	5.910390229683333
0.48694686130641796	0.18618083333333335	5.981975174223333
0.4886921905584123	0.18923689999999999	5.9715580764533325
0.49043751981040656	0.31022466666666665	6.02194322411
0.49218284906240095	0.2102353	5.801285652973332
0.4939281783143953	0.15803883333333335	5.696089171206666
0.4956735075663895	0.19944103333333332	5.774845583519999
0.4974188368183839	0.11637726666666666	5.709751991313333
0.49916416607037833	0.13418104999999997	5.689262983533333
0.5009094953223726	0.21023823666666663	5.690760045569999
0.5026548245743669	0.15003627666666666	5.628587179246667
0.5044001538263612	0.19239773333333332	5.773647155980001
0.5061454830783556	0.12165472333333334	5.726025713776666
0.5078908123303499	0.06800972333333333	5.601370561096666
0.5096361415823442	0.114168	5.5873181802700005
0.5113814708343385	0.08038967	5.551415660306667
0.5131268000863327	0.056260123333333335	5.583189416490001
0.5148721293383272	0.09955119333333332	5.60204332986
0.5166174585903216	0.08794427333333332	5.48832630853
0.5183627878423158	0.13978953666666666	5.550912370926666
0.5201081170943103	0.08390592333333333	5.547067490763333
0.5218534463463045	0.06093109733333334	5.476137548716666
0.5235987755982989	0.10277736	5.384961863176667
0.5253441048502931	0.08851299666666668	5.2639410005933325
0.5270894341022874	0.10248834666666665	5.33257651317
0.5288347633542818	0.13729666999999998	5.464733080636667
0.5305800926062761	0.12378140666666666	5.364902917483333
0.5323254218582705	0.2209713	5.28654877166
0.5340707511102649	0.1743678	5.170578955083333
0.5358160803622593	0.10704655333333332	5.176847353793333
0.5375614096142536	0.14828303333333331	5.2843476419033335
0.5393067388662478	0.13568312333333332	5.176815342579999
0.541052068118242	0.1407427	5.03436211729
0.5427973973702365	0.19879891666666666	5.079478738453333
0.5445427266222308	0.13417470999999997	5.1154114173366665
0.5462880558742251	0.16092836666666666	5.2115296932
0.5480333851262194	0.13900229	5.1139157232866665
0.5497787143782138	0.053339670000000006	4.908763078033333
0.5515240436302082	0.07743117333333333	4.929132310236667
0.5532693728822025	0.10757146666666664	5.036096650653333
0.5550147021341967	0.08086759666666667	5.0451338046266665
0.5567600313861911	0.11517622133333334	5.0066233915766665
0.5585053606381855	0.07303101	4.856187639243332
0.5602506898901798	0.07235262999999999	4.879583706806667
0.561996019142174	0.07781006333333332	4.97365605832
0.5637413483941685	0.039468869999999996	4.906571595883333
0.5654866776461628	0.05051953999999999	4.778205835590001
0.5672320068981571	0.10755907333333332	4.734567799313333
0.5689773361501516	0.10232633666666666	4.802893132236666
0.5707226654021459	0.10232679	4.944819650106666
0.57246799465414	0.06531527	4.846401671903333
0.5742133239061344	0.10027184	4.671702247703333
0.5759586531581287	0.13930323	4.636429984773333
0.5777039824101231	0.109829169	4.7416522164299995
0.5794493116621174	0.08238873666666666	4.84787891328
0.5811946409141118	0.10724362	4.769571857739999
0.582939970166106	0.13178298333333333	4.562541448246666
0.5846852994181004	0.18319986666666666	4.5917599782566665
0.5864306286700948	0.12173153333333334	4.716686303133333
0.5881759579220891	0.08068553333333334	4.764295600103332
0.5899212871740833	0.12043148	4.642342558683333
0.5916666164260775	0.1268742233333333	4.437225800539999
0.593411945678072	0.11477826666666666	4.447162377583333
0.5951572749300664	0.14133051	4.662270836683334
0.5969026041820606	0.11102835666666666	4.671731766560001
0.5986479334340549	0.13843299999999997	4.5254828625000005
0.6003932626860494	0.12062148666666667	4.3481056508133324
0.6021385919380438	0.051674106666666664	4.332237588896666
0.603883921190038	0.06810323999999998	4.504028702399999
0.6056292504420324	0.11144139999999998	4.5459906741600005
0.6073745796940266	0.08368287333333332	4.362787297566666
0.609119908946021	0.08930724666666667	4.281363195616667
0.6108652381980153	0.04789179	4.320342147933333
0.6126105674500095	0.0369216	4.4391260168399995
0.614355896702004	0.05196133666666666	4.4225346868466655
0.6161012259539983	0.026866331666666667	4.2274301052266665
0.6178465552059926	0.017696887999999997	4.159951815303334
0.6195918844579871	0.055723143333333336	4.3288661908699995
0.6213372137099814	0.04151549066666666	4.461596507853333
0.6230825429619757	0.04743353333333333	4.437414580176666
0.62482787221397	0.026930473333333333	4.212469594743333
0.6265732014659642	0.03555348666666666	4.11766417331
0.6283185307179586	0.06277825666666666	4.284920326869999
0.630063859969953	0.04628424666666667	4.427518918523333
0.6318091892219473	0.04564442666666666	4.371345794073333
0.6335545184739415	0.10627613999999999	4.211546913926666
0.635299847725936	0.11796298000000001	4.106093280716667
0.6370451769779303	0.14268930333333332	4.26972461962
0.6387905062299246	0.10251977999999998	4.380241851239999
0.6405358354819191	0.07546258666666666	4.24866036531
0.6422811647339131	0.15130870666666665	4.081974723226667
0.6440264939859075	0.1834408133333333	4.032339833446667
0.6457718232379019	0.14398754333333333	4.14443471989
0.6475171524898962	0.16558236666666665	4.291118067086666
0.6492624817418906	0.14370813333333332	4.140284129336666
0.6510078109938849	0.16273206666666665	3.9455398972866664
0.6527531402458793	0.16853199999999996	3.93087339231
0.6544984694978735	0.09231701333333334	4.015324663473333
0.6562437987498679	0.09233387	4.09301662358
0.6579891280018623	0.15952309999999997	4.01139151889
0.6597344572538565	0.1346125833333333	3.820802113413333
0.6614797865058508	0.1238372	3.8637023831966664
0.6632251157578453	0.07288916000000001	3.98616863553
0.6649704450098396	0.03893877	4.014719140423333
0.6667157742618338	0.07699475	3.9282750443899994
0.668461103513828	0.07383722333333334	3.7878469439133333
0.6702064327658226	0.03200739	3.8026451808566666
0.6719517620178169	0.049733780000000005	3.9816501813199996
0.6736970912698113	0.03210758	4.01995533805
0.6754424205218055	0.025026186666666665	3.94565396326
0.6771877497737997	0.01237634	3.83807012562
0.6789330790257941	0.0050657429	3.82855944162
0.6806784082777885	0.017216412	3.9268311372699998
0.6824237375297828	0.02044674233333333	3.9488842460566667
0.6841690667817772	0.011111751999999997	3.862895910953333
0.6859143960337715	0.03971954	3.8259744680866667
0.6876597252857658	0.0522828	3.83115846689
0.6894050545377601	0.08205301	3.8999958321099997
0.6911503837897546	0.05449030666666666	3.8581588283066672
0.6928957130417489	0.02910591333333333	3.7141460996166664
0.6946410422937431	0.08817408	3.6815564883466667
0.6963863715457373	0.13180109333333334	3.75802119863
0.6981317007977319	0.12090745666666666	3.8212899176933335
0.6998770300497262	0.14191448666666667	3.8166997015033335
0.7016223593017206	0.11785834000000002	3.6328095384566663
0.7033676885537148	0.14761796333333332	3.537809721903333
0.705113017805709	0.18304009999999998	3.6252130896733332
0.7068583470577035	0.12529574666666665	3.6840825469666663
0.7086036763096978	0.12121752999999998	3.6572574196966663
0.710349005561692	0.19652150000000002	3.557739353093333
0.7120943348136863	0.18949086666666665	3.44145772104
0.7138396640656808	0.17887691666666666	3.533799352366666
0.7155849933176751	0.12048529999999999	3.616960582833333
0.7173303225696694	0.06949654333333333	3.53081983349
0.7190756518216639	0.12718367666666666	3.4206002288699997
0.7208209810736581	0.1600255	3.381492726236666
0.7225663103256524	0.09827983999999998	3.464425086826666
0.7243116395776467	0.07810741666666667	3.6099935689200002
0.726056968829641	0.05551335666666666	3.534685100986666
0.7278022980816354	0.05988032033333333	3.3716397878733333
0.7295476273336298	0.06640731366666666	3.3337269121099995
0.7312929565856241	0.03450155666666666	3.4276267088166663
0.7330382858376183	0.021492183466666665	3.5452223029399996
0.7347836150896128	0.04885208766666666	3.521932568773334
0.7365289443416071	0.03812727866666667	3.355794601723333
0.7382742735936013	0.032774116666666665	3.32433759157
0.7400196028455955	0.018759263999999998	3.414588869993333
0.7417649320975901	0.028131048999999998	3.4856121714366664
0.7435102613495844	0.03908760333333333	3.42262633985
0.7452555906015788	0.02740347333333333	3.278448255813333
0.747000919853573	0.026343278	3.260123812013333
0.7487462491055674	0.058255039999999994	3.40354030666
0.7504915783575618	0.06372282900000001	3.4598770099366662
0.752236907609556	0.07375402	3.370716832233333
0.7539822368615503	0.04984133666666666	3.2012650407799996
0.7557275661135445	0.04458498166666667	3.161558296513333
0.757472895365539	0.08679452666666665	3.30714034042
0.7592182246175333	0.10022371666666666	3.398245921193333
0.7609635538695276	0.07356113666666667	3.2957449811633333
0.7627088831215221	0.08683245666666667	3.1693221793466666
0.7644542123735163	0.08351114666666666	3.1246696952
0.7661995416255106	0.09170493666666665	3.226496148083333
0.767944870877505	0.08997279333333333	3.302689466153333
0.7696902001294994	0.06035520666666666	3.2020267735733334
0.7714355293814937	0.06532153999999998	3.0802203837733337
0.773180858633488	0.10666570666666667	3.10885116089
0.7749261878854823	0.09003184666666667	3.1958935575
0.7766715171374765	0.07219507333333333	3.2421535859233335
0.778416846389471	0.05454171333333333	3.1275155943099997
0.7801621756414653	0.05359691	2.9840114049366666
0.7819075048934595	0.07652626333333333	3.0172874118800004
0.7836528341454538	0.07883429333333333	3.1499450649566665
0.7853981633974483	0.046209459999999994	3.1670276855599995
0.7871434926494427	0.0504923	3.0565609188
0.7888888219014369	0.048250376666666664	2.905401738906667
0.7906341511534312	0.044835712	2.9128918258599996
0.7923794804054256	0.0367811	3.04247307502
0.7941248096574199	0.026659349666666665	3.0742404650999995
0.7958701389094142	0.029982540000000002	2.9560032213766663
0.7976154681614087	0.046044336666666665	2.8461467040666664
0.7993607974134027	0.027479305	2.8445934994333335
0.8011061266653973	0.02603080966666666	2.959279624313333
0.8028514559173916	0.025389262666666666	2.985820145023333
0.8045967851693858	0.023101023999999998	2.86768241025
0.8063421144213804	0.026596998666666666	2.7731697802333333
0.8080874436733746	0.02929696433333333	2.8152706278566666
0.8098327729253688	0.026782848999999997	2.9126501505433326
0.8115781021773631	0.05153650333333333	2.948912412426666
0.8133234314293576	0.04161901333333333	2.83233229764
0.815068760681352	0.026047776666666664	2.7339549544899997
0.8168140899333463	0.032521886666666666	2.7840319310666666
0.8185594191853405	0.04736333666666666	2.885680342733333
0.8203047484373349	0.06337403999999999	2.900605963613333
0.8220500776893291	0.08018904333333333	2.8220499736766667
0.8237954069413235	0.053363843333333334	2.7239249969299992
0.8255407361933177	0.05242417666666666	2.7672281218266663
0.827286065445312	0.06984961333333332	2.868411545036667
0.8290313946973066	0.07368008333333333	2.8715422785566664
0.8307767239493009	0.07893473999999999	2.7923168189766665
0.8325220532012951	0.08648974	2.73640572617
0.8342673824532894	0.06848198666666666	2.7543870099733327
0.8360127117052839	0.07839509333333333	2.848796999316666
0.8377580409572781	0.07640775666666666	2.8563209144733333
0.8395033702092725	0.06321986333333332	2.770559226926667
0.8412486994612667	0.06660811	2.719334189413333
0.8429940287132611	0.07073399999999999	2.74906189329
0.8447393579652556	0.05825977999999999	2.807699104013333
0.8464846872172498	0.06351965333333333	2.8334458111866665
0.8482300164692442	0.050700178	2.7557397429733332
0.8499753457212386	0.045056567666666665	2.6874401491799995
0.8517206749732327	0.04378995433333333	2.68831436202
0.853466004225227	0.03881939166666666	2.719458308203333
0.8552113334772216	0.03870207466666667	2.7345542837266668
0.8569566627292158	0.04630371133333334	2.7108741801699994
0.8587019919812102	0.03832231333333333	2.6629696159266665
0.8604473212332044	0.04633272633333333	2.6742157197633327
0.8621926504851987	0.036609786666666665	2.68314934607
0.8639379797371932	0.028618399999999995	2.6688179851766667
0.8656833089891874	0.03457373699999999	2.650207088103333
0.8674286382411818	0.03596396566666667	2.63325645645
0.869173967493176	0.03894078366666666	2.6479100411
0.8709192967451702	0.05618175166666667	2.6946580535866667
0.8726646259971648	0.036657999999999996	2.6776658661166666
0.8744099552491591	0.031041234666666667	2.6490711855633333
0.8761552845011533	0.03536436433333333	2.6311019016633335
0.8779006137531478	0.03142466	2.61959514854
0.8796459430051421	0.04243169	2.6428306609933334
0.8813912722571363	0.0516701	2.6631890501499997
0.8831366015091309	0.028775123666666666	2.6322342261166667
0.8848819307611251	0.036867049666666665	2.6291268688766665
0.8866272600131193	0.03470781	2.6165970679866666
0.8883725892651138	0.020177131666666667	2.5949065001633334
0.890117918517108	0.025824093333333333	2.6016974611066668
0.8918632477691024	0.031593239999999995	2.60630098671
0.8936085770210968	0.030188556666666665	2.60518411915
0.895353906273091	0.043908160333333335	2.62470310759
0.8970992355250853	0.022748193633333334	2.5922771525666666
0.8988445647770799	0.01552993833333333	2.5630022701966664
0.9005898940290741	0.031083834999999997	2.5661049296166665
0.9023352232810684	0.03804849166666666	2.575082988046667
0.9040805525330626	0.04496910266666666	2.5965943728399994
0.9058258817850569	0.049303589999999994	2.59808923265
0.9075712110370514	0.03892168666666666	2.5481171916866665
0.9093165402890456	0.06892984666666666	2.54755554566
0.91106186954104	0.07417059666666666	2.5596710923633332
0.9128071987930344	0.05023054266666666	2.5548001580433333
0.9145525280450286	0.057131999999999995	2.5540615675566665
0.9162978572970231	0.07780221666666666	2.5229559927299996
0.9180431865490173	0.09632438666666666	2.49366178924
0.9197885158010117	0.12256200333333334	2.53522280277
0.921533845053006	0.08003589666666666	2.5332650172999998
0.9232791743050003	0.04614881999999999	2.4953798981899995
0.9250245035569945	0.08028660333333333	2.473030458593333
0.9267698328089891	0.10832939999999999	2.4474829587766664
0.9285151620609834	0.11097205333333333	2.46126225565
0.9302604913129776	0.10636295666666665	2.5084583237266664
0.9320058205649719	0.06147385666666666	2.469711233443333
0.9337511498169662	0.0633148	2.4225165410933336
0.9354964790689607	0.09730737333333334	2.41570537339
0.9372418083209549	0.08662531333333331	2.4187981262533333
0.9389871375729492	0.07002163	2.44917335189
0.9407324668249435	0.07712991999999999	2.4669435744766663
0.9424777960769379	0.06415321333333333	2.413787619523333
0.9442231253289324	0.07104464333333332	2.3951847598133336
0.9459684545809266	0.06607202999999999	2.4122425964199996
0.9477137838329208	0.038455939999999994	2.424907097146667
0.9494591130849153	0.04051890666666667	2.4370216954366666
0.9512044423369096	0.060975706666666664	2.421754299123333
0.9529497715889038	0.04990025166666666	2.37887482132
0.9546951008408984	0.04185580256666666	2.3852303848466665
0.9564404300928926	0.027162449000000005	2.403494120276666
0.9581857593448869	0.019386341199999997	2.41029443413
0.9599310885968813	0.029471766666666666	2.3995251113633334
0.9616764178488755	0.037325430666666666	2.3669362813666663
0.96342174710087	0.029123586666666666	2.34611261229
0.9651670763528643	0.02949695	2.370972059383333
0.9669124056048585	0.02164583533333333	2.386839800356667
0.9686577348568528	0.019009981333333332	2.3808875109266663
0.9704030641088474	0.020342293666666664	2.3447921971733328
0.9721483933608416	0.028485830000000004	2.3184040186833332
0.9738937226128359	0.03401264	2.3427432641966663
0.9756390518648301	0.03294282333333333	2.3897169326866665
0.9773843811168246	0.025053016	2.3930234940899995
0.9791297103688189	0.034083866666666664	2.359393810893333
0.9808750396208131	0.04020245333333333	2.31204600282
0.9826203688728073	0.048784216666666665	2.326822529976666
0.9843656981248019	0.04724029333333333	2.3917153917666667
0.9861110273767961	0.03761354	2.415593482483333
0.9878563566287906	0.04652317766666667	2.3741754022566663
0.9896016858807848	0.07313272166666665	2.3298130306333333
0.991347015132779	0.06712943366666665	2.3176621027833333
0.9930923443847736	0.05612442133333334	2.3726738432700003
0.9948376736367678	0.049051091	2.4125571810666666
0.9965830028887621	0.051200987333333337	2.3715524934900003
0.9983283321407567	0.07292814066666667	2.3174210767599996
1.0000736613927508	0.08416729666666667	2.3193748818133333
1.0018189906447452	0.05482006499999999	2.34850408396
1.0035643198967397	0.045789933333333324	2.3787333390833334
1.0053096491487339	0.052406375333333324	2.3420638223766663
1.007054978400728	0.05867974133333333	2.2738797743033334
1.0088003076527223	0.06677249666666665	2.274770370023333
1.0105456369047165	0.05873029	2.328926501473333
1.0122909661567112	0.036448777999999994	2.346965565763333
1.0140362954087054	0.047739709	2.3202346920966663
1.0157816246606999	0.05266760966666667	2.2516149448733334
1.017526953912694	0.043220574	2.223777554003333
1.0192722831646883	0.04174158333333333	2.2754156209099996
1.0210176124166828	0.03949050333333333	2.3176510156166668
1.022762941668677	0.03336825166666667	2.2881242548466663
1.0245082709206712	0.043628803333333334	2.2379151876566663
1.0262536001726654	0.033827919	2.197632152283333
1.02799892942466	0.022509049333333336	2.21613965902
1.0297442586766543	0.027775049333333333	2.2650937179833335
1.0314895879286488	0.032171766666666664	2.2647280779966668
1.0332349171806432	0.029002886666666665	2.217047883743333
1.0349802464326374	0.031083403333333332	2.18652931899
1.0367255756846316	0.020402089999999998	2.179369195213333
1.0384709049366259	0.021036037666666663	2.20707323761
1.0402162341886205	0.02801815333333333	2.22214510299
1.041961563440615	0.029347166666666667	2.1906756476033333
1.043706892692609	0.031118096666666664	2.154162796703333
1.0454522219446034	0.03562534666666667	2.1523932473433334
1.0471975511965979	0.028686936666666666	2.1663847717799998
1.048942880448592	0.035588414	2.19484183242
1.0506882097005863	0.03901739	2.1873891373400003
1.0524335389525805	0.03627736466666666	2.1430198817266666
1.0541788682045747	0.04255071666666666	2.1239438059699998
1.0559241974565694	0.04856866666666666	2.1467127471066667
1.0576695267085636	0.04139335	2.171846986853333
1.059414855960558	0.04928729666666666	2.1890485141133333
1.0611601852125523	0.047307573333333325	2.1582463642733334
1.0629055144645467	0.03820995666666666	2.1153106081366664
1.064650843716541	0.04458153666666667	2.1282106101366667
1.0663961729685352	0.05159776	2.1725055859766664
1.0681415022205298	0.04538804133333333	2.1821462703999996
1.069886831472524	0.050886139	2.1588257429866666
1.0716321607245185	0.041696717	2.108242418323333
1.0733774899765127	0.03176697013333333	2.097906559263333
1.0751228192285072	0.04267933323333334	2.1529921518033337
1.0768681484805014	0.049050369666666656	2.189945030703333
1.0786134777324956	0.04070434963333333	2.1538461202566666
1.0803588069844898	0.04451176733333333	2.0985046219233334
1.082104136236484	0.036374507	2.0657435251799994
1.0838494654884787	0.03158281266666667	2.09800781768
1.085594794740473	0.039743981666666664	2.1535240742966666
1.0873401239924672	0.03936410782666666	2.1485150123766665
1.0890854532444616	0.034986846999999995	2.09541841203
1.0908307824964558	0.04473276666666666	2.072818873313333
1.0925761117484503	0.03913179333333333	2.087381665036667
1.0943214410004445	0.03225466666666667	2.1231076045
1.0960667702524387	0.030871451333333334	2.1230013848
1.0978120995044334	0.03239731933333333	2.0783513500933335
1.0995574287564276	0.04083215333333333	2.0554918380133333
1.101302758008422	0.046799810000000004	2.0840010874333332
1.1030480872604165	0.03006333	2.1123675650366667
1.1047934165124107	0.021959785666666665	2.1155264354766663
1.106538745764405	0.025738856666666664	2.07835074993
1.1082840750163991	0.0361473	2.0488684019866668
1.1100294042683934	0.04097604333333333	2.07053109737
1.111774733520388	0.029506696666666665	2.1041660557333333
1.1135200627723822	0.013473534333333332	2.0960800111266664
1.1152653920243765	0.021665421999999997	2.064512447063333
1.117010721276371	0.03146764	2.0320015405366663
1.1187560505283651	0.03285396933333333	2.0410358215666666
1.1205013797803596	0.019817779666666667	2.0756909570866666
1.1222467090323538	0.007734919666666666	2.0809112168766664
1.123992038284348	0.019432016666666663	2.056503896923333
1.1257373675363422	0.041233933333333334	2.042431491553333
1.127482696788337	0.03417597	2.0391383098699998
1.1292280260403311	0.021621896666666668	2.0556017179433335
1.1309733552923256	0.014336919499999998	2.0559709540833335
1.13271868454432	0.021147953333333334	2.028111603263333
1.1344640137963142	0.045591639999999996	2.022256855986667
1.1362093430483085	0.054045033333333325	2.047952253973333
1.1379546723003031	0.030443526666666665	2.0569193088399995
1.139700001552297	0.030523667999999997	2.056812178903333
1.1414453308042918	0.045624866666666666	2.037171309003333
1.143190660056286	0.05025810666666667	2.0135154793166667
1.14493598930828	0.054186899999999996	2.0300300168133334
1.1466813185602747	0.051855522999999994	2.055209702713333
1.1484266478122689	0.04186217666666667	2.0391035962366666
1.150171977064263	0.06363712666666667	2.028157028183333
1.1519173063162573	0.07545832999999999	2.021112848663333
1.1536626355682515	0.05385805666666667	2.01136268076
1.1554079648202462	0.04983705066666667	2.0247581355166666
1.1571532940722404	0.06686811	2.0294072979266664
1.1588986233242349	0.07025867999999999	2.0026830754066665
1.160643952576229	0.07898705	2.0058519836866666
1.1623892818282235	0.06522076333333333	2.0108972957533333
1.1641346110802178	0.03917563066666666	1.9948173126
1.165879940332212	0.06087128	1.9984329374733332
1.1676252695842066	0.09290407	2.0004417730166666
1.1693705988362009	0.07546559	1.9799334271333333
1.171115928088195	0.05630622333333333	1.9882006972966666
1.1728612573401895	0.042403835333333334	1.9883666851400001
1.1746065865921838	0.041883403333333326	1.9726163175766667
1.1763519158441782	0.07601453	1.9891544864766666
1.1780972450961724	0.08566347666666665	2.0018849840933335
1.1798425743481666	0.04479321	1.9827905980299998
1.1815879036001609	0.031687045999999996	1.9817184194266666
1.183333232852155	0.04172164666666667	1.97263329338
1.18507856210415	0.05018707333333333	1.960067059016667
1.186823891356144	0.058640236666666665	1.9776588749266666
1.1885692206081382	0.043445366666666665	1.9850763466099999
1.1903145498601329	0.01865648333333333	1.9671322971066667
1.192059879112127	0.03173627666666666	1.9654038398833333
1.1938052083641213	0.04363495333333334	1.9557920619
1.1955505376161155	0.035514637	1.9471276538466666
1.1972958668681097	0.02513741333333333	1.9558388856566664
1.1990411961201044	0.018526754	1.9521368532066667
1.2007865253720988	0.02420404333333333	1.9356738363233332
1.2025318546240933	0.03908847733333333	1.92986367
1.2042771838760875	0.02961018	1.9157686699533332
1.2060225131280817	0.016559706666666667	1.9128845446966667
1.207767842380076	0.017558265666666663	1.9242291960333333
1.2095131716320702	0.026681656999999998	1.92551501359
1.2112585008840648	0.036870173	1.9178617248533332
1.213003830136059	0.03620276	1.90662854869
1.2147491593880533	0.019740214666666665	1.8817460503199999
1.2164944886400477	0.020561246	1.8738506081533333
1.218239817892042	0.03151529233333333	1.8816882203033334
1.2199851471440364	0.036058297333333336	1.8867951521133333
1.2217304763960306	0.036762996666666665	1.8886588338933334
1.2234758056480248	0.03413567533333334	1.8830698698066666
1.225221134900019	0.02715540933333333	1.8634135806033332
1.2269664641520137	0.033811516666666666	1.8566058579766667
1.228711793404008	0.037859126666666666	1.8542151301466667
1.2304571226560024	0.03366372	1.8471151087966664
1.2322024519079966	0.03548783823333333	1.8481580447266666
1.233947781159991	0.041024006333333335	1.8559914495833332
1.2356931104119853	0.03581450333333333	1.8529469449399998
1.23743843966398	0.03399519333333333	1.8471525537833333
1.2391837689159741	0.031988151	1.8306840352799996
1.240929098167968	0.030722629333333334	1.81717456838
1.2426744274199628	0.037918032	1.8314240390333334
1.244419756671957	0.04327429666666667	1.8555113074233334
1.2461650859239515	0.032587693333333334	1.8507084242366665
1.2479104151759457	0.027445845666666666	1.8280637933400001
1.24965574442794	0.02830782533333333	1.8059095732399997
1.2514010736799341	0.030186389999999997	1.8109215397066667
1.2531464029319284	0.03377568	1.8423296351099998
1.254891732183923	0.033013701333333326	1.8545142598366668
1.2566370614359172	0.024468801666666668	1.82531936046
1.2583823906879115	0.025416672333333334	1.801199425923333
1.260127719939906	0.025814740000000003	1.8069571210733333
1.2618730491919004	0.022780589999999996	1.8368684493
1.2636183784438946	0.022475935666666662	1.8541525628166666
1.2653637076958888	0.02273518883333333	1.8275916101066667
1.267109036947883	0.020057997333333334	1.7879715162099998
1.2688543661998777	0.020678416666666664	1.7962941048066665
1.270599695451872	0.014757642333333335	1.83779275949
1.2723450247038663	0.01072211173	1.8646640621166664
1.2740903539558606	0.013552768666666666	1.8448320371966667
1.2758356832078548	0.016327616333333333	1.79820941617
1.2775810124598492	0.013779630000000001	1.78443077897
1.2793263417118435	0.011418059333333331	1.8291860607666666
1.2810716709638381	0.008981454666666666	1.8736319559833332
1.282817000215832	0.013564615999999998	1.86901032372
1.2845623294678261	0.015360828666666666	1.8222618253933334
1.286307658719821	0.011847567666666666	1.7901848940199998
1.288052987971815	0.011661107666666667	1.81387619551
1.2897983172238097	0.018517514333333332	1.8643642117533332
1.2915436464758039	0.024687483333333333	1.8733976478566667
1.293288975727798	0.031506016666666664	1.8386853182666665
1.2950343049797923	0.02875117333333333	1.8037849123199998
1.296779634231787	0.02415912333333333	1.8088692206499997
1.2985249634837812	0.03536121	1.8481003709766664
1.3002702927357757	0.053393463333333335	1.8673604586133332
1.3020156219877699	0.05300012333333333	1.8270693279699999
1.3037609512397643	0.04861993333333334	1.779810674883333
1.3055062804917585	0.0510927	1.77742300209
1.3072516097437528	0.05853290333333333	1.809234903723333
1.308996938995747	0.07483780333333331	1.8387961521066665
1.3107422682477412	0.08734985333333334	1.8307253015399998
1.3124875974997359	0.07005433999999999	1.7728126781766669
1.31423292675173	0.058464046666666665	1.7341244850133333
1.3159782560037245	0.07771550333333334	1.7565580692499998
1.3177235852557188	0.09771424666666667	1.795718330673333
1.319468914507713	0.10389865666666667	1.8101961704299998
1.3212142437597074	0.10015994666666667	1.7895051922
1.3229595730117016	0.07527365	1.7329995811366665
1.3247049022636959	0.06927309666666666	1.7093579732766666
1.3264502315156905	0.10079653666666666	1.7536331006833334
1.3281955607676847	0.11883157000000001	1.79950501963
1.3299408900196792	0.10644195666666667	1.7978652576899998
1.3316862192716734	0.09313931666666667	1.7632735661099999
1.3334315485236676	0.07872103999999999	1.7181662718733333
1.3351768777756619	0.08259473	1.7214081700533335
1.336922207027656	0.10764500333333334	1.7792302177466666
1.338667536279651	0.10790742666666665	1.8054947251066666
1.3404128655316452	0.08017713	1.7672089013466667
1.3421581947836396	0.07126543333333332	1.7267094990233334
1.3439035240356338	0.07695710333333333	1.7205994757200003
1.345648853287628	0.08392178	1.75679135175
1.3473941825396225	0.08971773333333333	1.8003197271333333
1.3491395117916167	0.07559330333333333	1.784117073993333
1.350884841043611	0.048486249999999995	1.7204777684066666
1.3526301702956052	0.05038701333333333	1.69764546618
1.3543754995475994	0.06593538	1.7258470638633332
1.356120828799594	0.06421996666666666	1.7597249969999997
1.3578661580515883	0.05418393999999999	1.7666559415933332
1.3596114873035827	0.04255280333333333	1.73109781466
1.361356816555577	0.02899718	1.6854347999666666
1.3631021458075712	0.0363847	1.6914886716500002
1.3648474750595656	0.04814124666666667	1.7249848412166666
1.3665928043115598	0.03894899333333333	1.7318817845033332
1.3683381335635545	0.02664348	1.7127968439266665
1.3700834628155487	0.023853146666666665	1.68758556172
1.371828792067543	0.019218090999999996	1.6748723080233332
1.3735741213195374	0.022487877000000003	1.6953372488333331
1.3753194505715316	0.02654367333333333	1.7138512599200002
1.377064779823526	0.01964395966666667	1.6992572211166665
1.3788101090755203	0.014313479999999998	1.6763866429733334
1.3805554383275145	0.016839656666666664	1.6705237651199998
1.3823007675795091	0.015697547	1.67906404677
1.384046096831503	0.015301678333333334	1.6963977939266663
1.3857914260834978	0.014738966666666667	1.6981494939133333
1.387536755335492	0.012505971333333333	1.6814803927299997
1.3892820845874863	0.012004815333333332	1.6717357476099999
1.3910274138394805	0.014930015666666666	1.6787601262933332
1.3927727430914747	0.016864419999999998	1.6892729042633334
1.3945180723434691	0.017193899999999998	1.6946340401033333
1.3962634015954638	0.014325984	1.6868896689666668
1.398008730847458	0.014642485333333332	1.67574698991
1.3997540600994525	0.017087519333333332	1.6714764066133334
1.4014993893514467	0.020311496666666665	1.6740543319566665
1.4032447186034411	0.02537432	1.6809615312
1.4049900478554354	0.027112506666666664	1.6876292105533333
1.4067353771074296	0.020746383333333333	1.6827721532766664
1.4084807063594238	0.020882831999999997	1.6741319021466663
1.410226035611418	0.027269873333333333	1.66674551769
1.4119713648634127	0.031027179999999994	1.6603874715033333
1.413716694115407	0.03506774666666666	1.6615766536433334
1.4154620233674011	0.037563766666666665	1.6660414688299998
1.4172073526193956	0.030373186666666666	1.6579698840533332
1.4189526818713898	0.03042961	1.652472426873333
1.420698011123384	0.03989078333333333	1.6567671152133334
1.4224433403753782	0.04092785	1.6538803092566667
1.4241886696273727	0.03723423666666667	1.6436950535266668
1.4259339988793673	0.03885138	1.635795905133333
1.4276793281313616	0.035625036666666665	1.6258238245733332
1.429424657383356	0.03615177	1.6287210606099998
1.4311699866353502	0.043866909999999995	1.642390680683333
1.4329153158873444	0.04181642333333333	1.6384818165666666
1.4346606451393389	0.03446891333333333	1.6230777125933333
1.436405974391333	0.03675447666666667	1.6220259853199999
1.4381513036433278	0.03704055	1.6269784601133335
1.439896632895322	0.03599945666666666	1.6324120421566666
1.4416419621473162	0.03811723	1.63280662286
1.4433872913993107	0.03461702666666667	1.6190874256433334
1.4451326206513049	0.030383003333333332	1.6121921126633334
1.446877949903299	0.03447566	1.6287177463133333
1.4486232791552933	0.03442813333333333	1.6395133257199999
1.4503686084072875	0.03222376	1.6337300417166667
1.452113937659282	0.033503859999999996	1.6249983617166666
1.4538592669112762	0.031432272	1.6214903696866667
1.4556045961632709	0.029045473999999995	1.6343501727799998
1.457349925415265	0.03135606233333333	1.6566910092733331
1.4590952546672595	0.027374862333333333	1.6523949610866666
1.460840583919254	0.023795898	1.62753131923
1.4625859131712482	0.02798468133333333	1.6159604869566666
1.4643312424232424	0.02928558366666667	1.6228610454566665
1.4660765716752366	0.027079015666666668	1.6407999930133332
1.4678219009272309	0.026544090666666666	1.6570013264299999
1.4695672301792255	0.018874876999999998	1.6458546136466667
1.4713125594312197	0.015123730333333335	1.6232215608166665
1.4730578886832142	0.02346532	1.6191838370633331
1.4748032179352084	0.026016066666666664	1.6243460299233334
1.4765485471872026	0.021610829999999998	1.629027573343333
1.478293876439197	0.021004023333333333	1.6343616367899998
1.480039205691191	0.01464849	1.6227028736666667
1.481784534943186	0.014251363333333333	1.6064208826966664
1.4835298641951802	0.02829827	1.6075842773800002
1.4852751934471744	0.030003836666666665	1.608400264683333
1.4870205226991688	0.02010024	1.6049903829433332
1.488765851951163	0.021633046000000003	1.6121865130700002
1.4905111812031575	0.021565205000000004	1.6090714741966665
1.4922565104551517	0.022683807666666667	1.5969335829966664
1.494001839707146	0.037751513333333334	1.5994359465066665
1.4957471689591406	0.04042204033333333	1.5994945433799999
1.4974924982111348	0.027669044000000004	1.5903603962866666
1.4992378274631293	0.030329359666666666	1.5957350208733332
1.5009831567151235	0.035904976	1.599326308223333
1.5027284859671177	0.03392736133333333	1.5914897097566665
1.504473815219112	0.04280031266666667	1.5959310479433333
1.5062191444711062	0.048062254	1.6006524868533334
1.5079644737231006	0.03706948333333333	1.59051368516
1.5097098029750948	0.038570056666666665	1.5921497917633332
1.511455132227089	0.04812505	1.5992272076099998
1.5132004614790837	0.04450352666666666	1.5906658092600001
1.514945790731078	0.04559385333333333	1.58817558491
1.5166911199830724	0.05247719333333334	1.5952814890266664
1.5184364492350666	0.045069899999999996	1.5914373735366667
1.520181778487061	0.04364095666666666	1.5930771382966666
1.5219271077390553	0.054272520000000005	1.59831405131
1.5236724369910495	0.051178333333333326	1.5806407650333334
1.5254177662430441	0.04582463666666667	1.5631738810333333
1.5271630954950384	0.05229737333333333	1.5698168476199998
1.5289084247470326	0.04994642333333333	1.578796521143333
1.530653753999027	0.046940436666666654	1.5881789622933333
1.5323990832510213	0.05618402333333333	1.5957721562666667
1.5341444125030157	0.055620449999999995	1.57539340206
1.53588974175501	0.04730101333333332	1.5463890822966664
1.537635071007004	0.050184089999999994	1.5462301721933334
1.5393804002589988	0.05047681999999999	1.5597405460366667
1.541125729510993	0.04707969333333334	1.569490090523333
1.5428710587629875	0.05398380666666667	1.5716355251733334
1.5446163880149817	0.056370149999999994	1.5505733760833333
1.546361717266976	0.04746246333333333	1.525757973876667
1.5481070465189704	0.04538659666666667	1.5367139552033333
1.5498523757709646	0.04669613	1.5631881551133333
1.5515977050229588	0.04427256333333333	1.5655869752533331
1.553343034274953	0.04796635333333333	1.5445830426499998
1.5550883635269477	0.05012625333333333	1.5155901884033334
1.556833692778942	0.04019228666666666	1.5043106143766665
1.5585790220309363	0.03438143666666666	1.5335414993533334
1.5603243512829306	0.037034936666666664	1.5661089303366666
1.5620696805349248	0.03582925666666667	1.5514112821466668
1.563815009786919	0.03517326333333333	1.5081532753433333
1.5655603390389135	0.035859873333333334	1.4820535558599999
1.5673056682909077	0.028579513333333334	1.4907128440233333
1.5690509975429023	0.023576713333333332	1.52842794613
1.5707963267948966	0.027125086666666666	1.5546347227733333
1.5725416560468908	0.025880983333333333	1.5291218665533333
1.5742869852988854	0.020639443	1.4793389441666664
1.5760323145508797	0.019426989999999998	1.4582633706433334
1.5777776438028739	0.0172733	1.47526751927
1.579522973054868	0.015915589666666667	1.5113250540633332
1.5812683023068623	0.019575620000000002	1.5349596142833333
1.583013631558857	0.018660056666666664	1.5164560867733332
1.5847589608108512	0.012048560666666666	1.4752397208633332
1.5865042900628454	0.010382260333333332	1.4601917817
1.5882496193148399	0.01256089	1.48093875639
1.589994948566834	0.013813857666666665	1.5105864184666666
1.5917402778188283	0.016482136666666664	1.5213319691899998
1.5934856070708228	0.015676336666666665	1.4977587380033335
1.5952309363228174	0.009242171666666667	1.4641207921700001
1.5969762655748112	0.007968132999999999	1.4687926342433333
1.5987215948268054	0.012627676999999999	1.5127646954066667
1.6004669240788003	0.014166649999999998	1.5482058969066668
1.6022122533307945	0.014770357	1.5437247326433332
1.603957582582789	0.014567967000000001	1.5049719667233332
1.6057029118347832	0.010528257666666667	1.4694694422533332
1.6074482410867772	0.010353676999999999	1.4798622094299998
1.6091935703387716	0.015587189666666664	1.5267456277899998
1.6109388995907659	0.016146939	1.5555004038166667
1.6126842288427607	0.013610965666666664	1.5414547740233333
1.614429558094755	0.013396269999999998	1.5074777397666665
1.6161748873467492	0.013661818333333332	1.4901212543433333
1.6179202165987434	0.014532771666666666	1.5086156501933332
1.6196655458507376	0.017189489333333332	1.5441307706033331
1.621410875102732	0.01698583533333333	1.5555986096766665
1.6231562043547263	0.014192615	1.5317892906400001
1.624901533606721	0.014170866233333333	1.5001467085433333
1.6266468628587152	0.017254731	1.49035340363
1.6283921921107094	0.018664859	1.506843754273333
1.630137521362704	0.01905307863333333	1.5317594187633334
1.6318828506146983	0.019786506126999996	1.5403854521833333
1.6336281798666925	0.020027373833333334	1.5261297076233333
1.6353735091186867	0.020123305666666664	1.50486917761
1.637118838370681	0.02047151233333333	1.4957353629966665
1.6388641676226756	0.019176749333333333	1.5032928502333331
1.6406094968746698	0.018931661366666665	1.5176752895699999
1.642354826126664	0.02042248333333333	1.5210308168133333
1.6441001553786583	0.021953953999999998	1.5092920984799998
1.6458454846306525	0.022746709666666663	1.4953590291933332
1.647590813882647	0.021909647666666664	1.49241115168
1.6493361431346412	0.019866746999999997	1.5036239114966667
1.6510814723866354	0.020510465666666665	1.51976240256
1.6528268016386303	0.021016128666666665	1.5205453100866664
1.654572130890624	0.020044119	1.5039145813366668
1.6563174601426187	0.019658033	1.4870404405
1.6580627893946132	0.018817516666666662	1.4811976763766665
1.6598081186466074	0.017132428206666665	1.4872347682699998
1.6615534478986018	0.017725332666666666	1.4999365346333333
1.663298777150596	0.017467295333333334	1.5036427206299998
1.6650441064025903	0.016317203333333332	1.4954508077699997
1.6667894356545845	0.0163978656	1.4862736987633334
1.6685347649065787	0.0163597801	1.4803570647566666
1.6702800941585736	0.015164504866666666	1.4769911874866666
1.6720254234105678	0.014992823666666669	1.4800320589400002
1.673770752662562	0.013504554666666665	1.4841687711166665
1.6755160819145563	0.011511204366666666	1.4839648035266664
1.6772614111665505	0.011278733566666666	1.48077292883
1.679006740418545	0.012046138433333332	1.4746260613466664
1.6807520696705391	0.011765682333333333	1.466930017513333
1.6824973989225334	0.012347936666666667	1.47071199687
1.684242728174528	0.011268364666666666	1.4858924447900002
1.6859880574265222	0.008304319066666666	1.4964828966333332
1.6877333866785167	0.008286448999999998	1.4927036514233332
1.6894787159305111	0.011319133666666665	1.4766724850666666
1.6912240451825054	0.011099033333333331	1.4579400894366668
1.6929693744344996	0.010964444666666665	1.4590829485599999
1.6947147036864938	0.011002037999999999	1.4812603095566665
1.6964600329384885	0.008290133333333333	1.4971323824733331
1.6982053621904827	0.009272052333333333	1.4927903441466666
1.6999506914424771	0.015761583333333332	1.4782484860066667
1.7016960206944713	0.01565975333333333	1.4627099149666667
1.7034413499464653	0.013254669666666666	1.4617366074366664
1.7051866791984598	0.015180307333333332	1.4752727587766667
1.706932008450454	0.014931983333333333	1.4780711892266667
1.708677337702449	0.014820003	1.4631033850766664
1.7104226669544431	0.021577158	1.4501381935366666
1.7121679962064373	0.022053408	1.4426359519933334
1.7139133254584316	0.017471137666666667	1.4445779559833334
1.7156586547104258	0.02176117633333333	1.4623856162666666
1.7174039839624204	0.027218916333333332	1.4756547555466666
1.7191493132144147	0.02512685	1.4647183784333333
1.7208946424664089	0.028054111666666662	1.4461965932233334
1.722639971718403	0.030298553	1.4308879374433332
1.7243853009703973	0.025922558999999998	1.42556200189
1.726130630222392	0.03165259166666666	1.4450294662333332
1.7278759594743864	0.04391825666666666	1.4688389623266664
1.7296212887263807	0.040522169999999996	1.4569589587266667
1.7313666179783749	0.035948226666666666	1.4281709404433331
1.733111947230369	0.040859969999999995	1.4177788414333332
1.7348572764823635	0.04205942666666666	1.42749830821
1.7366026057343578	0.04699466333333333	1.45235999789
1.738347934986352	0.06123230333333333	1.4730154311499999
1.7400932642383462	0.057908066666666674	1.45090545962
1.7418385934903404	0.04545175666666666	1.4088398979866668
1.7435839227423353	0.05219568333333333	1.3996210131266666
1.7453292519943295	0.06369667	1.41557870729
1.7470745812463238	0.06417552333333333	1.4272371425166668
1.7488199104983182	0.06857333333333333	1.4355034099466666
1.7505652397503124	0.06650830333333332	1.4266746714366667
1.7523105690023066	0.05407857333333333	1.40303609322
1.7540558982543013	0.06084184333333334	1.4024663688699999
1.7558012275062955	0.08031441	1.4212179307100001
1.75754655675829	0.07554177666666666	1.4201936172766665
1.7592918860102842	0.06243750333333334	1.4118167369066665
1.7610372152622784	0.06066983666666667	1.40894451202
1.7627825445142726	0.05766585333333333	1.39504954597
1.7645278737662669	0.06130632999999999	1.38586372821
1.7662732030182617	0.07778115	1.3998790752033332
1.768018532270256	0.07252034333333332	1.4043704266466666
1.7697638615222502	0.05109148	1.3956428890099999
1.7715091907742444	0.04998084999999999	1.3988407522700002
1.7732545200262386	0.059432886666666664	1.4012947344066666
1.7749998492782333	0.05948625666666667	1.3925579609599998
1.7767451785302275	0.06263529333333333	1.3945351174799998
1.7784905077822217	0.05939834666666667	1.3927564314166665
1.780235837034216	0.04292711333333333	1.3724735019
1.7819811662862102	0.040378896666666664	1.3639161353533331
1.7837264955382048	0.05487228666666667	1.3758318087866668
1.785471824790199	0.05508615	1.3772488655133333
1.7872171540421935	0.04732630666666666	1.37275786647
1.7889624832941877	0.04700818	1.3729268219399997
1.790707812546182	0.04328568333333333	1.3647167485633331
1.7924531417981764	0.03870813666666667	1.35660883102
1.7941984710501706	0.046881320000000004	1.3640228176399998
1.7959438003021653	0.04672662333333333	1.359163704173333
1.7976891295541597	0.033932529999999995	1.33863472196
1.7994344588061533	0.03218459666666666	1.3340157557399999
1.8011797880581482	0.03811937666666666	1.3426599791566665
1.8029251173101424	0.03561771	1.34390342755
1.8046704465621368	0.03692110333333333	1.3465570866166667
1.806415775814131	0.03840685	1.342522800723333
1.8081611050661253	0.029626816666666667	1.32309042333
1.8099064343181195	0.024683009999999995	1.3128982889399998
1.8116517635701137	0.030523763333333332	1.3224658680366663
1.8133970928221086	0.029359463333333335	1.3266657418533332
1.8151424220741028	0.025648042	1.32555567076
1.816887751326097	0.027991256666666665	1.3250136195433333
1.8186330805780913	0.027164936666666667	1.31320033118
1.8203784098300855	0.021430296666666668	1.2965032147733333
1.82212373908208	0.02326278	1.2987390935866667
1.8238690683340746	0.024395026666666667	1.3085427284233333
1.8256143975860688	0.021121037666666665	1.3125414303866667
1.827359726838063	0.023728321666666666	1.3154458385766665
1.8291050560900572	0.028347626666666667	1.3105583287
1.830850385342052	0.02230513333333333	1.2904410548933332
1.8325957145940461	0.018066421	1.2809883982466665
1.8343410438460404	0.019817132333333334	1.2892906983833332
1.8360863730980346	0.019590441	1.2963789452399999
1.8378317023500288	0.020803401333333332	1.2966327730366667
1.8395770316020235	0.026412916666666664	1.29178419531
1.8413223608540177	0.022795026666666666	1.27353689889
1.843067690106012	0.016254058333333335	1.26202590678
1.8448130193580063	0.017452787666666667	1.2752965350733332
1.8465583486100006	0.019873629999999996	1.2926768214866666
1.8483036778619948	0.0176242	1.2891546630366666
1.850049007113989	0.018453986666666665	1.272702289131
1.8517943363659835	0.017321846666666668	1.2543416165296666
1.8535396656179781	0.013487124333333333	1.2494226275463332
1.8552849948699723	0.014563316666666666	1.2670976650886665
1.8570303241219668	0.019101479999999997	1.2874082215646667
1.858775653373961	0.016735193333333332	1.2805594128739999
1.8605209826259552	0.014085499333333334	1.2588771584036667
1.8622663118779497	0.014220277	1.2466643754266666
1.8640116411299439	0.013915503333333332	1.249750528568
1.865756970381938	0.014285217999999997	1.2610668759996666
1.8675022996339323	0.018579020999999998	1.2711323309370002
1.8692476288859265	0.01811238466666667	1.2631534981039998
1.8709929581379214	0.015013736333333333	1.2440082470283333
1.8727382873899157	0.01502462133333333	1.2339583735623334
1.8744836166419099	0.016607788999999998	1.239363067837
1.876228945893904	0.015548962666666668	1.2501788514683332
1.8779742751458983	0.017604985333333333	1.2611060411716668
1.8797196043978928	0.019332502666666668	1.2587221604223333
1.881464933649887	0.018155734666666666	1.2399624726313334
1.8832102629018816	0.01775207733333333	1.2238532415003334
1.8849555921538759	0.020123646333333335	1.2298697607906666
1.88670092140587	0.017627000999999996	1.2472197128253333
1.8884462506578648	0.015722605866666666	1.260116728122
1.890191579909859	0.018582616266666664	1.2567349537269998
1.8919369091618532	0.021534851666666667	1.238328107233
1.8936822384138474	0.020505097	1.2227690950943333
1.8954275676658416	0.020818292199999998	1.2312817480713332
1.8971728969178363	0.018566298133333332	1.250876543414
1.8989182261698305	0.015451228666666665	1.2589878287660001
1.900663555421825	0.017455178466666665	1.249767157964
1.9024088846738192	0.023359465	1.2336469983803333
1.9041542139258134	0.022446688	1.2196684807809999
1.9058995431778076	0.019296707433333334	1.2216545899786666
1.9076448724298019	0.018876144433333332	1.236421562643
1.9093902016817967	0.019319375333333333	1.2461441804226667
1.911135530933791	0.018899249	1.2398596675146667
1.9128808601857852	0.02277836106666667	1.2272810942439998
1.9146261894377794	0.0228730746	1.2143464830036665
1.9163715186897738	0.01857714733333333	1.2125229059649998
1.9181168479417683	0.018549558799999998	1.2283385112063332
1.9198621771937625	0.022293113866666662	1.246641721090333
1.9216075064457567	0.02006370033333333	1.243222591741333
1.923352835697751	0.019801471666666667	1.2252872764579998
1.9250981649497452	0.022330834999999997	1.2102408897783332
1.92684349420174	0.022132003333333334	1.2123589315116665
1.9285888234537343	0.020904560666666662	1.233055675467
1.9303341527057285	0.022951568866666664	1.2552423693346666
1.9320794819577227	0.02005353589666667	1.2515484739279998
1.933824811209717	0.016920483666666666	1.2293358098456664
1.9355701404617114	0.020423130666666664	1.2148499080953332
1.9373154697137056	0.026213986	1.2207294516706666
1.9390607989656998	0.024237295333333332	1.2349630764653332
1.9408061282176947	0.020690379666666668	1.2449649105563334
1.9425514574696887	0.018853210333333332	1.23911049688
1.9442967867216832	0.018416561666666664	1.2223511406599998
1.9460421159736774	0.019951787333333335	1.2101309103496665
1.9477874452256718	0.0254728901	1.2133717399326667
1.949532774477666	0.02487543066666667	1.2223359270913332
1.9512781037296603	0.019698609333333332	1.2311454493793332
1.953023432981655	0.017654164	1.2347237670990001
1.9547687622336491	0.019654266999999996	1.2289844557206666
1.9565140914856434	0.018627804999999997	1.2148135228236667
1.9582594207376378	0.018919113999999997	1.2082965145339997
1.960004749989632	0.020887883333333333	1.2159343278913333
1.9617500792416263	0.021926766666666667	1.2320923907306667
1.9634954084936205	0.01891238666666667	1.2404292373430001
1.9652407377456147	0.017487847	1.2354738796663334
1.9669860669976096	0.016988127333333332	1.2221288673346664
1.9687313962496038	0.01699914	1.215085127034333
1.970476725501598	0.017774704666666665	1.2189886638499998
1.9722220547535922	0.020443638666666663	1.2286101890606667
1.9739673840055865	0.017458187666666666	1.229946426334
1.9757127132575811	0.013682689999999997	1.2243984983403333
1.9774580425095754	0.015211576666666666	1.219316166634
1.9792033717615696	0.019626949999999997	1.218836241949
1.9809487010135638	0.01876032	1.2163798920826667
1.982694030265558	0.016951344333333333	1.212223120224
1.9844393595175527	0.015011554999999998	1.2075459700983333
1.9861846887695471	0.01381812	1.2069787760296666
1.9879300180215413	0.013326659999999999	1.2093791985799998
1.9896753472735356	0.01610215333333333	1.2155776514049998
1.9914206765255298	0.01602381333333333	1.219420180107
1.9931660057775242	0.013543498999999997	1.2188168439773333
1.9949113350295185	0.012567047666666666	1.2154794787063332
1.9966566642815133	0.014837627	1.2154117316856665
1.9984019935335076	0.012461840666666665	1.2141830987583333
2.0001473227855016	0.010402357	1.2142504438096666
2.0018926520374962	0.012903611333333332	1.2168322810596666
2.0036379812894904	0.016338056666666663	1.2178234103216665
2.0053833105414847	0.014897793333333333	1.2109837502126666
2.0071286397934793	0.015134254	1.2060509393056664
2.0088739690454736	0.014321310333333332	1.2055732600329998
2.0106192982974678	0.011880940333333333	1.2083180699503333
2.012364627549462	0.013274731000000001	1.2131475532776665
2.014109956801456	0.019623753333333334	1.2174274256483333
2.0158552860534504	0.017313539999999995	1.207976381548333
2.0176006153054447	0.012210698	1.1951187422833334
2.019345944557439	0.014278342	1.197304941331
2.021091273809433	0.01827267233333333	1.2132139585496666
2.022836603061428	0.015651806	1.223767767858
2.0245819323134224	0.01620690533333333	1.2245938041583333
2.0263272615654166	0.01685587833333333	1.2116493988653332
2.028072590817411	0.01416804	1.1947002963863331
2.029817920069405	0.015206309333333334	1.1948283827596666
2.0315632493213998	0.021471596666666665	1.215562940119
2.033308578573394	0.017354784666666664	1.2272284318606665
2.035053907825388	0.010901234999999999	1.2219593981133332
2.036799237077383	0.01429197133333333	1.210922036307
2.0385445663293766	0.019848969999999997	1.1991300323973333
2.0402898955813713	0.016680886333333332	1.1870981212029998
2.0420352248333655	0.015988928666666666	1.18917061838
2.0437805540853597	0.016231731	1.1995591029736667
2.045525883337354	0.013939991666666667	1.2066214672433333
2.047271212589348	0.01567381	1.2088561874883332
2.0490165418413424	0.022157493333333333	1.2055605462326666
2.0507618710933366	0.017294481666666667	1.1885849417299998
2.052507200345331	0.009739253666666666	1.179644669404
2.054252529597326	0.012407670666666665	1.1958291547639999
2.05599785884932	0.018830083333333334	1.2184342425873333
2.0577431881013144	0.017415211	1.2191654931206666
2.0594885173533086	0.017161393333333334	1.2051017535439998
2.0612338466053033	0.017026433333333334	1.1896316373456666
2.0629791758572975	0.013775188666666667	1.1861991907313332
2.0647245051092917	0.013200813666666667	1.2010915563466664
2.0664698343612864	0.01963969633333333	1.2210652104589999
2.0682151636132806	0.018032848666666663	1.2164081844533332
2.069960492865275	0.013142444999999997	1.1977114659223331
2.071705822117269	0.017116116333333334	1.1919258489213331
2.0734511513692633	0.022968017999999996	1.1993613848493332
2.0751964806212575	0.018212071333333333	1.2046066690026667
2.0769418098732517	0.016383868333333333	1.2127016800686665
2.078687139125246	0.018588346666666665	1.2163231050099998
2.080432468377241	0.01826946	1.2089327486926666
2.0821777976292353	0.019073286666666665	1.201019965253
2.08392312688123	0.024776640000000003	1.2024550297003334
2.0856684561332237	0.02139644133333333	1.203399960649333
2.087413785385218	0.01633386	1.2135427334663333
2.0891591146372126	0.02180346	1.2362961558299999
2.090904443889207	0.029135943333333334	1.2479886392133333
2.0926497731412015	0.02385791	1.2327840872433333
2.0943951023931957	0.01922129	1.2185988937066665
2.0961404316451895	0.019225343333333332	1.2206430332666667
2.097885760897184	0.019324623333333332	1.2330308856866665
2.0996310901491784	0.02223178	1.2472045945933332
2.1013764194011726	0.029963773333333332	1.2533788808466666
2.103121748653167	0.026314556666666662	1.2375356191466667
2.104867077905161	0.018072006666666668	1.2239770155733334
2.1066124071571553	0.01895981	1.2352815414133334
2.1083577364091495	0.023854503333333332	1.25506858415
2.1101030656611446	0.021328613333333333	1.25856036758
2.111848394913139	0.02156376	1.2555652040333332
2.113593724165133	0.02338715	1.2500860944166665
2.1153390534171272	0.021745336666666663	1.2432412311433332
2.1170843826691215	0.02007819333333333	1.2446629714633333
2.118829711921116	0.02394142333333333	1.2593707827233331
2.1205750411731104	0.022367736666666665	1.26901210813
2.1223203704251046	0.019756743333333333	1.2740524091499998
2.124065699677099	0.023899073333333333	1.2799068428533333
2.1258110289290935	0.02855263333333333	1.2777884705466667
2.1275563581810877	0.022777068	1.2639485747299999
2.129301687433082	0.019042872666666665	1.2650410961233334
2.131047016685076	0.020031761666666665	1.2827023084399998
2.1327923459370703	0.020516865333333332	1.295595854283333
2.1345376751890646	0.020253985666666665	1.2944479010233332
2.1362830044410597	0.02313784533333333	1.2886121626799998
2.138028333693054	0.019253669333333334	1.2783129337033334
2.139773662945048	0.014394053999999998	1.27897635856
2.141518992197043	0.017794204999999997	1.29896583218
2.143264321449037	0.024920590333333333	1.3184021827733334
2.1450096507010312	0.023030582	1.3144258230799999
2.1467549799530254	0.0212719273	1.3061719321666667
2.1485003092050197	0.02246174333333333	1.3077795883066665
2.1502456384570143	0.022351846666666664	1.31419617723
2.1519909677090086	0.021119340333333333	1.3219559183966665
2.1537362969610028	0.024652722766666663	1.3345459365899999
2.155481626212997	0.0230199066	1.33617565677
2.157226955464991	0.019479344566666668	1.3289797760033333
2.1589722847169854	0.021818082766666663	1.32679039844
2.1607176139689797	0.026348616666666665	1.3298771137199998
2.162462943220974	0.022053094	1.3293395074666665
2.164208272472968	0.018775630066666667	1.3394135547366668
2.1659536017249623	0.019483988666666667	1.3564192340466665
2.1676989309769574	0.020126537666666666	1.3587341965066666
2.1694442602289516	0.019449822666666665	1.3411477318066667
2.171189589480946	0.023288639666666666	1.3273356231433333
2.17293491873294	0.022766537666666663	1.3246988932833332
2.1746802479849343	0.02001266933333333	1.335309371293333
2.176425577236929	0.022632870333333333	1.3553863762799998
2.178170906488923	0.027826646666666666	1.37043427556
2.179916235740918	0.023932947	1.366428960733333
2.1816615649929116	0.022344954	1.3650192944033332
2.183406894244906	0.02720732866666667	1.3771229132633334
2.1851522234969005	0.03142548666666666	1.3876230495266668
2.1868975527488947	0.031047079999999994	1.3847912601166668
2.188642882000889	0.03285059666666666	1.3814438069266668
2.190388211252883	0.03066516	1.3757647734633331
2.1921335405048774	0.02788205333333333	1.3662219021533333
2.1938788697568716	0.031497189999999994	1.360135606333333
2.1956241990088667	0.03847116666666667	1.3644417285866668
2.197369528260861	0.034156479999999996	1.3692448065633331
2.199114857512855	0.028403996666666667	1.3780324485833333
2.20086018676485	0.03103968333333333	1.3880473389166668
2.202605516016844	0.03612693333333333	1.3852925464666666
2.2043508452688383	0.03501720333333333	1.368440156343333
2.206096174520833	0.03754630666666667	1.3658891962433333
2.207841503772827	0.03938419333333333	1.3777553218933332
2.2095868330248214	0.03724299666666667	1.3841965770433333
2.2113321622768156	0.03738384	1.3793770204633333
2.21307749152881	0.04314489666666666	1.3750934641833332
2.214822820780804	0.04131852333333333	1.36942757662
2.2165681500327983	0.03934706333333333	1.3705154394066668
2.2183134792847925	0.04576508	1.3818719042799998
2.2200588085367867	0.051206916666666664	1.3897973875466665
2.221804137788781	0.04238213666666666	1.37855665899
2.223549467040776	0.035324003333333326	1.3653098265499999
2.2252947962927703	0.03711994333333333	1.35788648336
2.2270401255447645	0.040853006666666664	1.3493892563666665
2.2287854547967587	0.04281052333333333	1.3412630689366667
2.230530784048753	0.04801155333333333	1.3472397598433332
2.2322761133007476	0.04524614	1.3527380176166663
2.234021442552742	0.03883606666666666	1.3467975790366666
2.235766771804736	0.041249806666666666	1.33594184501
2.2375121010567303	0.049625243333333326	1.3302219906033332
2.239257430308725	0.04733348333333333	1.3271375433033332
2.241002759560719	0.044598066666666665	1.33786550265
2.2427480888127134	0.04940574333333332	1.35825343431
2.2444934180647076	0.05272538	1.3640540863366664
2.246238747316702	0.045398643333333336	1.3405007391333332
2.247984076568696	0.04263872	1.3121902511799999
2.2497294058206903	0.045763393333333326	1.2930424486866665
2.2514747350726845	0.04770589333333333	1.28137637962
2.2532200643246787	0.04827735	1.2767836705566664
2.254965393576674	0.05140840666666666	1.282574763503333
2.256710722828668	0.04451071333333333	1.2814321656466667
2.2584560520806622	0.036438639999999994	1.2737871873233333
2.260201381332657	0.041682859999999995	1.2713297039766664
2.261946710584651	0.05169209333333333	1.2734464314533331
2.2636920398366454	0.04682827333333334	1.268841193923333
2.26543736908864	0.04140704666666666	1.2712589138933335
2.2671826983406342	0.044485300000000005	1.2797645238766666
2.2689280275926285	0.046349833333333326	1.2738521778566665
2.2706733568446227	0.041137763333333334	1.2470669828699998
2.272418686096617	0.041962966666666664	1.2259252716699998
2.274164015348611	0.043624243333333326	1.2181574332733334
2.2759093446006062	0.04265505666666666	1.21913088947
2.2776546738525996	0.043850833333333325	1.2226419205
2.279400003104594	0.04726161999999999	1.2218427093466666
2.281145332356588	0.03933631	1.2032761024899998
2.2828906616085836	0.0316486	1.1830688406333332
2.284635990860578	0.035996	1.1787822229466667
2.286381320112572	0.043277703333333334	1.18557053825
2.288126649364566	0.03774656333333333	1.1874391290266666
2.28987197861656	0.033567799999999995	1.194127710439
2.291617307868555	0.03776470999999999	1.20436237121
2.2933626371205493	0.041440726666666663	1.2028925588113333
2.2951079663725436	0.03812841333333333	1.1851622302029998
2.2968532956245378	0.03867205333333333	1.1722768191973332
2.2985986248765315	0.038140240000000006	1.1683063821803332
2.300343954128526	0.03579126666666667	1.1720543942276667
2.3020892833805204	0.038101963333333336	1.1800940821809998
2.3038346126325147	0.044539909999999995	1.1834016565403331
2.305579941884509	0.039615943333333334	1.166844518589
2.307325271136503	0.03369867	1.148256441809333
2.309070600388498	0.03776252333333333	1.1455992886196666
2.3108159296404924	0.04237553833333333	1.1520806954199998
2.3125612588924866	0.03410598033333333	1.1512090719799999
2.314306588144481	0.02894529	1.1544739793946666
2.316051917396475	0.031537918666666664	1.164122369454
2.3177972466484698	0.03376819666666667	1.1711011239226665
2.319542575900464	0.032431379999999996	1.1702014710429998
2.321287905152458	0.03476332733333333	1.1692158809070001
2.3230332344044524	0.032762476666666665	1.163813060057333
2.324778563656447	0.02950022566666667	1.1604184230966665
2.3265238929084413	0.03096227	1.1636649325283333
2.3282692221604355	0.034753837999999995	1.1661078274206667
2.3300145514124297	0.029467286666666665	1.153588844391
2.331759880664424	0.025007679999999997	1.1420021623736667
2.333505209916418	0.028133101666666663	1.145364144849
2.3352505391684133	0.03294824366666666	1.1566702397853332
2.3369958684204075	0.028346004999999997	1.1573410370373334
2.3387411976724017	0.025417297666666665	1.1547559974403332
2.340486526924396	0.027582526666666666	1.155367492511
2.34223185617639	0.02918686033333333	1.159370037309
2.343977185428385	0.026240926333333334	1.1628872283223335
2.345722514680379	0.02711386133333333	1.1689227492446665
2.3474678439323733	0.026837548999999995	1.170626063377
2.3492131731843675	0.026526753666666666	1.174561822132333
2.3509585024363617	0.029228097666666664	1.1849020890896667
2.3527038316883564	0.033753477000000004	1.19198832892
2.3544491609403506	0.029127201666666665	1.1783766832803333
2.356194490192345	0.024352134999999997	1.159636156026
2.357939819444339	0.026632519333333333	1.1536301839973333
2.3596851486963333	0.030741295333333335	1.1586507269669999
2.3614304779483275	0.025988286	1.1597261788026667
2.3631758072003217	0.02314445533333333	1.163355153106
2.364921136452316	0.02427506	1.171755775643
2.36666646570431	0.024697504999999998	1.1819574952453333
2.3684117949563044	0.02140337233333333	1.1859102331566667
2.3701571242083	0.021277828633333332	1.1826388428899999
2.371902453460294	0.019695351	1.1690863766583333
2.373647782712288	0.018751863666666667	1.1601253153726667
2.375393111964282	0.019727587999999997	1.164400657789333
2.3771384412162764	0.022657721333333332	1.1747648619639999
2.3788837704682715	0.019609611	1.1724335528803334
2.3806290997202657	0.017036851666666665	1.163592556823
2.38237442897226	0.018763973666666666	1.1579473276866665
2.384119758224254	0.022113032666666664	1.1560765448423334
2.3858650874762484	0.018249404333333333	1.1491212663223331
2.3876104167282426	0.015573441666666667	1.1468182067006665
2.389355745980237	0.015821148	1.1527010781409999
2.391101075232231	0.016436235	1.1635558024756667
2.3928464044842253	0.014010628733333332	1.1699772232733334
2.3945917337362195	0.014899847766666668	1.171288526575
2.3963370629882146	0.01520824	1.163731158611
2.398082392240209	0.015770072	1.1585052347373332
2.3998277214922035	0.016123100666666664	1.1625409931876665
2.4015730507441977	0.017656218	1.1715438167383334
2.403318379996192	0.014428962666666666	1.1696749651633334
2.4050637092481866	0.012059275666666668	1.1620758380429999
2.406809038500181	0.01231516	1.1552294177943332
2.408554367752175	0.014487816	1.152160741445
2.4102996970041692	0.012668016333333332	1.1503097629099999
2.4120450262561635	0.012492920999999999	1.1580817859333332
2.4137903555081577	0.012806857666666666	1.1720935447766665
2.415535684760152	0.013485961099999999	1.1870890843866668
2.417281014012146	0.011601907889999999	1.1944075056333332
2.4190263432641403	0.011493754786	1.1941639367933332
2.4207716725161346	0.010262137166666666	1.1846304985833334
2.4225170017681297	0.009991811	1.1774251886033333
2.424262331020124	0.009451334666666667	1.1796670823633333
2.426007660272118	0.010703712333333332	1.1912045300233334
2.4277529895241123	0.008984404333333333	1.1976322638733334
2.4294983187761066	0.008521560666666666	1.1974797898533334
2.4312436480281012	0.008775394033333333	1.1903486158899999
2.4329889772800954	0.010191863999999998	1.1806905837866666
2.4347343065320897	0.009102284333333332	1.1723737027866667
2.436479635784084	0.009446437333333332	1.1779578263566666
2.438224965036078	0.008192091333333332	1.1947611861533334
2.4399702942880728	0.008054259333333334	1.2176239105066666
2.441715623540067	0.007961458763333332	1.2368512239233331
2.443460952792061	0.0095081645	1.2486551900566667
2.4452062820440554	0.008152719659999998	1.2463632654699999
2.4469516112960497	0.008111172966666667	1.2397672502966668
2.448696940548044	0.008459601666666667	1.2373234679633331
2.450442269800038	0.009418118	1.2426143243033332
2.4521875990520323	0.0071118453333333335	1.2469622129
2.4539329283040274	0.006563636333333333	1.25099992125
2.4556782575560216	0.005195295133333333	1.25011949597
2.457423586808016	0.005073290733333333	1.2457725793866665
2.4591689160600105	0.005458498333333333	1.2405659247733332
2.4609142453120048	0.007251745333333332	1.2432816080766667
2.462659574563999	0.004723302666666667	1.2505423375399998
2.464404903815993	0.0036120903566666668	1.2619185057099997
2.466150233067988	0.0042498617866666664	1.2703557826299998
2.467895562319982	0.005900195166666665	1.2726439340966667
2.4696408915719763	0.0034127284566666666	1.2641190501266666
2.4713862208239705	0.0029734301666666666	1.2552434547266667
2.4731315500759647	0.0040987996666666665	1.2528889685466666
2.47487687932796	0.005855041	1.26080619196
2.476622208579954	0.004468117666666667	1.2712795103833332
2.4783675378319483	0.005294783333333332	1.2825698328266664
2.4801128670839416	0.004516920666666667	1.2854997100833332
2.481858196335936	0.004074338333333333	1.2792161680633334
2.4836035255879314	0.004330112333333334	1.2670982534533333
2.4853488548399256	0.006066751666666666	1.2613724135100002
2.48709418409192	0.002794608233333333	1.2630570094433333
2.488839513343914	0.0012708186666666665	1.2741811598333332
2.490584842595908	0.0032479018	1.2871995294499998
2.492330171847903	0.006308876666666666	1.2958154740799999
2.494075501099897	0.003073429	1.2909445355866667
2.4958208303518914	0.0019919	1.2798616256666666
2.4975661596038856	0.004020110666666667	1.26727920066
2.49931148885588	0.0056208609999999996	1.2588477653199999
2.501056818107874	0.002999472333333333	1.2558645513199997
2.5028021473598683	0.0038120286666666666	1.2640853841233333
2.5045474766118625	0.003783816666666666	1.2728849418600001
2.5062928058638567	0.004016511333333333	1.27647830461
2.508038135115851	0.004616525333333333	1.2725086333966664
2.509783464367846	0.006171746333333333	1.2671340181233335
2.5115287936198403	0.0029861766666666664	1.2603660469866667
2.5132741228718345	0.0016504636666666663	1.2593040279533332
2.5150194521238287	0.0030722863333333336	1.26366700594
2.516764781375823	0.006051839	1.2740211728533333
2.5185101106278176	0.0033637859999999997	1.2819584074533332
2.520255439879812	0.0024090773999999996	1.2872523049133333
2.522000769131806	0.005437408666666666	1.2865261598166666
2.5237460983838007	0.008619369333333331	1.2820921085533332
2.525491427635795	0.004910125999999999	1.2754419847466665
2.527236756887789	0.004265771	1.27659620208
2.5289820861397834	0.0064097496666666665	1.2802296507966666
2.5307274153917776	0.007935069	1.2818145825366667
2.532472744643772	0.005711160333333333	1.2798339157999998
2.534218073895766	0.006091062666666666	1.2817948272333333
2.535963403147761	0.004751193333333332	1.28219812047
2.5377087323997554	0.004344270666666666	1.2819582790733333
2.5394540616517496	0.0065718136666666664	1.2830950086433335
2.541199390903744	0.010839017	1.2893108443366665
2.542944720155738	0.007900590999999998	1.2920969116066665
2.5446900494077327	0.006087594666666666	1.29318528132
2.546435378659727	0.008145434333333333	1.2901648503433332
2.548180707911721	0.009756684666666666	1.2838986297766666
2.5499260371637154	0.00506181	1.2756217021866665
2.5516713664157096	0.004331623666666666	1.2756467435766665
2.5534166956677042	0.007613783666666667	1.2796430261233331
2.5551620249196985	0.011191925	1.2845393470333333
2.5569073541716927	0.008619226	1.2871404528066666
2.558652683423687	0.007704898333333332	1.2919486223733332
2.560398012675681	0.008507838666666667	1.2898108723633332
2.5621433419276762	0.009467001333333332	1.2769639970866664
2.5638886711796696	0.008245240666666665	1.2582395482266666
2.565634000431664	0.010734492666666666	1.2492946387533332
2.567379329683658	0.010581636333333333	1.2483623768633332
2.5691246589356522	0.010419545333333332	1.2547344161533334
2.570869988187648	0.012293449666666666	1.2623031827299998
2.572615317439642	0.014566417	1.2653980981766666
2.5743606466916362	0.009403404666666667	1.2557386175533334
2.57610597594363	0.007584963	1.24265198931
2.5778513051956247	0.011644011	1.2283790168
2.5795966344476193	0.015263084333333331	1.2144768662233332
2.5813419636996136	0.010829533666666665	1.2037265181399999
2.5830872929516078	0.008580475999999998	1.2082395244933333
2.584832622203602	0.008362303666666666	1.2179651215933334
2.586577951455596	0.008477837666666665	1.2200193019433332
2.5883232807075904	0.006605470666666666	1.2097043280933333
2.5900686099595847	0.008346454666666666	1.19933727934
2.591813939211579	0.010200106	1.1914883017033333
2.593559268463574	0.012882923	1.1892949456666666
2.595304597715568	0.012501949	1.18893933556
2.5970499269675624	0.01243713	1.1925089021199997
2.598795256219557	0.010176108666666666	1.19515531902
2.6005405854715513	0.009291883333333332	1.1984886979066665
2.6022859147235455	0.010065463666666667	1.1986946040633333
2.6040312439755398	0.013193059333333333	1.1949039820433331
2.6057765732275344	0.010726196	1.1852442768933331
2.6075219024795286	0.009193397333333332	1.1844587898566665
2.609267231731523	0.010023579666666666	1.1926014149766666
2.611012560983517	0.010877182666666667	1.1988407591866665
2.6127578902355113	0.006740289666666666	1.1935406204466665
2.6145032194875055	0.006446975433333333	1.1894386999733333
2.6162485487394997	0.009410022333333334	1.1901657263033334
2.617993877991494	0.012776979999999997	1.19328036266
2.619739207243488	0.010444535433333334	1.1920286052533333
2.6214845364954824	0.009237309833333332	1.1952725617799997
2.6232298657474775	0.008799457333333333	1.20440855142
2.6249751949994717	0.009279538333333334	1.2175414901866666
2.626720524251466	0.007528849000000001	1.22450519674
2.62846585350346	0.008730563	1.2250989430633334
2.6302111827554544	0.009681196	1.2186965821833333
2.631956512007449	0.010838779	1.2161940567233334
2.6337018412594433	0.009283846333333332	1.2214169076666668
2.6354471705114375	0.0093471241	1.23463846583
2.6371924997634317	0.007602289666666666	1.2440921181799998
2.638937829015426	0.007737497666666667	1.2512573269066665
2.6406831582674206	0.010300632333333332	1.2568399059866666
2.642428487519415	0.014533226666666666	1.25824948136
2.644173816771409	0.012107646	1.2476643255566666
2.6459191460234033	0.010572714666666667	1.2407400519999998
2.6476644752753975	0.011225949999999998	1.24616732144
2.6494098045273917	0.011643646533333333	1.2599270638766664
2.651155133779386	0.0068612	1.2689827219399998
2.652900463031381	0.005913104999999999	1.27581900212
2.6546457922833753	0.009223931999999999	1.27748073482
2.6563911215353695	0.013262088666666666	1.27298660408
2.658136450787364	0.010471804000000001	1.2612763008466665
2.6598817800393584	0.009989959333333333	1.2557853715866665
2.6616271092913526	0.012394383333333332	1.25668600542
2.663372438543347	0.013912365333333333	1.2599979183599999
2.665117767795341	0.010458592	1.2622107743266666
2.6668630970473353	0.010183298666666667	1.2711322679666666
2.66860842629933	0.009781967333333332	1.2795104292366668
2.6703537555513237	0.009462639999999998	1.2832433133866665
2.6720990848033184	0.008212371599999999	1.2803548654499999
2.673844414055312	0.009522163333333333	1.2770682828199997
2.6755897433073077	0.008185438333333333	1.2712423902299999
2.677335072559302	0.009033147	1.2704170986433332
2.679080401811296	0.012441054533333332	1.27388822914
2.6808257310632904	0.016160470533333332	1.2757425417366668
2.6825710603152837	0.012657412666666666	1.2684749606266665
2.6843163895672792	0.010929330333333334	1.2668536178699998
2.6860617188192735	0.012729112766666665	1.27337486934
2.6878070480712677	0.014863310103333333	1.27848519924
2.689552377323262	0.010364247266666666	1.2731762442766668
2.691297706575256	0.009557219666666667	1.2743141553266666
2.6930430358272504	0.015057729786666665	1.28606207655
2.694788365079245	0.0197424624	1.2935064591299998
2.696533694331239	0.013908186433333334	1.2796928539266665
2.6982790235832335	0.012062157999999998	1.2620364477966666
2.7000243528352272	0.01655733245333333	1.25120968946
2.701769682087222	0.01890596463333333	1.24303622308
2.703515011339216	0.014144606666666665	1.2306348606333333
2.7052603405912103	0.013908437	1.2253484746266665
2.7070056698432046	0.015314593833333334	1.2272025704466665
2.708750999095199	0.0162156199	1.2366668728266668
2.710496328347194	0.0150276768	1.2488613420233332
2.712241657599188	0.017085826	1.2602566383133333
2.7139869868511823	0.017474221999999998	1.25960722251
2.7157323161031766	0.019058071399999998	1.2538912280899999
2.7174776453551712	0.0217926772	1.24918039679
2.7192229746071654	0.02450889333333333	1.2431958950933333
2.7209683038591597	0.019265390966666664	1.22401882048
2.722713633111154	0.0160909727	1.2062955332966665
2.7244589623631486	0.019037514	1.2025177134866667
2.7262042916151423	0.022377462666666667	1.20687647694
2.727949620867137	0.016157700599999998	1.2013996059233332
2.729694950119131	0.014834655366666666	1.1980992835666666
2.7314402793711254	0.022796026999999996	1.2061359306333332
2.7331856086231197	0.027473236	1.2168300072666667
2.734930937875114	0.018498417033333332	1.2166234883266667
2.736676267127109	0.015534019999999999	1.2189037052099998
2.738421596379103	0.021621646999999997	1.22212807818
2.7401669256310974	0.02506126833333333	1.2153936882466665
2.7419122548830916	0.019238549666666663	1.1986588996466665
2.743657584135086	0.018471109	1.1941193830666665
2.7454029133870805	0.022649177499999996	1.2021517499633332
2.7471482426390748	0.024839760333333336	1.2139079319966666
2.748893571891069	0.019644515	1.22600151437
2.750638901143063	0.019589847333333334	1.25029405781
2.7523842303950574	0.023150222999999998	1.2744067548166664
2.754129559647052	0.025753812333333334	1.28271343097
2.755874888899046	0.025270714	1.2732771293533331
2.7576202181510405	0.026240823333333333	1.2609473504933333
2.7593655474030343	0.021616338333333335	1.2458657192533331
2.761110876655029	0.017917490999999997	1.2351534527299999
2.762856205907024	0.019047936333333335	1.2331024900333332
2.7646015351590183	0.022261008	1.24045200463
2.7663468644110116	0.018014266666666667	1.24858230889
2.768092193663006	0.018762570066666664	1.2654485244333333
2.769837522915	0.028324525999999996	1.2864416801333332
2.7715828521669956	0.033558735333333325	1.2943062128166667
2.77332818141899	0.022641346666666666	1.28140475369
2.775073510670984	0.016837547466666665	1.2774828626699999
2.7768188399229783	0.021592402333333333	1.2893627163266665
2.7785641691749725	0.024019584333333333	1.2956566041533333
2.780309498426967	0.016383030666666666	1.2824064486933333
2.782054827678961	0.016186127933333332	1.2733747525899999
2.7838001569309556	0.024947354666666664	1.2757984780233333
2.7855454861829494	0.029845431666666665	1.2741014104566666
2.787290815434944	0.021123707	1.2574979420833332
2.7890361446869383	0.017822186333333333	1.2519775607133332
2.7907814739389325	0.023104244666666666	1.2641200216699997
2.7925268031909276	0.025628412999999996	1.2750533162133333
2.794272132442922	0.020330435999999997	1.2682174609066665
2.796017461694916	0.020825732666666666	1.2549941383999998
2.7977627909469107	0.023488501999999998	1.2369701793
2.799508120198905	0.02346041366666667	1.2148107602999998
2.801253449450899	0.018094869333333333	1.19067716018
2.8029987787028934	0.017044074	1.1794948001966665
2.8047441079548876	0.018775951666666665	1.1812150338633334
2.8064894372068823	0.021978584333333332	1.1929139191266667
2.808234766458876	0.02418144066666667	1.2090760895733332
2.8099800957108707	0.029421744666666666	1.2288566851733331
2.8117254249628645	0.030598211	1.2371607031133331
2.813470754214859	0.030024464333333334	1.2334535119466665
2.8152160834668534	0.028136181	1.2242376673866666
2.8169614127188476	0.027599727666666664	1.21823276581
2.818706741970842	0.024060066666666664	1.2102645714766667
2.820452071222836	0.024955500666666665	1.2073469206833334
2.8221974004748303	0.03237141466666667	1.2127751737999999
2.8239427297268254	0.04014802	1.2203177886
2.8256880589788196	0.03535919433333333	1.2149845939466668
2.827433388230814	0.033711826	1.2113406942933334
2.829178717482808	0.04119362333333333	1.2168047068066665
2.8309240467348022	0.04273189	1.2199296689399999
2.832669375986797	0.02918537933333333	1.2127398384266665
2.834414705238791	0.025679205	1.2195945851699999
2.8361600344907854	0.03648228	1.2405749418766665
2.8379053637427796	0.04240927	1.249677499943333
2.839650692994774	0.031994268666666666	1.2335334797966666
2.841396022246768	0.030550672666666667	1.2253145994266665
2.8431413514987627	0.04289145	1.2367446089166667
2.8448866807507565	0.04739917	1.2454936362833333
2.846632010002751	0.03460550433333333	1.23989860116
2.8483773392547453	0.03224496366666667	1.2503927562333332
2.8501226685067405	0.04245205333333333	1.27825117634
2.8518679977587347	0.045163673333333335	1.2952637254033332
2.853613327010729	0.03302605	1.28637316938
2.855358656262723	0.029783197666666667	1.2746412852
2.8571039855147173	0.03620923333333333	1.26439972821
2.858849314766712	0.03793836666666667	1.24763852896
2.8605946440187062	0.03107848333333333	1.22699317005
2.8623399732707004	0.03160446	1.2232305136333332
2.8640853025226947	0.03490752666666667	1.2312532434666665
2.865830631774689	0.03575055333333333	1.2427604685699998
2.8675759610266836	0.03291304	1.25561698278
2.8693212902786778	0.03267331666666666	1.2732771389799997
2.871066619530672	0.03029670333333333	1.2793518157233332
2.872811948782666	0.029571786666666662	1.2712583959533332
2.87455727803466	0.03166327333333333	1.2612998622233333
2.8763026072866555	0.03532015	1.2628676361133335
2.8780479365386498	0.031523609999999994	1.26302258112
2.879793265790644	0.03152062666666666	1.2590857060833331
2.881538595042638	0.037472233333333334	1.25311879699
2.8832839242946324	0.04017464333333333	1.2495963362033333
2.885029253546627	0.032898989999999996	1.24559201554
2.8867745827986213	0.03162434333333333	1.24680801857
2.8885199120506155	0.03711747	1.2459117512333333
2.8902652413026098	0.03886257666666666	1.2386869531066667
2.892010570554604	0.028298530000000002	1.2268567027666666
2.893755899806598	0.025194596666666666	1.2272991065833332
2.895501229058593	0.034352886666666665	1.2310642453166667
2.8972465583105866	0.03853683	1.2178153565799998
2.8989918875625813	0.028101229999999998	1.18995454449
2.900737216814575	0.028644873333333327	1.1855936229533333
2.9024825460665697	0.04219432333333334	1.204511562073333
2.904227875318564	0.04685889	1.2144085468166665
2.905973204570558	0.03225749666666666	1.2065843113633332
2.9077185338225524	0.0271271	1.2240169465633333
2.9094638630745466	0.03806889333333333	1.27194339472
2.9112091923265417	0.04170797333333333	1.3035904198233332
2.912954521578536	0.027998422000000002	1.2919140378766667
2.91469985083053	0.028869698666666666	1.2792105522266666
2.916445180082525	0.04694088999999999	1.286070237023333
2.918190509334519	0.054577520000000004	1.2870826365766665
2.9199358385865133	0.040109486666666666	1.2639319453833333
2.921681167838508	0.03557425333333333	1.2512804037666667
2.9234264970905017	0.04709692333333333	1.2646783256133332
2.9251718263424964	0.04833106333333333	1.2821472632766666
2.92691715559449	0.03188161333333333	1.2873413577366666
2.928662484846485	0.031287659999999995	1.2998560696433332
2.930407814098479	0.043733723333333335	1.3102561421533334
2.9321531433504733	0.04671725	1.2984865382833333
2.9338984726024675	0.03729945666666666	1.2701184781233332
2.9356438018544617	0.03322243	1.2529049568733333
2.937389131106457	0.03253120666666666	1.2422474079733332
2.939134460358451	0.029725566666666665	1.2260505339133334
2.9408797896104453	0.02162098	1.2107780737166665
2.9426251188624395	0.022823633333333333	1.223994131133333
2.9443704481144337	0.03127687666666666	1.2519247080666664
2.9461157773664284	0.03750676333333333	1.2597096917366666
2.9478611066184226	0.036923623333333336	1.23593369264
2.949606435870417	0.038354896666666666	1.2094094492533332
2.951351765122411	0.03755269333333333	1.1940005561766664
2.9530970943744053	0.03485111999999999	1.1856687045066665
2.9548424236264	0.02993085	1.1728454430433335
2.956587752878394	0.030890119999999997	1.1701762674299998
2.9583330821303884	0.034001866666666665	1.1897462339933331
2.960078411382382	0.03905758	1.2307794364166664
2.961823740634377	0.04436062333333333	1.26968794905
2.963569069886372	0.047892453333333335	1.2860680576733332
2.965314399138366	0.041393563333333334	1.2741951322433334
2.9670597283903604	0.03776807333333333	1.2641686172633333
2.9688050576423537	0.03957127	1.2680896674266666
2.970550386894349	0.04075256333333333	1.2700390176733332
2.9722957161463435	0.03638093666666667	1.2532388828833332
2.9740410453983377	0.039951549999999995	1.2424417065066664
2.975786374650332	0.05225650333333333	1.256941706743333
2.977531703902326	0.059895903333333333	1.2774675907633333
2.9792770331543204	0.04860351333333333	1.26417794894
2.981022362406315	0.041559429999999994	1.2345320389699999
2.982767691658309	0.04697161666666667	1.22597221495
2.9845130209103035	0.043781379999999995	1.2448704170133333
2.9862583501622977	0.024390626666666665	1.26820428046
2.988003679414292	0.02200121	1.2920798894
2.989749008666286	0.03815992666666666	1.3073675952700001
2.9914943379182812	0.044946889999999996	1.3066901394233335
2.9932396671702755	0.03291657333333333	1.2939974020166667
2.9949849964222697	0.03422843666666667	1.2893228537666666
2.996730325674264	0.04927708666666667	1.2786269047333332
2.9984756549262586	0.04826398666666666	1.2449179761866667
3.000220984178253	0.026054166666666663	1.2125860666133335
3.001966313430247	0.02158344	1.2311696238166667
3.0037116426822412	0.03649403333333333	1.2794155208
3.0054569719342354	0.03956615333333333	1.2977355152266665
3.00720230118623	0.023117906666666663	1.2742944395299998
3.008947630438224	0.02405756	1.2611023624366666
3.0106929596902186	0.042588539999999994	1.2636481633733332
3.0124382889422123	0.04621785333333332	1.23870296028
3.014183618194207	0.02784542333333333	1.1788094930566664
3.015928947446201	0.023408796666666665	1.1481069996266666
3.0176742766981954	0.035180529999999995	1.1758903523766666
3.0194196059501897	0.03638159333333333	1.2257204563733333
3.021164935202184	0.01870660333333333	1.2499034462666665
3.022910264454178	0.017876526666666663	1.2543846565566668
3.024655593706173	0.038269779999999996	1.2494980770966666
3.0264009229581674	0.046556763333333334	1.2337945227266667
3.0281462522101616	0.03163373	1.2164332499266666
3.029891581462156	0.033405786666666666	1.2269422774966665
3.03163691071415	0.05449447666666666	1.24877334232
3.0333822399661448	0.05715890666666666	1.2553718727933332
3.035127569218139	0.03201657333333333	1.2712095958133334
3.036872898470133	0.028268176666666665	1.3431944177833333
3.0386182277221274	0.050319523333333324	1.4170043070966667
3.040363556974122	0.05242247	1.4007545805266663
3.042108886226116	0.02902374333333333	1.3176013264799997
3.0438542154781105	0.030626809999999997	1.2854128505299998
3.0455995447301047	0.05220804	1.3111481191699998
3.047344873982099	0.05289149666666666	1.3029335498366668
3.049090203234093	0.028867259999999995	1.24299204374
3.0508355324860883	0.024124486666666667	1.2365992961199999
3.0525808617380825	0.04215397	1.3225863371866666
3.0543261909900767	0.04495468	1.4011897118999999
3.056071520242071	0.024817719999999995	1.3789923540966664
3.057816849494065	0.026580443333333332	1.3068803039933332
3.05956217874606	0.04693501	1.2703092084966665
3.061307507998054	0.05186162333333333	1.2829392328866667
3.0630528372500487	0.03715037333333333	1.2910090056733332
3.0647981665020425	0.03137392333333333	1.2687480151166666
3.0665434957540367	0.03693215666666667	1.2483964832799999
3.0682888250060314	0.03582281666666666	1.2829751620233334
3.0700341542580256	0.020786073333333335	1.3636605922099998
3.07177948351002	0.022434653333333332	1.4298288760733335
3.073524812762014	0.039690573333333326	1.4117914129466667
3.075270142014008	0.045219223333333336	1.3271594223099998
3.0770154712660034	0.034925609999999996	1.2744640784899999
3.0787608005179976	0.039421983333333334	1.3106922776566665
3.080506129769992	0.059411323333333335	1.3570074494366664
3.082251459021986	0.06007170333333334	1.3330013608066666
3.0839967882739803	0.029428246666666664	1.29750965825
3.085742117525975	0.03005003666666667	1.3770971554
3.087487446777969	0.06696770333333332	1.5161055690333332
3.0892327760299634	0.07080968666666666	1.5331225326666664
3.0909781052819576	0.04026626333333333	1.4134340374566667
3.092723434533952	0.038497199999999995	1.33654890453
3.094468763785946	0.05349437666666666	1.3813520341733334
3.0962140930379407	0.05012380666666666	1.4504544098899999
3.0979594222899345	0.03047358333333333	1.4382863828266665
3.099704751541929	0.02414044	1.386970616133333
3.101450080793923	0.03431422066666666	1.4016267185266664
3.1031954100459176	0.04178459333333333	1.50329794241
3.104940739297912	0.04025027333333333	1.5962516138399998
3.106686068549906	0.04820031	1.5778551655733333
3.1084313978019003	0.05418036333333333	1.4367780366666667
3.1101767270538954	0.047670130000000005	1.3049204271233332
3.1119220563058896	0.03351323333333333	1.30474870359
3.113667385557884	0.031398899999999993	1.3860330731433335
3.1154127148098785	0.04104751166666666	1.3864581809833334
3.1171580440618727	0.03901288656666666	1.2897671135533333
3.118903373313867	0.026719806666666665	1.2998832143499999
3.120648702565861	0.04461224	1.5712966404266666
3.122394031817856	0.07868526333333334	1.8942849001466666
3.1241393610698496	0.08754339333333333	1.9262468443899998
3.1258846903218442	0.06249925666666667	1.71318541623
3.127630019573838	0.04839734333333333	1.7120411602066667
3.1293753488258327	0.08562110066666667	2.1147955795
3.131120678077827	0.11054115333333332	2.45355560467
3.132866007329821	0.07046365333333332	2.2936362298566664
3.1346113365818153	0.08303809000000001	2.1101914908966664
3.1363566658338096	0.2110623333333333	2.9210930924766663
3.1381019950858047	0.31512593333333333	5.0406648468099995
3.139847324337799	0.39028641666666664	7.534444699390001
3.141592653589793	0.7956049	9.059497313809999