# O(3P)+CO2(000; j=0) -> O(3P)+CO2(000; j') scattering, statistically averaged (3A2+3B2+3B1) potential energy surfaces
# Differential cross sections; packaged by M. Gacesa (marko.gacesa@nasa.gov), Apr 30 2019
# E = 4.86514 eV
# theta(rad)                 elastic DCS                total DCS (both in units of 1E-16 cm^2/Sr)
0.	3.8645276666666665e6	3.9333732746098945e6
0.0017453292519943296	2.234466333333333e6	2.267872124676666e6
0.003490658503988659	359727.	365324.77816066664
0.005235987755982989	121599.56	129785.53932153332
0.006981317007977318	62169.81	68216.85508543333
0.008726646259971648	28387.56333333333	36027.1764564
0.010471975511965978	29259.59433333333	32592.000875433332
0.012217304763960305	5192.8696666666665	8972.094678246665
0.013962634015954637	8825.821333333333	13431.523766076667
0.015707963267948967	2893.272	4834.07327922
0.017453292519943295	1092.8090666666667	3429.0996133266663
0.019198621771937624	853.8454666666667	2862.30728904
0.020943951023931956	462.4187333333333	1732.6361950366665
0.02268928027592628	343.77419999999995	1661.014510893
0.02443460952792061	229.32479999999998	1335.51986694
0.02617993877991494	570.6187666666666	1394.4284992233333
0.027925268031909273	261.34756666666664	1130.593051885
0.029670597283903602	361.04170000000005	1183.241089333333
0.031415926535897934	336.35636666666664	917.9525863553333
0.03316125578789226	140.72479666666663	755.1235623559999
0.03490658503988659	248.2038	841.8111880773333
0.03665191429188092	73.28051433333333	507.12237086833335
0.03839724354387525	128.19885666666664	560.5771230739999
0.040142572795869566	101.50417666666667	487.55956953066664
0.04188790204786391	65.00224099999998	414.18267618333323
0.043633231299858244	113.37922666666668	441.5581908233333
0.04537856055185256	80.87763666666666	369.149326792
0.047123889803846894	111.79909999999998	408.74652806766665
0.04886921905584122	88.88043666666665	362.55974718199997
0.05061454830783555	87.86958	341.7758940956667
0.05235987755982988	90.39664666666665	334.44866848699996
0.054105206811824215	48.77978333333333	281.7141773873333
0.05585053606381855	61.98730333333333	283.588805343
0.05759586531581287	33.11079433333333	228.58119428700002
0.059341194567807204	35.39855	234.48438989466663
0.061086523819801536	30.594433333333335	221.0427461313333
0.06283185307179587	21.574256	196.75193474766664
0.0645771823237902	39.40054666666666	215.700477244
0.06632251157578452	23.176473333333334	192.72227648966663
0.06806784082777885	37.93734333333333	203.42745708199996
0.06981317007977318	33.77851333333333	189.37344710999997
0.0715584993317675	24.397526666666664	176.688226626
0.07330382858376185	31.695933333333333	179.67316587533332
0.07504915783575618	13.404148666666666	148.25871991766667
0.0767944870877505	19.23075	151.1373419663333
0.07853981633974483	10.661079999999998	137.17232000966663
0.08028514559173913	10.058992999999997	132.67514106433333
0.08203047484373349	18.917736666666663	135.64115046299997
0.08377580409572782	9.045027999999999	119.80033117966664
0.08552113334772216	22.090226666666666	133.025106559
0.08726646259971649	16.348636666666664	122.35915289133334
0.08901179185171079	15.327732	119.82641236733333
0.09075712110370512	17.069826666666664	116.82762120666666
0.09250245035569944	8.500857	102.97559838783333
0.09424777960769379	12.788798333333332	106.78999180356666
0.09599310885968812	3.9974764	92.61389554669998
0.09773843811168244	6.767005666666667	92.53312890463333
0.09948376736367677	7.722371	90.85574033569999
0.1012290966156711	4.075249099999999	85.23935107446665
0.10297442586766543	13.173756666666664	92.60316241586668
0.10471975511965977	8.091381	83.52080974556665
0.10646508437165408	12.514478333333333	87.38214466989999
0.10821041362364843	11.321407	82.6373100405
0.10995574287564276	8.863264000000001	78.3156159678
0.1117010721276371	10.480991333333332	79.44776999969999
0.11344640137963143	2.883948666666666	68.05080824049999
0.11519173063162574	6.227212333333334	69.23474117893332
0.11693705988362009	3.5960633333333334	64.29567058469999
0.11868238913561441	2.287358333333333	63.144031877733326
0.12042771838760875	6.467961333333332	66.05414650973333
0.12217304763960307	3.3013769999999996	60.33521881593333
0.12391837689159738	7.934369333333334	66.1667252863
0.12566370614359174	5.484014666666667	62.39459215929999
0.12740903539558604	5.964949333333333	61.62818727370001
0.1291543646475804	6.209775333333333	60.472503257633335
0.13089969389957473	2.2153206666666665	54.9269804901
0.13264502315156904	4.496314666666667	57.002709810700004
0.1343903524035634	1.6208853666666665	51.69694183706666
0.1361356816555577	2.0853254333333333	51.29696274213333
0.13788101090755206	3.065110333333333	51.29854600816666
0.13962634015954636	1.8411673	48.51896556113333
0.1413716694115407	5.260694	51.903325063266664
0.143116998663535	3.1505609999999997	48.27746722876666
0.14486232791552936	5.590162999999999	50.03613237583333
0.1466076571675237	4.944501333333333	48.2882827768
0.148352986419518	2.587599	44.357783540133326
0.15009831567151236	4.084007	45.02257264866667
0.15184364492350666	1.3441988	41.41225291593334
0.153588974175501	1.9239763333333333	42.202850087733324
0.15533430342749535	2.2252569999999996	41.02425483576666
0.15707963267948966	1.4629479666666665	38.86275800406666
0.158824961931484	3.6988713333333334	41.50402757926666
0.16057029118347826	2.163501333333333	39.62788604196666
0.16231562043547265	3.4472606666666668	40.69333805663332
0.16406094968746698	2.9211453333333335	38.967567992166664
0.16580627893946132	1.9462519999999999	37.222621741266664
0.16755160819145565	2.6093716666666666	37.64034523183333
0.16929693744344992	1.3316448333333333	35.120010501866666
0.1710422666954443	1.6652708666666665	35.24354229603333
0.17278759594743864	1.3286566666666666	34.3553632597
0.17453292519943298	1.2956163333333333	33.43661015353333
0.17627825445142725	2.641837333333333	34.47571678433333
0.17802358370342158	1.486549333333333	32.80953162586667
0.17976891295541597	2.714661333333333	34.060116576233334
0.18151424220741025	2.3504883333333333	32.9756419453
0.18325957145940458	1.7659799999999999	31.5039268512
0.18500490071139888	1.998086	31.10668830643333
0.18675022996339324	0.8624298333333332	29.276986665233338
0.18849555921538758	1.2127256333333332	29.719028087866665
0.1902408884673819	1.1432424666666665	29.019773007866664
0.19198621771937624	0.8982142666666666	27.784040044
0.19373154697137057	2.102168333333333	28.535628396733333
0.19547687622336488	1.325638	27.436795028899997
0.19722220547535924	1.9542603333333333	28.179186256733335
0.19896753472735354	1.8435326666666665	27.40138096743333
0.2007128639793479	1.2565394666666665	26.279679295666668
0.2024581932313422	1.4210166666666666	26.31113168573333
0.20420352248333656	0.8205003066666665	25.047112044100004
0.20594885173533087	0.9367366666666667	25.0104160546
0.20769418098732523	1.0074276333333334	24.856638813866667
0.20943951023931953	0.692986	24.29487503016667
0.2111848394913139	1.4363126666666663	25.137108956833334
0.21293016874330817	0.8394969666666665	24.15641091363333
0.21467549799530256	1.2912989666666665	24.308217597266665
0.21642082724729686	1.2347592666666665	23.735187454200002
0.2181661564992912	0.8154515333333334	23.0802799743
0.21991148575128552	0.9419162666666667	23.331240831533336
0.22165681500327983	0.3995570766666666	22.084874509233334
0.2234021442552742	0.7598688333333332	21.664506301666666
0.22514747350726852	0.9459457333333332	21.47538200423333
0.22689280275926285	0.5417264666666666	21.059659250833334
0.22863813201125716	1.6721326666666667	22.137084002599998
0.2303834612632515	1.2675813333333332	21.043401734
0.23212879051524585	1.3913346333333334	20.762934034233332
0.23387411976724018	1.3492837999999998	20.4077514388
0.23561944901923448	0.7641573666666666	19.613759590199997
0.23736477827122882	1.0792317666666666	19.9251231194
0.23911010752322315	0.5342852666666666	18.9782494075
0.2408554367752175	0.5275926666666666	18.70469816433333
0.24260076602721184	1.1681575666666666	19.152877256066667
0.24434609527920614	0.6279116333333333	18.520581576633333
0.24609142453120048	1.1093994	19.071077051466666
0.24783675378319475	0.8001648666666666	18.377794139066665
0.24958208303518917	0.7151729666666666	18.210057026866664
0.25132741228718347	0.6866357333333333	18.07622156453333
0.2530727415391778	0.26082496666666666	17.279521999066667
0.2548180707911721	0.5034867333333333	17.498934127566663
0.25656340004316636	0.25792693	17.138317797699997
0.2583087292951608	0.2325810666666666	16.973679669666666
0.26005405854715513	0.6733428333333333	17.1659462216
0.26179938779914946	0.43560696666666665	16.702483613899997
0.2635447170511437	1.0549577	17.55534411663333
0.26529004630313807	0.7401735666666666	17.008982435966665
0.26703537555513246	0.8108252	16.560678080266666
0.2687807048071268	0.9233513333333333	16.361019214933336
0.270526034059121	0.305555	15.641405056566668
0.2722713633111154	0.5870339666666666	15.946083885333332
0.2740166925631097	0.5065801	15.464840658066667
0.2757620218151041	0.3963373	14.971753701533332
0.27750735106709834	0.9877980333333333	15.4224244923
0.2792526803190927	0.5870427	14.843178337033331
0.280998009571087	0.8942602	15.1467970486
0.2827433388230814	0.6898307333333333	14.739965098299999
0.2844886680750758	0.3915996	14.303644651333332
0.28623399732707	0.48447776666666664	14.236513583033332
0.28797932657906433	0.11327467	13.420477160333334
0.2897246558310587	0.22345776666666664	13.484534374366667
0.291469985083053	0.3180784666666666	13.717426879899998
0.2932153143350474	0.14964454666666666	13.580183581866665
0.29496064358704166	0.5183225	13.782333046766666
0.296705972839036	0.3262429	13.150534248666666
0.2984513020910303	0.6457328333333332	13.566554955033332
0.3001966313430247	0.5034437333333333	13.608552078599999
0.301941960595019	0.31094626666666664	13.052952560566666
0.3036872898470133	0.5299942	12.855462187499999
0.30543261909900765	0.22621554	12.479779610466666
0.307177948351002	0.3162881333333333	12.779322427533332
0.3089232776029963	0.5716147666666667	12.815376710499999
0.3106686068549907	0.40149983333333333	12.078420635366665
0.312413936106985	0.7959259666666667	12.392306509533334
0.3141592653589793	0.5525126666666667	12.322805217766666
0.31590459461097364	0.5919688666666666	12.314741473066665
0.317649923862968	0.5833533	11.774148371066667
0.3193952531149623	0.23288085333333333	10.991221123299997
0.32114058236695653	0.37155273333333333	11.315500193333332
0.32288591161895097	0.3535359	11.409949211866664
0.3246312408709453	0.2601908666666667	11.099837499
0.32637657012293964	0.4830669666666666	11.020709816366665
0.32812189937493397	0.26941689999999996	10.719244754366667
0.32986722862692824	0.4434786	11.186703710933333
0.33161255787892263	0.2882210333333333	10.985775169566665
0.3333578871309169	0.14955666666666667	10.5429069873
0.3351032163829113	0.2145575333333333	10.580465370199999
0.3368485456349056	0.07763939666666667	10.528408836553332
0.33859387488689985	0.13207673666666664	10.53939182729
0.34033920413889424	0.24992419999999999	10.353577230646666
0.3420845333908886	0.1980126233333333	10.198072879806666
0.3438298626428829	0.4396288666666667	10.741544166899999
0.3455751918948773	0.3214933666666666	10.575518135300001
0.34732052114687156	0.4542618333333333	10.293565197266666
0.34906585039886595	0.4366648333333333	10.016203208066667
0.3508111796508603	0.26603157	10.012368779929998
0.3525565089028545	0.35623066666666664	10.31035156294
0.3543018381548489	0.3515250833333333	10.004005243843332
0.35604716740684317	0.31582836666666664	9.646564547763333
0.35779249665883756	0.451949	9.877534261056667
0.35953782591083194	0.33521483333333335	9.92612881768
0.3612831551628262	0.5112544666666666	10.064898694626667
0.3630284844148205	0.3665680333333333	9.618365669986666
0.3647738136668149	0.25055279999999996	9.410743046613334
0.36651914291880916	0.3098646333333333	9.659138372856667
0.36826447217080355	0.15975942	9.470819064156666
0.37000980142279777	0.15204423333333333	9.195717422753333
0.3717551306747922	0.26624680666666667	9.101219496116666
0.3735004599267865	0.1588156	9.094239428226667
0.3752457891787809	0.34087176333333336	9.487815409366666
0.37699111843077515	0.20289942	9.159462815036665
0.3787364476827695	0.14539732666666666	8.79319269536
0.3804817769347638	0.1756822	8.722936311246666
0.38222710618675815	0.08388536033333333	8.670228206440001
0.3839724354387525	0.14145703999999998	8.69388886072
0.38571776469074687	0.22386003666666668	8.519836184716667
0.38746309394274114	0.1774103433333333	8.363908329816665
0.3892084231947355	0.3082898333333333	8.588796690863333
0.39095375244672975	0.24740407333333336	8.425761575306666
0.39269908169872414	0.3668935333333333	8.366384170256666
0.39444441095071847	0.3026912666666666	8.194221556403331
0.3961897402027128	0.22999073333333334	8.138543700566666
0.3979350694547071	0.3078376666666667	8.228593087163333
0.39968039870670136	0.23990664666666667	7.9862176147233335
0.4014257279586958	0.24883029999999998	7.87522912865
0.4031710572106902	0.3622154	8.000294114176665
0.4049163864626844	0.26201316666666663	7.881252790863333
0.4066617157146788	0.4424121	7.98466828364
0.4084070449666731	0.3080847666666666	7.6958898408
0.41015237421866746	0.19166390333333333	7.551736179576666
0.41189770347066174	0.22161566666666666	7.624961828406666
0.413643032722656	0.07682367666666666	7.424699599553333
0.41538836197465046	0.08266293333333333	7.321911310043333
0.4171336912266447	0.17175016999999998	7.242657630646666
0.41887902047863906	0.08891524	7.11965157785
0.42062434973063334	0.20525706333333332	7.3430886005566665
0.4223696789826278	0.09592006333333333	7.20313085998
0.4241150082346221	0.12308143333333332	7.145702793063333
0.42586033748661634	0.12032226666666668	7.01007209885
0.4276056667386108	0.04292494	6.812960690923333
0.4293509959906051	0.10281147999999998	6.888746426183333
0.43109632524259933	0.09742019333333332	6.864882107586666
0.4328416544945937	0.10349319666666668	6.826566455576666
0.434586983746588	0.23220613333333331	6.896813386976666
0.4363323129985824	0.17022923666666667	6.718372011723333
0.43807764225057666	0.32413216666666667	6.885898078726666
0.43982297150257105	0.24205686666666665	6.817530737653333
0.44156830075456543	0.18144106666666665	6.659886595383334
0.44331363000655966	0.2532874666666667	6.629788711903332
0.445058959258554	0.14209272333333334	6.483841585776667
0.4468042885105484	0.1842071666666667	6.587350039806667
0.44854961776254265	0.3021586333333333	6.691539236143333
0.45029494701453704	0.2190011	6.4842514391699995
0.4520402762665313	0.3621382333333333	6.58069542625
0.4537856055185257	0.22883370000000003	6.44559442791
0.45553093477052	0.17273603333333332	6.394646688336666
0.4572762640225143	0.20761896666666663	6.362834817243333
0.45902159327450864	0.07071203	6.145532379073334
0.460766922526503	0.09235476999999999	6.188846735383334
0.46251225177849725	0.15452934666666665	6.227318041913333
0.4642575810304917	0.09283154	6.110064325433332
0.46600291028248597	0.20456823999999998	6.22095496176
0.46774823953448036	0.09889430333333334	6.116311291939999
0.4694935687864746	0.08815334333333333	6.167378422006665
0.47123889803846897	0.07345911333333333	6.124113578533333
0.4729842272904633	0.015177999666666666	5.95390678306
0.47472955654245763	0.05508171666666667	5.995271277723333
0.4764748857944519	0.05928525333333333	6.029562551673334
0.4782202150464463	0.042344563	6.020180702659999
0.4799655442984406	0.11126918666666666	6.03776925863
0.481710873550435	0.08869357	5.889473789666667
0.48345620280242924	0.21421066666666666	6.024170296039999
0.4852015320544237	0.14630866999999997	5.99699754404
0.48694686130641796	0.11493343333333333	5.872316826866666
0.4886921905584123	0.17179289999999997	5.787992730093333
0.49043751981040656	0.11716663333333333	5.659475601073333
0.49218284906240095	0.1595577	5.747573044436667
0.4939281783143953	0.24186963333333333	5.851221204643332
0.4956735075663895	0.19296346666666667	5.70213225201
0.4974188368183839	0.3241083	5.763042523346667
0.49916416607037833	0.23084596666666668	5.662233307489999
0.5009094953223726	0.16538321666666667	5.61491484283
0.5026548245743669	0.19682803333333335	5.609333433123333
0.5044001538263612	0.11761856	5.454673271466666
0.5061454830783556	0.12815572666666666	5.462605197406667
0.5078908123303499	0.19045095	5.52658281511
0.5096361415823442	0.10880895666666665	5.42554590552
0.5113814708343385	0.16334710666666666	5.48116374199
0.5131268000863327	0.09159512666666667	5.361055160303332
0.5148721293383272	0.052973526666666666	5.297557400979999
0.5166174585903216	0.05323052666666667	5.282923254553333
0.5183627878423158	0.018492666666666664	5.204720178583333
0.5201081170943103	0.031215613333333336	5.213879904456666
0.5218534463463045	0.06403359	5.214539708603333
0.5235987755982989	0.03388935333333333	5.129184163316666
0.5253441048502931	0.09476112666666665	5.191792952549999
0.5270894341022874	0.0653942	5.148233118663333
0.5288347633542818	0.10013583	5.167900734873333
0.5305800926062761	0.08059310333333333	5.098680054086666
0.5323254218582705	0.057755582666666666	4.986404395133333
0.5340707511102649	0.10710444666666666	5.02800884888
0.5358160803622593	0.11287912	5.071654660133333
0.5375614096142536	0.09600337999999999	5.038919155603333
0.5393067388662478	0.19111045	5.065271655289999
0.541052068118242	0.15879529666666664	4.970876138833333
0.5427973973702365	0.18057053333333334	5.033798815476666
0.5445427266222308	0.13700603333333333	5.022201740443333
0.5462880558742251	0.07812740333333333	4.897699042286666
0.5480333851262194	0.12671736666666666	4.893286925093333
0.5497787143782138	0.1395844	4.931876450343333
0.5515240436302082	0.09152881999999998	4.934257906623333
0.5532693728822025	0.15240369666666664	4.955941215816666
0.5550147021341967	0.10159144666666667	4.815005447826666
0.5567600313861911	0.09665468333333334	4.863762863243332
0.5585053606381855	0.06812792666666667	4.918674903753333
0.5602506898901798	0.03481479333333333	4.816856492023333
0.561996019142174	0.06197013666666666	4.7034308854199995
0.5637413483941685	0.0639266	4.66208464998
0.5654866776461628	0.033608606666666666	4.741375544033333
0.5672320068981571	0.09980957999999998	4.873274763326666
0.5689773361501516	0.06729942	4.717816536009999
0.5707226654021459	0.07330311333333334	4.617298592396666
0.57246799465414	0.04680673666666666	4.596769366849999
0.5742133239061344	0.0405253	4.61097873308
0.5759586531581287	0.07308485333333334	4.59286055865
0.5777039824101231	0.05440298666666667	4.469675668963333
0.5794493116621174	0.04912398999999999	4.45740962619
0.5811946409141118	0.1339941	4.621527070556667
0.582939970166106	0.09740172333333333	4.55095099478
0.5846852994181004	0.12306885999999997	4.441004291573333
0.5864306286700948	0.09671762333333334	4.327266435369999
0.5881759579220891	0.06957623333333332	4.359879785936666
0.5899212871740833	0.11023271666666667	4.496777693276666
0.5916666164260775	0.09011897333333332	4.419290931019999
0.593411945678072	0.08967426333333334	4.290482365546666
0.5951572749300664	0.19107359999999998	4.397048942
0.5969026041820606	0.1249132	4.4467763413200005
0.5986479334340549	0.11611995666666666	4.473424167026666
0.6003932626860494	0.09841912333333333	4.330068624293333
0.6021385919380438	0.05666853	4.237208989219999
0.603883921190038	0.08011004666666666	4.388545019403333
0.6056292504420324	0.07051727666666666	4.449642900163333
0.6073745796940266	0.039494963333333334	4.312934063133333
0.609119908946021	0.10111451	4.2507126714600005
0.6108652381980153	0.04679	4.252371948376666
0.6126105674500095	0.028199863333333332	4.39272447017
0.614355896702004	0.019301088	4.326560839666667
0.6161012259539983	0.024003544666666668	4.130875213743333
0.6178465552059926	0.026706876666666664	4.094879836579999
0.6195918844579871	0.009793099933333334	4.169755684866666
0.6213372137099814	0.03050043	4.212991475006666
0.6230825429619757	0.08258892	4.144247072193334
0.62482787221397	0.05353682333333333	3.99011706538
0.6265732014659642	0.11420490666666668	4.089747638936666
0.6283185307179586	0.09407123	4.1118802662
0.630063859969953	0.07505928	3.992745145683333
0.6318091892219473	0.09309097666666666	3.893807364643333
0.6335545184739415	0.06118069666666666	3.84499605161
0.635299847725936	0.11537707999999999	3.947101373573333
0.6370451769779303	0.2059026333333333	4.026500731916666
0.6387905062299246	0.11868346666666665	3.8410183683566665
0.6405358354819191	0.14237914	3.811492302183333
0.6422811647339131	0.13681693333333333	3.8284110450433326
0.6440264939859075	0.09178807666666666	3.810623362766666
0.6457718232379019	0.10920213333333331	3.7874933111199995
0.6475171524898962	0.08799276666666667	3.69239516181
0.6492624817418906	0.09493334666666665	3.7149024847699996
0.6510078109938849	0.16854596000000002	3.8560878056499996
0.6527531402458793	0.08547432666666667	3.7669785147566666
0.6544984694978735	0.07011016333333332	3.686127571666667
0.6562437987498679	0.07402505	3.6334662340133335
0.6579891280018623	0.05460415566666666	3.6517798777333335
0.6597344572538565	0.05463097166666667	3.714955079273333
0.6614797865058508	0.03881421166666666	3.642578535403333
0.6632251157578453	0.04680347666666666	3.564627237303333
0.6649704450098396	0.10669415666666666	3.6346432903299997
0.6667157742618338	0.04933647333333333	3.61934489219
0.668461103513828	0.04166482	3.5959624861100004
0.6702064327658226	0.03948887333333333	3.5034261405333327
0.6719517620178169	0.036216013	3.468387686773333
0.6736970912698113	0.041300072333333326	3.54104165597
0.6754424205218055	0.024969207666666663	3.524525122983333
0.6771877497737997	0.029858826666666664	3.4355029913733333
0.6789330790257941	0.07968428	3.4403302935566664
0.6806784082777885	0.04644882933333334	3.45130746032
0.6824237375297828	0.06600015099999999	3.513167886573333
0.6841690667817772	0.05436594333333333	3.42802848941
0.6859143960337715	0.03686934	3.31252274408
0.6876597252857658	0.056167671333333336	3.35526862956
0.6894050545377601	0.063370644	3.4298166405566666
0.6911503837897546	0.07727730999999999	3.4212130619766663
0.6928957130417489	0.11769850333333333	3.3686341635100003
0.6946410422937431	0.06640704333333332	3.27451768251
0.6963863715457373	0.08927175	3.3617877514799996
0.6981317007977319	0.10557401333333333	3.4181791692
0.6998770300497262	0.08052562666666666	3.3383344042699994
0.7016223593017206	0.07720933333333332	3.2720349813599996
0.7033676885537148	0.08627845333333334	3.275389839183333
0.705113017805709	0.10199693333333333	3.330204345866666
0.7068583470577035	0.14796401666666664	3.3836435381633327
0.7086036763096978	0.08889581666666668	3.2717925535399996
0.710349005561692	0.076647505	3.2487183801533335
0.7120943348136863	0.09496547	3.307567191653333
0.7138396640656808	0.08373550333333332	3.3082017982199994
0.7155849933176751	0.07135747566666667	3.245934363983333
0.7173303225696694	0.07742977666666666	3.18552697358
0.7190756518216639	0.077484531	3.21175823055
0.7208209810736581	0.10817518	3.33965018415
0.7225663103256524	0.06083965166666666	3.28468975395
0.7243116395776467	0.04586340333333333	3.15877859996
0.726056968829641	0.06424448899999999	3.119965598843333
0.7278022980816354	0.06770934156333333	3.196922955123333
0.7295476273336298	0.0545357	3.27248948522
0.7312929565856241	0.054927696666666664	3.21143692335
0.7330382858376183	0.06139513666666666	3.094960638916666
0.7347836150896128	0.10407279666666666	3.163353332166667
0.7365289443416071	0.060544030000000006	3.22621621667
0.7382742735936013	0.03608173666666666	3.195490688683333
0.7400196028455955	0.054857369999999996	3.09711367146
0.7417649320975901	0.06456855666666667	3.07767400971
0.7435102613495844	0.06394010333333333	3.2076337527166663
0.7452555906015788	0.06683696666666666	3.2764002463966664
0.747000919853573	0.04439403	3.1227917661999998
0.7487462491055674	0.08157640333333332	3.0551031415133334
0.7504915783575618	0.06162808666666665	3.131581212323333
0.752236907609556	0.03208739766666666	3.247620931
0.7539822368615503	0.04662968666666667	3.2134051120533336
0.7557275661135445	0.056359066666666666	3.04747292836
0.757472895365539	0.05528805306666666	3.036449164666667
0.7592182246175333	0.07973903666666665	3.22709868604
0.7609635538695276	0.048642226999999996	3.25006056163
0.7627088831215221	0.052932396666666666	3.1090029065299998
0.7644542123735163	0.04444120099999999	2.97701069693
0.7661995416255106	0.036617946666666665	3.0572225244366664
0.767944870877505	0.05909675666666667	3.22608116438
0.7696902001294994	0.061908090000000006	3.175967715293333
0.7714355293814937	0.04470592366666666	2.9866763704199997
0.773180858633488	0.08723389333333334	3.0008617290933337
0.7749261878854823	0.08570324666666668	3.1220706640166664
0.7766715171374765	0.08948201333333333	3.185795532743333
0.778416846389471	0.06785801333333333	3.049776460286667
0.7801621756414653	0.04954633666666667	2.9173110162266664
0.7819075048934595	0.10493629666666666	3.03304262435
0.7836528341454538	0.14324036666666665	3.1803280252333335
0.7853981633974483	0.08799673	3.0853999284866664
0.7871434926494427	0.09051369999999999	2.9488040015166668
0.7888888219014369	0.09203239666666665	2.9155940368466666
0.7906341511534312	0.10171785666666666	3.0536001187966666
0.7923794804054256	0.09414105333333334	3.1187853128499996
0.7941248096574199	0.054769043333333337	2.960697442413333
0.7958701389094142	0.066203456	2.8460740757466665
0.7976154681614087	0.11788534066666667	2.941318602593333
0.7993607974134027	0.080326666	3.020247153413333
0.8011061266653973	0.05789653	2.986053377076667
0.8028514559173916	0.04540085866666666	2.826459300353333
0.8045967851693858	0.059035883333333324	2.7958606504000003
0.8063421144213804	0.06662800333333332	2.9316261170999995
0.8080874436733746	0.03640320266666666	2.9674382810266664
0.8098327729253688	0.0360694	2.851628652133333
0.8115781021773631	0.08662549666666666	2.7808497773966665
0.8133234314293576	0.06809114	2.814788855286667
0.815068760681352	0.05929747333333333	2.95052284197
0.8168140899333463	0.03971213	2.9222375233966664
0.8185594191853405	0.04565631699999999	2.77436818599
0.8203047484373349	0.08329243333333333	2.763311484993333
0.8220500776893291	0.07088415999999999	2.8679659000933335
0.8237954069413235	0.052129876666666665	2.9338473335399997
0.8255407361933177	0.10057189666666666	2.9033458162366665
0.827286065445312	0.07896849	2.7597107651666666
0.8290313946973066	0.06659971333333332	2.774827439686667
0.8307767239493009	0.06026494599999999	2.885421526759999
0.8325220532012951	0.04077882666666666	2.876430625933333
0.8342673824532894	0.06722790666666666	2.798171427883333
0.8360127117052839	0.08612422666666666	2.7578173868233335
0.8377580409572781	0.05000358333333333	2.791636748963333
0.8395033702092725	0.07096053999999999	2.8989421270366664
0.8412486994612667	0.04914871666666666	2.836598072533333
0.8429940287132611	0.02141207233333333	2.7143219990999996
0.8447393579652556	0.036910052	2.7278600852799997
0.8464846872172498	0.043183683333333334	2.81670660159
0.8482300164692442	0.04099825	2.852819430563333
0.8499753457212386	0.052012960000000004	2.7842710987
0.8517206749732327	0.021864611	2.665469933323333
0.853466004225227	0.03297115666666667	2.723384602133333
0.8552113334772216	0.032862311000000005	2.8245798583733333
0.8569566627292158	0.014734322333333334	2.7983024304466664
0.8587019919812102	0.014759116333333332	2.6802937644866667
0.8604473212332044	0.030464451999999996	2.61940282538
0.8621926504851987	0.033649564666666666	2.689150190996666
0.8639379797371932	0.03592669033333333	2.785007149103333
0.8656833089891874	0.014303313666666666	2.7184732114199996
0.8674286382411818	0.03527697433333333	2.6273270445666665
0.869173967493176	0.0414229	2.613099682486667
0.8709192967451702	0.03008947333333333	2.6692185824233334
0.8726646259971648	0.02513021	2.682558666243333
0.8744099552491591	0.03147593	2.6053311880933334
0.8761552845011533	0.050624866666666664	2.5677176385299996
0.8779006137531478	0.07594729666666666	2.6479221034833333
0.8796459430051421	0.04358358999999999	2.656215586646667
0.8813912722571363	0.045985699666666664	2.59165082317
0.8831366015091309	0.05092747633333333	2.5102896574666667
0.8848819307611251	0.04005068333333334	2.5154497079166664
0.8866272600131193	0.05649186366666667	2.6158971910766664
0.8883725892651138	0.07261996999999999	2.62899092307
0.890117918517108	0.06391431833333333	2.5176754364433327
0.8918632477691024	0.08646513299999999	2.5031562845966664
0.8936085770210968	0.053536044000000005	2.5389628403366666
0.895353906273091	0.03579297596666667	2.57035027667
0.8970992355250853	0.066370659	2.552020891863333
0.8988445647770799	0.069109531	2.48365846233
0.9005898940290741	0.06307373	2.4963658877299997
0.9023352232810684	0.08397322533333332	2.583600306896667
0.9040805525330626	0.057208869999999995	2.5458605598466666
0.9058258817850569	0.059011556666666666	2.4854709842266667
0.9075712110370514	0.06084284999999999	2.47869892256
0.9093165402890456	0.04405400466666666	2.514870365366667
0.91106186954104	0.059091189999999995	2.5533203540766665
0.9128071987930344	0.07907859333333334	2.5149810737466662
0.9145525280450286	0.05695244333333333	2.4373420983033336
0.9162978572970231	0.06459901333333333	2.4814339934999996
0.9180431865490173	0.05341876000000001	2.5327378325166663
0.9197885158010117	0.0427957	2.515863483613333
0.921533845053006	0.049496269999999995	2.45613982365
0.9232791743050003	0.049552773333333335	2.41863718741
0.9250245035569945	0.04553414333333333	2.45508153842
0.9267698328089891	0.05977266333333332	2.51377478793
0.9285151620609834	0.041424813333333324	2.466953505333333
0.9302604913129776	0.03791346393333333	2.4105185175766666
0.9320058205649719	0.03642501233333333	2.39674497761
0.9337511498169662	0.03634034333333333	2.424019246246667
0.9354964790689607	0.04271964833333333	2.4439036802033334
0.9372418083209549	0.04689149666666667	2.411877266636667
0.9389871375729492	0.03822173736666667	2.368384488523333
0.9407324668249435	0.051093669999999994	2.3968480376766665
0.9424777960769379	0.039984553666666665	2.4033027711666666
0.9442231253289324	0.03758707666666666	2.38156287616
0.9459684545809266	0.040594906	2.3529501959633334
0.9477137838329208	0.035717777433333334	2.350888742233333
0.9494591130849153	0.035813666	2.3930533324299996
0.9512044423369096	0.04880355666666667	2.41892559155
0.9529497715889038	0.035144124666666665	2.3583224851799995
0.9546951008408984	0.03636882	2.334164452083333
0.9564404300928926	0.025337911999999997	2.363204028083333
0.9581857593448869	0.016643274333333333	2.40325234595
0.9599310885968813	0.027767217333333333	2.402084797133333
0.9616764178488755	0.03701616	2.346854099613333
0.96342174710087	0.026655555	2.312468925963333
0.9651670763528643	0.033626162	2.378362398016667
0.9669124056048585	0.0213242061	2.418406926273333
0.9686577348568528	0.021973456000000002	2.393803832726667
0.9704030641088474	0.032284172666666666	2.3397244885233333
0.9721483933608416	0.03562140866666666	2.3164795142133334
0.9738937226128359	0.03845936833333333	2.3442843198166665
0.9756390518648301	0.04877333666666667	2.36898424398
0.9773843811168246	0.03262188816666667	2.3252847978
0.9791297103688189	0.03654887533333333	2.31058987126
0.9808750396208131	0.04154945333333333	2.3316260210133333
0.9826203688728073	0.04044688	2.347772603103333
0.9843656981248019	0.039127216666666666	2.3218144370399996
0.9861110273767961	0.04275466	2.2706873694233334
0.9878563566287906	0.03908386666666666	2.2557535549099996
0.9896016858807848	0.045209436666666665	2.31252909501
0.991347015132779	0.029912136666666665	2.3302788863633332
0.9930923443847736	0.027148103333333333	2.3009738497999996
0.9948376736367678	0.036074499999999995	2.258419413726666
0.9965830028887621	0.04241634333333333	2.252745385526666
0.9983283321407567	0.036012638	2.2956420721066664
1.0000736613927508	0.03094598733333333	2.327645556523333
1.0018189906447452	0.027956413333333333	2.291876939953333
1.0035643198967397	0.050241086666666664	2.270093364273333
1.0053096491487339	0.042248336666666664	2.267437291833333
1.007054978400728	0.024834239999999997	2.2943381847566666
1.0088003076527223	0.030896503333333332	2.3224901448966664
1.0105456369047165	0.04792913	2.299293202136667
1.0122909661567112	0.05736254333333333	2.265223790103333
1.0140362954087054	0.06161389666666667	2.289717819513333
1.0157816246606999	0.03451836666666667	2.298688782696667
1.017526953912694	0.04729515666666667	2.3004491085599996
1.0192722831646883	0.06833081333333332	2.278141469096666
1.0210176124166828	0.05356361333333333	2.2472333172166667
1.022762941668677	0.05797401	2.283470868473333
1.0245082709206712	0.08456236	2.32659772696
1.0262536001726654	0.07720186999999999	2.2695880451633332
1.02799892942466	0.08562133	2.22421242135
1.0297442586766543	0.06396711666666666	2.2128605980366665
1.0314895879286488	0.04550393666666667	2.2382493679266666
1.0332349171806432	0.09310487666666667	2.28483984555
1.0349802464326374	0.11230018666666666	2.2492832359133335
1.0367255756846316	0.07246678666666667	2.175551686156666
1.0384709049366259	0.07869711333333332	2.2072101203299996
1.0402162341886205	0.07357418	2.2289782541666665
1.041961563440615	0.07123995333333333	2.2059079872166665
1.043706892692609	0.08593988333333333	2.1767650962666663
1.0454522219446034	0.06430336666666667	2.1468063044199996
1.0471975511965979	0.06200130333333333	2.178991052253333
1.048942880448592	0.1066645	2.2421184396766662
1.0506882097005863	0.07945779666666666	2.19161095918
1.0524335389525805	0.042996099999999995	2.1340750895433334
1.0541788682045747	0.04189700666666666	2.1365614159466664
1.0559241974565694	0.04825468333333333	2.16030394958
1.0576695267085636	0.07036532999999999	2.195216224896667
1.059414855960558	0.07439496	2.192967444593333
1.0611601852125523	0.025437453333333332	2.13804477845
1.0629055144645467	0.01947851	2.1462494396266667
1.064650843716541	0.03365881999999999	2.1701550399266663
1.0663961729685352	0.03079577433333333	2.163340254503333
1.0681415022205298	0.025737676666666667	2.1491100141999997
1.069886831472524	0.019441213	2.1335403083966664
1.0716321607245185	0.011037299	2.1381193625799995
1.0733774899765127	0.025862203333333333	2.1831116590999997
1.0751228192285072	0.019058937666666664	2.1742247327
1.0768681484805014	0.009014981333333333	2.1259379351899996
1.0786134777324956	0.011012760057	2.097017797586666
1.0803588069844898	0.016625205666666667	2.11359547156
1.082104136236484	0.017715174999999996	2.15280045628
1.0838494654884787	0.024541448	2.1630988437266665
1.085594794740473	0.01794117	2.1088060280666667
1.0873401239924672	0.017034411666666666	2.07551950894
1.0890854532444616	0.018156681	2.09432436492
1.0908307824964558	0.025316553333333332	2.12750275812
1.0925761117484503	0.025664529999999998	2.10899137435
1.0943214410004445	0.02567499333333333	2.05908186234
1.0960667702524387	0.022250565333333333	2.0461691240766666
1.0978120995044334	0.025642470333333334	2.0894025732266663
1.0995574287564276	0.0310915	2.1062649480266664
1.101302758008422	0.042965746666666665	2.0767432060666664
1.1030480872604165	0.032803186666666664	2.0302278812433334
1.1047934165124107	0.025821296666666667	2.0399364064066665
1.106538745764405	0.03596092333333333	2.0908487555966664
1.1082840750163991	0.04666727666666666	2.09348573663
1.1100294042683934	0.04513879	2.03672148499
1.111774733520388	0.048681581	2.022481658136667
1.1135200627723822	0.038144156666666665	2.050379841043333
1.1152653920243765	0.042698516666666665	2.08518075899
1.117010721276371	0.054851616666666665	2.0776830445699996
1.1187560505283651	0.04865312	2.030001979653333
1.1205013797803596	0.04124294266666667	2.0156273910499998
1.1222467090323538	0.054145526533333335	2.05764837361
1.123992038284348	0.049070973	2.0604367187766663
1.1257373675363422	0.04747890666666667	2.03656359439
1.127482696788337	0.04413658866666667	2.0213101706866667
1.1292280260403311	0.036527138	2.022948159203333
1.1309733552923256	0.046379168666666665	2.0402785703333333
1.13271868454432	0.059988513	2.04117594311
1.1344640137963142	0.040984476666666665	1.9985198688833332
1.1362093430483085	0.03466078366666667	1.9887386347266667
1.1379546723003031	0.035200714	2.0046499565666664
1.139700001552297	0.038345838666666666	2.0155405671533333
1.1414453308042918	0.05085657333333333	2.0199225376
1.143190660056286	0.05044945666666667	2.0004703621466664
1.14493598930828	0.030878297666666665	1.9612821680366663
1.1466813185602747	0.03719989	1.9643758543499996
1.1484266478122689	0.03995127	1.9780179999466665
1.150171977064263	0.039159292666666665	1.9887271290266666
1.1519173063162573	0.04348244666666666	1.9922907427133332
1.1536626355682515	0.03882094333333333	1.9713458887199997
1.1554079648202462	0.03395143666666667	1.9533550644300002
1.1571532940722404	0.04827089	1.9698083265
1.1588986233242349	0.039775986666666666	1.96203529902
1.160643952576229	0.03187187366666666	1.9504376430533334
1.1623892818282235	0.03598539	1.9560331865433334
1.1641346110802178	0.036607846666666666	1.9606664254433332
1.165879940332212	0.042518103333333335	1.9649022355199999
1.1676252695842066	0.051423449999999996	1.9609367633199999
1.1693705988362009	0.030557870333333334	1.9252939976699999
1.171115928088195	0.026711087666666664	1.9283531532233331
1.1728612573401895	0.035122726666666666	1.9558035389533335
1.1746065865921838	0.030789585666666664	1.9559005034333332
1.1763519158441782	0.03212288666666666	1.9486319804566667
1.1780972450961724	0.037229997	1.9422061609566665
1.1798425743481666	0.024093366666666664	1.9169040514666666
1.1815879036001609	0.030140986666666664	1.9182650126133334
1.183333232852155	0.028642489999999996	1.9171622253833331
1.18507856210415	0.017901699333333333	1.9088070509733335
1.186823891356144	0.03214430933333333	1.9272268298766664
1.1885692206081382	0.04669656	1.9317899108766663
1.1903145498601329	0.03542164333333333	1.89477477312
1.192059879112127	0.037774823333333325	1.8849073425366667
1.1938052083641213	0.032465163666666665	1.8841543333433333
1.1955505376161155	0.033046813333333334	1.8851311283199998
1.1972958668681097	0.05665732333333333	1.8995210156466666
1.1990411961201044	0.06001912666666667	1.8922708260933332
1.2007865253720988	0.03980067366666666	1.8698395127333334
1.2025318546240933	0.048868049999999996	1.88363019031
1.2042771838760875	0.050481156666666666	1.8788352963866668
1.2060225131280817	0.04300571333333332	1.8579775615766665
1.207767842380076	0.05050558333333333	1.86814641564
1.2095131716320702	0.05212228333333333	1.8905603722699997
1.2112585008840648	0.04566347333333333	1.9006925975166666
1.213003830136059	0.057813859999999995	1.905678050683333
1.2147491593880533	0.04312787999999999	1.8708286578733333
1.2164944886400477	0.022790138333333335	1.8512772900233332
1.218239817892042	0.03846831333333334	1.8907214636566665
1.2199851471440364	0.051646043333333336	1.9212368466799998
1.2217304763960306	0.037198086666666665	1.8990235989899997
1.2234758056480248	0.03118868	1.8714962209833335
1.225221134900019	0.01684877173333333	1.8562476970633333
1.2269664641520137	0.014819352000000001	1.8843038917366668
1.228711793404008	0.03450354	1.9224073691199997
1.2304571226560024	0.032138443333333336	1.8994743233566664
1.2322024519079966	0.010390451333333332	1.8425439908066665
1.233947781159991	0.014198618	1.8327685085033334
1.2356931104119853	0.015528515	1.85434422767
1.23743843966398	0.013080254333333333	1.8766227356399998
1.2391837689159741	0.015600950666666665	1.8654975743966666
1.240929098167968	0.015806024000000002	1.82587232893
1.2426744274199628	0.012542265666666665	1.8024708487999999
1.244419756671957	0.01733041333333333	1.8189293154166664
1.2461650859239515	0.014890879666666666	1.8340886795533333
1.2479104151759457	0.012592195066666667	1.8241491398299998
1.24965574442794	0.016744164333333332	1.793415795
1.2514010736799341	0.02552033633333333	1.7815969620633334
1.2531464029319284	0.017606550999999998	1.7891138934966666
1.254891732183923	0.013438055666666665	1.8007050130300002
1.2566370614359172	0.026691836766666664	1.7983924446566668
1.2583823906879115	0.03435340366666666	1.77658355697
1.260127719939906	0.028080591899999997	1.7606674923399999
1.2618730491919004	0.03143461143333333	1.782889464883333
1.2636183784438946	0.025274547666666664	1.7893842740633332
1.2653637076958888	0.027762371666666664	1.76974391947
1.267109036947883	0.04518581666666666	1.7612058567733335
1.2688543661998777	0.04266445666666666	1.7683715893033334
1.270599695451872	0.03218861536666666	1.7849534586999998
1.2723450247038663	0.046556394	1.8022198092066666
1.2740903539558606	0.04351020733333333	1.7710166741600002
1.2758356832078548	0.03190495933333333	1.7385732122966666
1.2775810124598492	0.03742029166666666	1.7599894203533335
1.2793263417118435	0.04244200499999999	1.7934600746833331
1.2810716709638381	0.044277518333333335	1.8001381653733333
1.282817000215832	0.052242489333333336	1.7918041721266666
1.2845623294678261	0.032755436666666665	1.7591234705399998
1.286307658719821	0.016934499933333333	1.7486139305733333
1.288052987971815	0.03425081233333333	1.7770752381300001
1.2897983172238097	0.04605393	1.7899022681133332
1.2915436464758039	0.03433846166666666	1.7778882030066665
1.293288975727798	0.027945121000000003	1.77436745364
1.2950343049797923	0.01768363	1.7609787395166667
1.296779634231787	0.020228390333333332	1.7606248628399999
1.2985249634837812	0.03337879566666666	1.7743067433166666
1.3002702927357757	0.025593960333333332	1.7652841362866667
1.3020156219877699	0.014431226366666668	1.7527694742566666
1.3037609512397643	0.02639488313333333	1.7604062760466666
1.3055062804917585	0.025739232333333334	1.7558239750566664
1.3072516097437528	0.018919553666666665	1.7588852746333334
1.308996938995747	0.014748121266666666	1.7585878180766665
1.3107422682477412	0.015150608433333334	1.7344837642166668
1.3124875974997359	0.032767455333333334	1.7281177727833335
1.31423292675173	0.042568584	1.7462266087833331
1.3159782560037245	0.020282351666666663	1.749941480063333
1.3177235852557188	0.01529701	1.7536847252899999
1.319468914507713	0.027402286666666664	1.7340403877133332
1.3212142437597074	0.03923904333333333	1.70299988873
1.3229595730117016	0.05047157333333333	1.7209590580033334
1.3247049022636959	0.04124314	1.7570134342466663
1.3264502315156905	0.025464516666666662	1.7505078286466667
1.3281955607676847	0.04454714666666666	1.7262114362366667
1.3299408900196792	0.05355287	1.6932818609766667
1.3316862192716734	0.04242797333333333	1.6910157696433332
1.3334315485236676	0.047946486666666656	1.7434200303566665
1.3351768777756619	0.05743988	1.7686204599900002
1.336922207027656	0.05888899666666667	1.7267101908466664
1.338667536279651	0.0679492	1.69696436819
1.3404128655316452	0.054301760000000004	1.69996924036
1.3421581947836396	0.042749433333333337	1.72894893555
1.3439035240356338	0.07069234333333332	1.7630014284533333
1.345648853287628	0.08817909666666665	1.7411804583033332
1.3473941825396225	0.06859422	1.6869179750933334
1.3491395117916167	0.06085948333333333	1.6950003278399999
1.350884841043611	0.05804429333333333	1.7323861584833333
1.3526301702956052	0.06333260666666665	1.7462864091066665
1.3543754995475994	0.08694365666666666	1.7386125944700002
1.356120828799594	0.08364016666666665	1.7077558256799998
1.3578661580515883	0.05654947666666666	1.69415033888
1.3596114873035827	0.06307911999999999	1.7363096799833333
1.361356816555577	0.07062254666666666	1.7495458742599999
1.3631021458075712	0.06331857499999999	1.7084938752999999
1.3648474750595656	0.06713254666666667	1.6840345767066665
1.3665928043115598	0.06623865333333333	1.7003255102866666
1.3683381335635545	0.05806329666666667	1.7417013647666666
1.3700834628155487	0.06549710333333332	1.7735279968566666
1.371828792067543	0.05694469333333333	1.7300058704066665
1.3735741213195374	0.041559259	1.6649977833633334
1.3753194505715316	0.05153083666666667	1.6759690644799998
1.377064779823526	0.06155185333333333	1.7372015427166665
1.3788101090755203	0.05038067666666666	1.7698613250733333
1.3805554383275145	0.042011333333333324	1.7504828642466665
1.3823007675795091	0.03301617	1.6940398764733333
1.384046096831503	0.030644547999999997	1.67837088288
1.3857914260834978	0.042615493333333324	1.7309811478933332
1.387536755335492	0.042716153333333326	1.7635293002566663
1.3892820845874863	0.02408457	1.7252572897266667
1.3910274138394805	0.020886786666666664	1.6827037838566667
1.3927727430914747	0.024534926666666665	1.6837204223799997
1.3945180723434691	0.02421158333333333	1.7259945810133335
1.3962634015954638	0.026127840000000003	1.7554317959399999
1.398008730847458	0.021342569999999995	1.7139932646266667
1.3997540600994525	0.011082244333333333	1.64537767742
1.4014993893514467	0.016621006666666667	1.6441515601833334
1.4032447186034411	0.01872065333333333	1.68990665758
1.4049900478554354	0.012162396	1.714202707863333
1.4067353771074296	0.012375383333333332	1.6908539891233332
1.4084807063594238	0.014070074666666665	1.6419253500866664
1.410226035611418	0.010702790666666667	1.6210999494133334
1.4119713648634127	0.012847901999999998	1.6506282271833332
1.413716694115407	0.010391517	1.6695905156866666
1.4154620233674011	0.005961037666666666	1.6458001383033332
1.4172073526193956	0.009360110333333333	1.61316583238
1.4189526818713898	0.014416816666666667	1.6088223496566667
1.420698011123384	0.010924352	1.6308459730733333
1.4224433403753782	0.008318428333333332	1.65088287889
1.4241886696273727	0.007466818333333333	1.6340626190999998
1.4259339988793673	0.008365698	1.5982711531966665
1.4276793281313616	0.013151437000000002	1.58954512193
1.429424657383356	0.018244216666666667	1.6159184532266666
1.4311699866353502	0.013067081333333331	1.6360911030866667
1.4329153158873444	0.008346022333333331	1.6259275618766669
1.4346606451393389	0.011856828333333333	1.599244059123333
1.436405974391333	0.020093762333333334	1.5915924481366668
1.4381513036433278	0.024692432333333333	1.60788352151
1.439896632895322	0.022934103333333334	1.6197094058366668
1.4416419621473162	0.016332906666666668	1.6049609125966668
1.4433872913993107	0.017094875333333332	1.5825758229433333
1.4451326206513049	0.026599429999999997	1.5810035754966667
1.446877949903299	0.03575752166666667	1.60198803715
1.4486232791552933	0.031047766999999993	1.6081407412166666
1.4503686084072875	0.022495249999999998	1.5868984565866668
1.452113937659282	0.025915697333333335	1.5633998532266666
1.4538592669112762	0.03629527833333333	1.5563724751466668
1.4556045961632709	0.04087609466666667	1.5641578544366666
1.457349925415265	0.03831990166666666	1.575556328296667
1.4590952546672595	0.026263832	1.5656623206733333
1.460840583919254	0.02582458266666667	1.5475075265966665
1.4625859131712482	0.0437194698	1.5435622631466668
1.4643312424232424	0.050360289499999995	1.5399028009899998
1.4660765716752366	0.03834823033333333	1.5302892474133332
1.4678219009272309	0.030040909066666666	1.52870269506
1.4695672301792255	0.027502026666666665	1.5236454660933334
1.4713125594312197	0.036765453	1.5195171434666666
1.4730578886832142	0.050866326999999996	1.5234687922
1.4748032179352084	0.04408358933333334	1.516163327763333
1.4765485471872026	0.026600070633333334	1.5017639849333335
1.478293876439197	0.028424122833333332	1.5045867716166665
1.480039205691191	0.034862340066666664	1.5066667972899999
1.481784534943186	0.034998168499999996	1.5011265455266667
1.4835298641951802	0.036436415	1.5006808354466667
1.4852751934471744	0.031436043999999996	1.4941658354799998
1.4870205226991688	0.024169186	1.48535563616
1.488765851951163	0.03130898033333333	1.4945554796666667
1.4905111812031575	0.030361583633333335	1.4939311507366668
1.4922565104551517	0.019999099899999997	1.4772699650433332
1.494001839707146	0.026373147	1.4749068991099998
1.4957471689591406	0.032826718666666664	1.4771988291266664
1.4974924982111348	0.02536076333333333	1.4734982303866666
1.4992378274631293	0.024519647999999998	1.4766147806733332
1.5009831567151235	0.019852638333333332	1.4646822042699998
1.5027284859671177	0.015499449666666667	1.4487168242033333
1.504473815219112	0.03075826333333333	1.462757017243333
1.5062191444711062	0.03552321666666667	1.4738055503333332
1.5079644737231006	0.018739182666666666	1.4583950832900001
1.5097098029750948	0.015779566	1.4470994750233332
1.511455132227089	0.019796402999999997	1.43820472036
1.5132004614790837	0.021439113	1.4368979716133332
1.514945790731078	0.030982833333333334	1.4573053447633333
1.5166911199830724	0.028103986666666667	1.4611638017566666
1.5184364492350666	0.011629335333333332	1.43869583035
1.520181778487061	0.01446831	1.4333280658199998
1.5219271077390553	0.022869461666666667	1.4376569935066663
1.5236724369910495	0.02041520833333333	1.4396026271866664
1.5254177662430441	0.02303612	1.453057460903333
1.5271630954950384	0.022009039999999997	1.4516318288666668
1.5289084247470326	0.012202056	1.4293068910266666
1.530653753999027	0.0163057	1.4295635004599998
1.5323990832510213	0.020358793333333333	1.4398380321333333
1.5341444125030157	0.014988196666666669	1.4374546862433333
1.53588974175501	0.02179871	1.44023868878
1.537635071007004	0.025960636666666665	1.4345693018733334
1.5393804002589988	0.015255029333333331	1.4187422371766667
1.541125729510993	0.015918635	1.4293864582533333
1.5428710587629875	0.019090956666666666	1.4395992515666667
1.5446163880149817	0.017030382	1.4229077277566664
1.546361717266976	0.02948176	1.4153764320766664
1.5481070465189704	0.03434541333333333	1.4135634279433333
1.5498523757709646	0.019301656	1.40129434913
1.5515977050229588	0.019668794666666666	1.4062721651733334
1.553343034274953	0.027700522666666665	1.4132242328966664
1.5550883635269477	0.027569507333333333	1.4028359442266665
1.556833692778942	0.03947298666666667	1.4045008653566668
1.5585790220309363	0.04517105333333333	1.4028985371099998
1.5603243512829306	0.029668994666666663	1.3775571976833334
1.5620696805349248	0.03085807	1.3732910430833334
1.563815009786919	0.04337661333333333	1.3894424563533332
1.5655603390389135	0.04161201666666667	1.3886342196500001
1.5673056682909077	0.04806694	1.3871408071766667
1.5690509975429023	0.05539714	1.384931925783333
1.5707963267948966	0.04169642666666666	1.3680464720299998
1.5725416560468908	0.041212483333333334	1.3715684815466667
1.5742869852988854	0.056853879999999996	1.3880147004533332
1.5760323145508797	0.054152486666666666	1.3746174783633331
1.5777776438028739	0.04997032333333333	1.35894981125
1.579522973054868	0.05307198666666666	1.3633331621366669
1.5812683023068623	0.04245975	1.36376512561
1.583013631558857	0.04037093666666666	1.3696557961466667
1.5847589608108512	0.05594954	1.3794669737199998
1.5865042900628454	0.05406962	1.3618864076733335
1.5882496193148399	0.04280419333333333	1.3424121173799999
1.589994948566834	0.04434772333333334	1.3486313878099998
1.5917402778188283	0.04237086666666666	1.3531945070633333
1.5934856070708228	0.040737006666666666	1.3529344512966666
1.5952309363228174	0.05040714333333333	1.3572351361333332
1.5969762655748112	0.046401373333333336	1.3445427116066666
1.5987215948268054	0.03301565333333333	1.3305173448999998
1.6004669240788003	0.036979399999999996	1.34148247654
1.6022122533307945	0.04346334333333333	1.3487079707466665
1.603957582582789	0.040738826666666665	1.33937693227
1.6057029118347832	0.042013216666666665	1.3362641345833333
1.6074482410867772	0.03863998	1.3346749246266665
1.6091935703387716	0.030908569999999996	1.334826793123333
1.6109388995907659	0.036343103333333335	1.3453389234566666
1.6126842288427607	0.04292616333333333	1.3437962496599998
1.614429558094755	0.03623609333333333	1.3279712251266667
1.6161748873467492	0.03174453	1.3294351994533333
1.6179202165987434	0.03290193333333333	1.34080493943
1.6196655458507376	0.03164674766666666	1.3392566918086666
1.621410875102732	0.032090709999999995	1.331782999146
1.6231562043547263	0.03360165	1.32668695904
1.624901533606721	0.028484436666666668	1.32549220157
1.6266468628587152	0.02608751333333333	1.33483269726
1.6283921921107094	0.03036605166666666	1.3382463917033331
1.630137521362704	0.029883880333333328	1.3216309025920001
1.6318828506146983	0.024610118	1.3081935834176666
1.6336281798666925	0.023623825333333334	1.3152804265466664
1.6353735091186867	0.023362776000000002	1.3251179980199999
1.637118838370681	0.024147679333333328	1.3261402963366664
1.6388641676226756	0.026361913333333334	1.3169834385866666
1.6406094968746698	0.023849797333333332	1.3035075035666666
1.642354826126664	0.018150780866666664	1.3027225188053333
1.6441001553786583	0.017963332999999998	1.315387558576
1.6458454846306525	0.020889417999999996	1.318345616317
1.647590813882647	0.022733600999999996	1.3090089624553332
1.6493361431346412	0.020887639	1.3011783202973333
1.6510814723866354	0.017258219399999997	1.3030869116879997
1.6528268016386303	0.015381586	1.3138692357576667
1.654572130890624	0.017438949	1.323636960374
1.6563174601426187	0.019804475666666665	1.3174543898993332
1.6580627893946132	0.020171221666666666	1.302043473083
1.6598081186466074	0.017362078666666662	1.2961358327793333
1.6615534478986018	0.015331954333333331	1.3069127822686666
1.663298777150596	0.016519725	1.3217961111216667
1.6650441064025903	0.020113368	1.324346908034
1.6667894356545845	0.020454767333333335	1.3087363651483335
1.6685347649065787	0.018634753333333334	1.295931527066
1.6702800941585736	0.017835936666666663	1.305046995277
1.6720254234105678	0.01904237	1.322881713025
1.673770752662562	0.020829366666666668	1.3200604194143333
1.6755160819145563	0.023307068	1.2969996503003334
1.6772614111665505	0.021563317	1.2814473529713333
1.679006740418545	0.01847596333333333	1.2967906395289999
1.6807520696705391	0.0188136	1.324942527312
1.6824973989225334	0.02199406	1.32936691934
1.684242728174528	0.02304797	1.3041342313986666
1.6859880574265222	0.022253436666666668	1.2823398368726666
1.6877333866785167	0.02018283	1.2868641523663333
1.6894787159305111	0.020422843333333333	1.3080974662623333
1.6912240451825054	0.021781156666666666	1.3163883534453333
1.6929693744344996	0.023430366666666664	1.3049507798886666
1.6947147036864938	0.02252461	1.2926698658909999
1.6964600329384885	0.019448276666666667	1.2952832284336666
1.6982053621904827	0.017736306666666667	1.3060069704386665
1.6999506914424771	0.021533636666666665	1.3139780572633333
1.7016960206944713	0.02299842	1.3072495406246665
1.7034413499464653	0.020061886666666664	1.289584823536
1.7051866791984598	0.01842928333333333	1.2814888845839998
1.706932008450454	0.02029834333333333	1.2946671432973333
1.708677337702449	0.020199657333333332	1.3100125746676665
1.7104226669544431	0.021827713333333332	1.3102909232323332
1.7121679962064373	0.021960923333333333	1.2913070814636667
1.7139133254584316	0.017128247666666666	1.2701368565686666
1.7156586547104258	0.016657889333333332	1.2754338343043332
1.7174039839624204	0.025070272666666664	1.304195147373333
1.7191493132144147	0.02596589	1.3091217441876666
1.7208946424664089	0.021654713333333332	1.282630683203
1.722639971718403	0.020623947666666663	1.262673482121
1.7243853009703973	0.01960377733333333	1.2707584331446666
1.726130630222392	0.020864280000000002	1.2939442210626666
1.7278759594743864	0.030262346666666662	1.3077840896239998
1.7296212887263807	0.030452935666666667	1.2882001662863332
1.7313666179783749	0.02182468233333333	1.2589998933756665
1.733111947230369	0.022193576666666666	1.2599669393039998
1.7348572764823635	0.028917757999999995	1.2800193289783333
1.7366026057343578	0.02934110033333333	1.284817073362
1.738347934986352	0.031597534	1.2801756544753333
1.7400932642383462	0.029876029	1.2714296917026666
1.7418385934903404	0.021813085	1.2622351309526665
1.7435839227423353	0.025445134999999997	1.2695387734736667
1.7453292519943295	0.03811903033333333	1.2857919153386665
1.7470745812463238	0.03483588533333333	1.280675997526
1.7488199104983182	0.027869663333333336	1.2673549915063334
1.7505652397503124	0.02729173333333333	1.261285009965
1.7523105690023066	0.025110550666666665	1.2606517274133333
1.7540558982543013	0.028832469	1.274917832597
1.7558012275062955	0.04044356999999999	1.2951309328599998
1.75754655675829	0.03517511333333333	1.2816998311469998
1.7592918860102842	0.02445414333333333	1.2538349465853333
1.7610372152622784	0.02806569333333333	1.2534465632263334
1.7627825445142726	0.033108356666666665	1.2714668657513333
1.7645278737662669	0.03212801666666666	1.2840383554406667
1.7662732030182617	0.03686468	1.2886649601899998
1.768018532270256	0.03246553333333333	1.2714253892866667
1.7697638615222502	0.022243890000000002	1.2522026935726667
1.7715091907742444	0.02853318	1.2644184335879998
1.7732545200262386	0.03840015	1.28452099861
1.7749998492782333	0.03173193333333333	1.27945857508
1.7767451785302275	0.02977630666666667	1.2741397146866664
1.7784905077822217	0.029934429999999998	1.271903308103333
1.780235837034216	0.022561386666666662	1.2632601815446667
1.7819811662862102	0.025962376666666665	1.2678795952053332
1.7837264955382048	0.03667342666666666	1.2825593149366665
1.785471824790199	0.02895793	1.27803787286
1.7872171540421935	0.023051099999999998	1.2738735651666666
1.7889624832941877	0.02769065	1.27687728623
1.790707812546182	0.02504778666666667	1.2681358132933334
1.7924531417981764	0.02287684333333333	1.2645944030466667
1.7941984710501706	0.03187144333333333	1.2820100870333333
1.7959438003021653	0.027781499999999994	1.2831359860333333
1.7976891295541597	0.01926298	1.2689539855533332
1.7994344588061533	0.025370233333333332	1.2675313563833333
1.8011797880581482	0.029647386666666664	1.2704720924266666
1.8029251173101424	0.02477207333333333	1.269577067143333
1.8046704465621368	0.031144356666666668	1.2794586723566665
1.806415775814131	0.031377999999999996	1.27593861159
1.8081611050661253	0.020211223333333334	1.2579842684266667
1.8099064343181195	0.023403276666666667	1.2613127877299999
1.8116517635701137	0.034423289999999995	1.2768707668966666
1.8133970928221086	0.030506393333333333	1.2740846338766665
1.8151424220741028	0.031751126666666664	1.27633313538
1.816887751326097	0.035292986666666665	1.2820456951233334
1.8186330805780913	0.026613266666666666	1.2691682701833333
1.8203784098300855	0.025591366666666664	1.258175070803333
1.82212373908208	0.03942503666666666	1.2689802316533332
1.8238690683340746	0.03725539	1.2774910083000002
1.8256143975860688	0.029484843333333333	1.2841713689766665
1.827359726838063	0.03314985333333333	1.2862034638433333
1.8291050560900572	0.03381741	1.266519005903333
1.830850385342052	0.030895986666666667	1.2498195405966666
1.8325957145940461	0.040886809999999996	1.2715631452733334
1.8343410438460404	0.04015624666666666	1.2917753291133334
1.8360863730980346	0.026837879999999998	1.2832820035133334
1.8378317023500288	0.027960000000000002	1.2713919413233334
1.8395770316020235	0.03725729666666666	1.26832667498
1.8413223608540177	0.03344928333333333	1.2673297565333332
1.843067690106012	0.03326636333333333	1.27964566107
1.8448130193580063	0.033530449999999996	1.2840325663666665
1.8465583486100006	0.025113266666666665	1.2670403085966666
1.8483036778619948	0.02432223	1.2568484045633332
1.850049007113989	0.03538897333333333	1.2663880165533332
1.8517943363659835	0.03261258	1.2721327332633332
1.8535396656179781	0.024722793333333333	1.2815368111066665
1.8552849948699723	0.025125483333333337	1.29212582712
1.8570303241219668	0.025813083333333327	1.2801132315966666
1.858775653373961	0.023693983333333335	1.2548642392333331
1.8605209826259552	0.02867397	1.2537758177599998
1.8622663118779497	0.026252343333333334	1.2690110256333331
1.8640116411299439	0.017572981666666664	1.2824747906166665
1.865756970381938	0.017585048666666665	1.28299732846
1.8675022996339323	0.024022779999999997	1.2663384566099998
1.8692476288859265	0.022719279999999998	1.25088536638
1.8709929581379214	0.02167403	1.2679165719033334
1.8727382873899157	0.019563456666666666	1.2905163656366667
1.8744836166419099	0.015477751666666666	1.2848950153333334
1.876228945893904	0.015006265	1.2643310482399999
1.8779742751458983	0.020356379999999997	1.25774384833
1.8797196043978928	0.018778546666666663	1.2627409049666667
1.881464933649887	0.015217419	1.2769029609966664
1.8832102629018816	0.014582421666666666	1.2867200525199998
1.8849555921538759	0.01600521333333333	1.28092340995
1.88670092140587	0.016345433666666666	1.2675538218366666
1.8884462506578648	0.019392707999999998	1.2640423622633332
1.890191579909859	0.016868538333333336	1.2625935799333332
1.8919369091618532	0.013146205933333332	1.2670974857266666
1.8936822384138474	0.014309727666666668	1.2778963485666666
1.8954275676658416	0.018844096666666664	1.27808344404
1.8971728969178363	0.019151944666666663	1.2611569082766665
1.8989182261698305	0.019590276666666663	1.2558439217966666
1.900663555421825	0.01589567833333333	1.2652786639299998
1.9024088846738192	0.012787385	1.2729331269366666
1.9041542139258134	0.015065252199999999	1.26717880788
1.9058995431778076	0.020590693333333333	1.25383621563
1.9076448724298019	0.019088524	1.2421917560433333
1.9093902016817967	0.016934032766666666	1.2488835729
1.911135530933791	0.015101078033333333	1.2595325201933332
1.9128808601857852	0.014770606	1.253848140563333
1.9146261894377794	0.016833217033333334	1.2391116248666667
1.9163715186897738	0.022160150999999996	1.2393302655966665
1.9181168479417683	0.019077887666666668	1.24402671878
1.9198621771937625	0.014572431833333331	1.2441128196
1.9216075064457567	0.01570579183333333	1.2410564969
1.923352835697751	0.019850318	1.2397502342066666
1.9250981649497452	0.020285842383333332	1.23990230969
1.92684349420174	0.022028204666666665	1.2470803254333331
1.9285888234537343	0.018709630133333332	1.2477669087566667
1.9303341527057285	0.014820445333333335	1.23976592572
1.9320794819577227	0.016636638066666664	1.2325511651099998
1.933824811209717	0.022659831366666668	1.23131089157
1.9355701404617114	0.020980008599999996	1.2255256935166665
1.9373154697137056	0.017790892	1.2245074462999999
1.9390607989656998	0.01645771433333333	1.2317092971199999
1.9408061282176947	0.017494457666666664	1.2361208431633333
1.9425514574696887	0.017612796533333332	1.2250450730266667
1.9442967867216832	0.02065760633333333	1.2123137583333332
1.9460421159736774	0.018637123066666664	1.20577593065
1.9477874452256718	0.014528009999999997	1.2088433495043331
1.949532774477666	0.014465525333333333	1.2125124981706665
1.9512781037296603	0.01890830282	1.2086930319299998
1.953023432981655	0.017482144866666667	1.19855917219
1.9547687622336491	0.016325466	1.2046677040099998
1.9565140914856434	0.015479128333333331	1.2195311538333333
1.9582594207376378	0.014935178	1.219213573928
1.960004749989632	0.014178114	1.199700516803
1.9617500792416263	0.01708706733333333	1.1889396971946664
1.9634954084936205	0.015683553333333333	1.1937512981606666
1.9652407377456147	0.013267671333333331	1.2044683003833332
1.9669860669976096	0.012979111333333335	1.2034844421659998
1.9687313962496038	0.0160827241	1.189145052576
1.970476725501598	0.015388967666666666	1.16951569857
1.9722220547535922	0.015883969666666664	1.1653543338936667
1.9739673840055865	0.015670723666666664	1.174648970988
1.9757127132575811	0.015148348	1.1864479132023333
1.9774580425095754	0.01361825	1.1879531073083331
1.9792033717615696	0.015583949000000001	1.1768453209809997
1.9809487010135638	0.014624987666666665	1.152428865244333
1.982694030265558	0.013823309666666667	1.1403729171903332
1.9844393595175527	0.014482377666666666	1.158096130138
1.9861846887695471	0.017849566	1.1916493111446667
1.9879300180215413	0.016737881999999996	1.2002536113963334
1.9896753472735356	0.01643439433333333	1.1783969246280002
1.9914206765255298	0.017118239333333334	1.1518593606286667
1.9931660057775242	0.018648194666666666	1.1513780853586666
1.9949113350295185	0.01749097033333333	1.1701684651736666
1.9966566642815133	0.019322333666666667	1.1843954608093332
1.9984019935335076	0.017872789333333333	1.172996285739
2.0001473227855016	0.015295923333333331	1.1545067472893331
2.0018926520374962	0.016240904666666667	1.1540304298943334
2.0036379812894904	0.02176093	1.1728695523086667
2.0053833105414847	0.019454017999999997	1.1814934049166665
2.0071286397934793	0.016748891666666668	1.1749730778716665
2.0088739690454736	0.017292960666666666	1.1627771011569998
2.0106192982974678	0.018413577	1.1572940006443333
2.012364627549462	0.016643856999999998	1.1611726639686666
2.014109956801456	0.019556049	1.1798071293783332
2.0158552860534504	0.018391495666666667	1.1960596207483332
2.0176006153054447	0.014833840000000001	1.1956057275573333
2.019345944557439	0.015115970666666667	1.1765529050926666
2.021091273809433	0.01988962	1.1597829761106664
2.022836603061428	0.016062265666666665	1.1599527662456666
2.0245819323134224	0.012823335333333333	1.1835671723216665
2.0263272615654166	0.016529612666666665	1.2040644807163334
2.028072590817411	0.021577979999999997	1.1952064785856666
2.029817920069405	0.018341166666666665	1.164507246031
2.0315632493213998	0.017819708999999996	1.157317649361333
2.033308578573394	0.01584588	1.1780851446033334
2.035053907825388	0.012322786666666665	1.1993518612463332
2.036799237077383	0.015437596666666668	1.202046747953
2.0385445663293766	0.025156623333333336	1.1948643517053332
2.0402898955813713	0.020430959999999998	1.1820780657330001
2.0420352248333655	0.012636323333333333	1.1816690397673333
2.0437805540853597	0.015554219999999997	1.1974811377606667
2.045525883337354	0.02225524333333333	1.216410017791
2.047271212589348	0.020680976666666663	1.2214671196066667
2.0490165418413424	0.022677799999999998	1.21946016088
2.0507618710933366	0.02140925333333333	1.2092470032333333
2.052507200345331	0.015201523333333331	1.2043742296066666
2.054252529597326	0.016921376666666668	1.2209783387333333
2.05599785884932	0.02872291333333333	1.2467166619333334
2.0577431881013144	0.025273220000000002	1.239759578923333
2.0594885173533086	0.017455773333333334	1.2141262526533332
2.0612338466053033	0.019756	1.2081371317833334
2.0629791758572975	0.023457726666666668	1.2293980376966664
2.0647245051092917	0.019716413333333332	1.2516671660566665
2.0664698343612864	0.02333263	1.26245798842
2.0682151636132806	0.02450644333333333	1.2511818496733331
2.069960492865275	0.01986658733333333	1.2363185597266666
2.071705822117269	0.019757909999999997	1.2409213465
2.0734511513692633	0.026674583333333335	1.2609823792
2.0751964806212575	0.02205182	1.26727888392
2.0769418098732517	0.017940228000000003	1.2724415202233335
2.078687139125246	0.023871043999999998	1.2895004747166667
2.080432468377241	0.02876551	1.3028476379466665
2.0821777976292353	0.02263785	1.2955722552
2.08392312688123	0.02226394233333333	1.2881695634333332
2.0856684561332237	0.021757208666666666	1.2833631898233333
2.087413785385218	0.019134104333333332	1.2813608534133334
2.0891591146372126	0.022501178666666666	1.2871262527033331
2.090904443889207	0.03004080333333333	1.3011868038699999
2.0926497731412015	0.02281221433333333	1.3090605333599998
2.0943951023931957	0.016211653	1.3204677989666664
2.0961404316451895	0.020190481	1.328167621153333
2.097885760897184	0.02535191333333333	1.31878547098
2.0996310901491784	0.022525086333333333	1.3051981578133331
2.1013764194011726	0.023427586	1.3185763220200002
2.103121748653167	0.02023474633333333	1.3372850927799997
2.104867077905161	0.015432577999999999	1.3402411195066666
2.1066124071571553	0.019202187	1.3393418858166666
2.1083577364091495	0.0287337	1.3506271372566667
2.1101030656611446	0.023747773333333333	1.3568047295066665
2.111848394913139	0.017696155666666664	1.3568801026333333
2.113593724165133	0.01897663233333333	1.350739154236667
2.1153390534171272	0.02096619	1.3417871021733332
2.1170843826691215	0.017857381	1.3372817026533332
2.118829711921116	0.01980329533333333	1.3470052033266664
2.1205750411731104	0.01701210066666666	1.3517001753566664
2.1223203704251046	0.012421244333333333	1.3542895807833333
2.124065699677099	0.01477933	1.3667370082599999
2.1258110289290935	0.021870529333333333	1.3767872432233332
2.1275563581810877	0.01644090833333333	1.3582795857766663
2.129301687433082	0.011000670999999998	1.3418497098966666
2.131047016685076	0.011542351666666667	1.3546016462800001
2.1327923459370703	0.013204673666666666	1.3796368603666667
2.1345376751890646	0.011574691666666666	1.3827627761233334
2.1362830044410597	0.015103804	1.3673572387633333
2.138028333693054	0.013056063666666668	1.3447634923233331
2.139773662945048	0.008747494333333331	1.33965738797
2.141518992197043	0.009866913	1.3559820124600002
2.143264321449037	0.015434353666666666	1.36963005923
2.1450096507010312	0.010925921333333333	1.3542545816233331
2.1467549799530254	0.007375177333333333	1.33627788817
2.1485003092050197	0.008246926333333331	1.3331528886666666
2.1502456384570143	0.009801022	1.3363430054999998
2.1519909677090086	0.008168042333333334	1.3372310891133332
2.1537362969610028	0.011431439333333335	1.3475986181799997
2.155481626212997	0.009640084333333333	1.3514832715233331
2.157226955464991	0.005865004666666666	1.3423149386
2.1589722847169854	0.006432652666666667	1.33151418986
2.1607176139689797	0.011622339333333332	1.3331546869866666
2.162462943220974	0.007823245999999999	1.336415490126667
2.164208272472968	0.005249067033333333	1.341651459023333
2.1659536017249623	0.008072672	1.3401124046466664
2.1676989309769574	0.011111790333333333	1.3287819393333333
2.1694442602289516	0.007014755333333332	1.31928218985
2.171189589480946	0.007649339333333333	1.3320204910733333
2.17293491873294	0.006799002333333333	1.34091949351
2.1746802479849343	0.0046959513333333334	1.3287040041766665
2.176425577236929	0.007148227333333333	1.3118330587566664
2.178170906488923	0.014214695999999999	1.3097826702566666
2.179916235740918	0.008952558699999998	1.3073145256899998
2.1816615649929116	0.003915529666666666	1.3101875454966665
2.183406894244906	0.007123522333333333	1.3218523415033334
2.1851522234969005	0.011867137	1.3298803665033332
2.1868975527488947	0.008284712666666666	1.3179984392533333
2.188642882000889	0.0090176826	1.3015548798399998
2.190388211252883	0.009861782133333333	1.2877535320533333
2.1921335405048774	0.009467300333333333	1.2890078840666668
2.1938788697568716	0.01076938233333333	1.3082151302066667
2.1956241990088667	0.016302432666666665	1.3268342768499999
2.197369528260861	0.010654580333333333	1.3109965179833332
2.199114857512855	0.005042682	1.2854774722666666
2.20086018676485	0.009586518333333332	1.28445099674
2.202605516016844	0.017731498	1.30037735376
2.2043508452688383	0.014307479333333333	1.3010340958633333
2.206096174520833	0.012462467666666666	1.2961818834766663
2.207841503772827	0.013444449333333334	1.2938512327566667
2.2095868330248214	0.013978527999999999	1.29551074995
2.2113321622768156	0.013037378000000002	1.2988831321633332
2.21307749152881	0.017996118	1.3046910207766667
2.214822820780804	0.015061850333333335	1.2953277328666666
2.2165681500327983	0.010244040999999999	1.2854682127366666
2.2183134792847925	0.014805315333333333	1.2912082094966666
2.2200588085367867	0.023842715	1.2991059076533333
2.221804137788781	0.018660820666666664	1.2861697677633332
2.223549467040776	0.01521721233333333	1.2781200659933332
2.2252947962927703	0.017948613	1.2819144160433331
2.2270401255447645	0.019817639999999997	1.2806768472399999
2.2287854547967587	0.018378252333333334	1.26972891574
2.230530784048753	0.023696886666666667	1.2709617882066664
2.2322761133007476	0.022864335	1.27661385252
2.234021442552742	0.01980363833333333	1.28170970563
2.235766771804736	0.023504533333333334	1.2826099412666667
2.2375121010567303	0.031045663333333334	1.2747847566433332
2.239257430308725	0.025223509999999998	1.2546590098333334
2.241002759560719	0.021809007666666665	1.2529057212433332
2.2427480888127134	0.027578703333333333	1.2687139598166666
2.2444934180647076	0.033076996666666664	1.2745876390166666
2.246238747316702	0.02941670333333333	1.2633394531766666
2.247984076568696	0.030299386666666667	1.2637294491099997
2.2497294058206903	0.029008549999999998	1.2658456817333334
2.2514747350726845	0.026999973333333333	1.2592560286733332
2.2532200643246787	0.03168637666666666	1.25491726964
2.254965393576674	0.041957303333333335	1.26090379216
2.256710722828668	0.037041696666666665	1.2527497590166665
2.2584560520806622	0.031105129999999998	1.2419890293233333
2.260201381332657	0.03611742999999999	1.2492404189366666
2.261946710584651	0.04227970666666667	1.2719381615533332
2.2636920398366454	0.035710016666666664	1.2860789963633334
2.26543736908864	0.03462551	1.2888622588733334
2.2671826983406342	0.03788027333333333	1.2696194839233332
2.2689280275926285	0.04037581	1.2439598696166665
2.2706733568446227	0.042934663333333324	1.2431538331166667
2.272418686096617	0.04929243	1.2728515464999999
2.274164015348611	0.04263074666666666	1.2882050546066668
2.2759093446006062	0.03466413333333333	1.2832756148466666
2.2776546738525996	0.03922935333333333	1.2774407683966666
2.279400003104594	0.04928399	1.2722263553533333
2.281145332356588	0.044541279999999996	1.2524080011466667
2.2828906616085836	0.04093260666666666	1.2463946793266665
2.284635990860578	0.04396707666666667	1.2665711674933333
2.286381320112572	0.04570425333333334	1.29125157159
2.288126649364566	0.04047025666666666	1.29213531617
2.28987197861656	0.04199725	1.2779537798533331
2.291617307868555	0.04128989333333333	1.2585180692333333
2.2933626371205493	0.038254899999999994	1.2588836219766666
2.2951079663725436	0.039128090000000004	1.2856041534233333
2.2968532956245378	0.04445095333333333	1.3110268948433332
2.2985986248765315	0.037195846666666664	1.2961528298033331
2.300343954128526	0.03250539633333333	1.269564588523333
2.3020892833805204	0.03916707	1.2652784204966665
2.3038346126325147	0.04586189333333333	1.2767005420066666
2.305579941884509	0.03799840333333333	1.2780190815833334
2.307325271136503	0.03341788666666666	1.28065547577
2.309070600388498	0.03449647	1.2828019425566666
2.3108159296404924	0.037346166666666666	1.2771822464233333
2.3125612588924866	0.03719367	1.2642541914066667
2.314306588144481	0.03968149666666666	1.2633566863199999
2.316051917396475	0.034177207333333334	1.2710980907866667
2.3177972466484698	0.027805548	1.2860244016433333
2.319542575900464	0.029879795333333334	1.2935727906199999
2.321287905152458	0.03891351333333333	1.2772872916399998
2.3230332344044524	0.035195467999999994	1.2360148046233332
2.324778563656447	0.03119227933333333	1.2185000853
2.3265238929084413	0.03494136666666666	1.2398133125266666
2.3282692221604355	0.03835076666666666	1.26539908104
2.3300145514124297	0.030615732999999996	1.2620907689599998
2.331759880664424	0.029889322666666666	1.2494061292366665
2.333505209916418	0.033516374999999994	1.23316612051
2.3352505391684133	0.034914801999999995	1.2150960952333332
2.3369958684204075	0.034235586666666665	1.2060855098566665
2.3387411976724017	0.03823231	1.2197738660066666
2.340486526924396	0.03187490333333333	1.2318279360766664
2.34223185617639	0.026574743333333335	1.235184720313333
2.343977185428385	0.03460372	1.2313200913333333
2.345722514680379	0.04535951666666666	1.2188550925833335
2.3474678439323733	0.03646538666666667	1.1952317152333332
2.3492131731843675	0.029756617333333332	1.1900536638566666
2.3509585024363617	0.03614377333333333	1.1991488801233334
2.3527038316883564	0.04330680666666667	1.19707494488
2.3544491609403506	0.039084516666666666	1.1797233967333334
2.356194490192345	0.03940195	1.1766073010933333
2.357939819444339	0.03723294333333333	1.1784528210933334
2.3596851486963333	0.03231145333333334	1.17779029903
2.3614304779483275	0.03537798	1.185884158993333
2.3631758072003217	0.047015943333333324	1.2066163705666666
2.364921136452316	0.04077597333333333	1.2086011601666666
2.36666646570431	0.033363624999999994	1.201286757213333
2.3684117949563044	0.042526433333333336	1.2039247392233332
2.3701571242083	0.05148236666666667	1.2111958216733334
2.371902453460294	0.03858313333333333	1.2061265603566667
2.373647782712288	0.032656	1.2080431074366667
2.375393111964282	0.040662710000000005	1.2137618201833331
2.3771384412162764	0.04652618333333333	1.2149080734866666
2.3788837704682715	0.04349140666666666	1.2184107064399998
2.3806290997202657	0.04651445333333333	1.23613774832
2.38237442897226	0.043224263333333325	1.2402219463733335
2.384119758224254	0.037963243333333334	1.2347810721233332
2.3858650874762484	0.043894419999999996	1.2453599144466665
2.3876104167282426	0.054911303333333335	1.2666053764599998
2.389355745980237	0.04365092666666666	1.2571276798966666
2.391101075232231	0.033666661333333334	1.2357987634433334
2.3928464044842253	0.045314753333333326	1.2358100853866665
2.3945917337362195	0.05800873000000001	1.2522160714633332
2.3963370629882146	0.04602106	1.2576001939899997
2.398082392240209	0.038888839999999994	1.2662275880899998
2.3998277214922035	0.04531601333333333	1.2776813625433334
2.4015730507441977	0.04908981333333333	1.28041743465
2.403318379996192	0.04471618333333333	1.2691488533666666
2.4050637092481866	0.04885950666666667	1.2546005890166665
2.406809038500181	0.04745248	1.2313145225233333
2.408554367752175	0.042974283333333335	1.2257943034943333
2.4102996970041692	0.048725243333333335	1.2547729724599999
2.4120450262561635	0.059166093333333336	1.2859922678366666
2.4137903555081577	0.047279503333333334	1.269355767015
2.415535684760152	0.03732123666666667	1.235276151435
2.417281014012146	0.04911657666666667	1.2227015393326666
2.4190263432641403	0.06058964333333334	1.22297567817
2.4207716725161346	0.04607903333333333	1.2115448232866666
2.4225170017681297	0.038046336666666666	1.2119891136246665
2.424262331020124	0.04714276666666667	1.224176168701333
2.426007660272118	0.05383541333333333	1.22642848405
2.4277529895241123	0.04803441	1.2089927061496666
2.4294983187761066	0.04874398	1.1925461652783333
2.4312436480281012	0.04610981333333333	1.178448719837
2.4329889772800954	0.041312039999999994	1.1811379775293331
2.4347343065320897	0.045639769999999996	1.2014253170686664
2.436479635784084	0.055275066666666664	1.210408365608333
2.438224965036078	0.04399917666666667	1.177827538502
2.4399702942880728	0.03311162333333333	1.1487205636593334
2.441715623540067	0.040645829999999994	1.1574957355389999
2.443460952792061	0.04943945333333333	1.1798656325389998
2.4452062820440554	0.03725241	1.178714207724333
2.4469516112960497	0.03271104	1.1757335121396666
2.448696940548044	0.04393296666666666	1.1793644007153334
2.450442269800038	0.05102093	1.178245235837
2.4521875990520323	0.04155378666666666	1.168404536483
2.4539329283040274	0.03802050333333333	1.1741026868086666
2.4556782575560216	0.03666807666666667	1.1904897123459999
2.457423586808016	0.03514550333333333	1.2108273694203333
2.4591689160600105	0.03826884333333333	1.22218510074
2.4609142453120048	0.04571235666666666	1.2123444497123332
2.462659574563999	0.036433726666666666	1.1786478447093334
2.464404903815993	0.028064743333333336	1.16920533422
2.466150233067988	0.035243156666666664	1.1985691829976668
2.467895562319982	0.04505237333333334	1.2287907332993333
2.4696408915719763	0.036065639999999996	1.2263483414873333
2.4713862208239705	0.031384100666666664	1.2218911281016664
2.4731315500759647	0.038019090333333325	1.2234806493803332
2.47487687932796	0.04111973	1.2137805363149998
2.476622208579954	0.030895208666666667	1.1934586573269998
2.4783675378319483	0.02952966	1.1980241649836665
2.4801128670839416	0.033366990666666665	1.218837344339
2.481858196335936	0.03611551566666666	1.2341861802133334
2.4836035255879314	0.036851652666666665	1.232392293323
2.4853488548399256	0.039908241	1.2203349551316665
2.48709418409192	0.03084399566666667	1.1970601374036667
2.488839513343914	0.023805044999999997	1.186741400812
2.490584842595908	0.030757881333333334	1.193340591158
2.492330171847903	0.041141337666666666	1.1972563571646664
2.494075501099897	0.03222888333333333	1.1815882207526667
2.4958208303518914	0.0258403158	1.175296992434
2.4975661596038856	0.03102667866666667	1.1794064503819999
2.49931148885588	0.03442193033333333	1.174479182619
2.501056818107874	0.025339978266666667	1.1599423277543333
2.5028021473598683	0.024679546	1.166489430724
2.5045474766118625	0.029220703833333334	1.1792286159926664
2.5062928058638567	0.03186628366666666	1.1766560468693332
2.508038135115851	0.029407512	1.1609095346266667
2.509783464367846	0.030596043666666663	1.1548818578223332
2.5115287936198403	0.02585293556666667	1.1500334381553332
2.5132741228718345	0.023340373366666667	1.148507901236
2.5150194521238287	0.029410225666666668	1.154628606837
2.516764781375823	0.03830387566666667	1.1669199314206664
2.5185101106278176	0.029738869333333334	1.1676808984559999
2.520255439879812	0.02352190733333333	1.1714303257916665
2.522000769131806	0.031655664666666666	1.180562236727
2.5237460983838007	0.039837919666666666	1.1839712229563333
2.525491427635795	0.029902971	1.1771607200393333
2.527236756887789	0.026604320333333334	1.1882962743546666
2.5289820861397834	0.03388623633333333	1.2073257067413332
2.5307274153917776	0.03779025733333333	1.2120307779023332
2.532472744643772	0.030979912	1.2025663140549998
2.534218073895766	0.031243426666666664	1.2031687521023333
2.535963403147761	0.03118139266666667	1.1994194994849998
2.5377087323997554	0.030798740999999998	1.1902429533413332
2.5394540616517496	0.034402270666666665	1.194143412286333
2.541199390903744	0.041460996666666666	1.2196342011626664
2.542944720155738	0.03271407433333333	1.2328343153906665
2.5446900494077327	0.02607970933333333	1.2318315565626667
2.546435378659727	0.03456766633333333	1.227922904914
2.548180707911721	0.04276322333333333	1.221118987134
2.5499260371637154	0.028882165999999994	1.1999991804243333
2.5516713664157096	0.021554626666666667	1.1913188410053333
2.5534166956677042	0.03087921466666666	1.2000358553273331
2.5551620249196985	0.037968176666666666	1.2076457017636666
2.5569073541716927	0.028117360666666664	1.1986575424003334
2.558652683423687	0.0256966	1.1920867893243332
2.560398012675681	0.030284095	1.1844310640666667
2.5621433419276762	0.03153514699999999	1.1753963792539999
2.5638886711796696	0.026092966666666665	1.1741681713176666
2.565634000431664	0.026924776666666667	1.190653678625
2.567379329683658	0.023708554	1.195828999282
2.5691246589356522	0.021924340333333334	1.1852039397609997
2.570869988187648	0.027270876666666666	1.174266050584
2.572615317439642	0.03491864	1.1742167165123334
2.5743606466916362	0.026003063333333333	1.1682363604339998
2.57610597594363	0.020694640333333333	1.1688414306186665
2.5778513051956247	0.03067557	1.1841474880713332
2.5795966344476193	0.04030407	1.2006685683629998
2.5813419636996136	0.027947220666666668	1.1915813861096667
2.5830872929516078	0.021384589333333332	1.1768150188223334
2.584832622203602	0.030757734999999998	1.1720005819256665
2.586577951455596	0.03683015333333333	1.1767681082923334
2.5883232807075904	0.024592565333333333	1.1832859120203332
2.5900686099595847	0.021733045666666662	1.2038210907096665
2.591813939211579	0.03077141	1.21982587219
2.593559268463574	0.03730912333333333	1.216242480402
2.595304597715568	0.03274188333333333	1.1991653171776666
2.5970499269675624	0.03366921666666667	1.194194312299
2.598795256219557	0.03248864	1.1924765151373333
2.6005405854715513	0.03023254933333333	1.1965146306556667
2.6022859147235455	0.033202833333333334	1.2148441888676667
2.6040312439755398	0.040041379999999994	1.239984110439
2.6057765732275344	0.0297327	1.2341486622220001
2.6075219024795286	0.02227737333333333	1.2099540710256664
2.609267231731523	0.03042454333333333	1.1971754499786667
2.611012560983517	0.03739852	1.2017548906803333
2.6127578902355113	0.023167381333333327	1.1998533667709999
2.6145032194875055	0.018315862	1.201601800737
2.6162485487394997	0.03237734133333333	1.2087974490326665
2.617993877991494	0.04177783999999999	1.2083656598733334
2.619739207243488	0.027580587999999996	1.1880929512916665
2.6214845364954824	0.020174229000000002	1.1749468664846665
2.6232298657474775	0.025400613333333336	1.1752169797529999
2.6249751949994717	0.02811609	1.1847897959606666
2.626720524251466	0.020231303666666665	1.1956292052656667
2.62846585350346	0.021124561333333333	1.2079060871013332
2.6302111827554544	0.024154630333333333	1.1994791103813331
2.631956512007449	0.025364307333333336	1.1767833329403332
2.6337018412594433	0.025494036666666664	1.1612982685283333
2.6354471705114375	0.029705206666666664	1.1663257886649998
2.6371924997634317	0.024036244333333335	1.1686101284926667
2.638937829015426	0.021604527000000002	1.171368767927333
2.6406831582674206	0.029326243333333335	1.1823122440399998
2.642428487519415	0.035665916666666665	1.1931361184466667
2.644173816771409	0.022793947999999998	1.1781910353826666
2.6459191460234033	0.016208824	1.1594820567156667
2.6476644752753975	0.025923226666666667	1.1603788276353333
2.6494098045273917	0.03498351	1.178668044784
2.651155133779386	0.023821241666666666	1.187971211626
2.652900463031381	0.020631892666666665	1.1965798919026667
2.6546457922833753	0.03330046766666667	1.2051033113526666
2.6563911215353695	0.03979208	1.2048362847499998
2.658136450787364	0.025479965999999996	1.1895297841503334
2.6598817800393584	0.021235458999999998	1.184454463211
2.6616271092913526	0.02844946	1.18956809354
2.663372438543347	0.03249452833333333	1.2007654781466663
2.665117767795341	0.027886848	1.2147127375133333
2.6668630970473353	0.0296617	1.2328790017233333
2.66860842629933	0.027883425666666663	1.2305124245833332
2.6703537555513237	0.025619924999999995	1.2126512923633332
2.6720990848033184	0.02752982333333333	1.1978313599066666
2.673844414055312	0.03219693433333333	1.1945668845566666
2.6755897433073077	0.023407379999999995	1.1838300209066666
2.677335072559302	0.018917709666666664	1.1793351645313335
2.679080401811296	0.026068488666666667	1.1895885964816666
2.6808257310632904	0.031880568	1.2014444976333332
2.6825710603152837	0.01914310333333333	1.188694179011
2.6843163895672792	0.014619418999999998	1.1718903492263333
2.6860617188192735	0.026979209333333337	1.16786817875
2.6878070480712677	0.03557099	1.1727640633799998
2.689552377323262	0.02170133466666667	1.1690734946233334
2.691297706575256	0.016278056	1.1713899466666666
2.6930430358272504	0.026012860666666665	1.1755671655699997
2.694788365079245	0.031441869666666664	1.1697745638939998
2.696533694331239	0.020068284333333332	1.150785356859
2.6982790235832335	0.01835013773333333	1.146173595896
2.7000243528352272	0.02626528733333333	1.155219515824
2.701769682087222	0.030313521	1.1694987841743334
2.703515011339216	0.023610831666666665	1.1828345179876667
2.7052603405912103	0.024172350333333332	1.2024351835056666
2.7070056698432046	0.025750909999999995	1.207394269288
2.708750999095199	0.027178611	1.1962779586956667
2.710496328347194	0.028627991	1.1848174600189998
2.712241657599188	0.03280700366666667	1.1917394570866666
2.7139869868511823	0.026416539666666662	1.2027774585806665
2.7157323161031766	0.023146366	1.219555874011
2.7174776453551712	0.029580888333333333	1.238971359209
2.7192229746071654	0.03592131	1.2484899695099998
2.7209683038591597	0.02430424466666667	1.2258788760033332
2.722713633111154	0.019555878333333332	1.1932027004573333
2.7244589623631486	0.028968592	1.1692027324413332
2.7262042916151423	0.033380151999999996	1.159125160004
2.727949620867137	0.018340705899999997	1.1567861797816665
2.729694950119131	0.014250862733333331	1.1746140228866664
2.7314402793711254	0.02505601466666666	1.1955207633499998
2.7331856086231197	0.03225652633333333	1.1998392829633333
2.734930937875114	0.022619101633333333	1.182997395753333
2.736676267127109	0.020153243333333334	1.17278588852
2.738421596379103	0.025343545	1.1686410115266666
2.7401669256310974	0.026894587666666667	1.1640581728733332
2.7419122548830916	0.018274037333333333	1.1588246174033334
2.743657584135086	0.018377364366666666	1.1682124949873334
2.7454029133870805	0.023179374000000003	1.1737104325766665
2.7471482426390748	0.027057768666666666	1.1650342326913332
2.748893571891069	0.024468254633333332	1.1488434566433332
2.750638901143063	0.02571714226	1.1499478491013333
2.7523842303950574	0.023486203333333334	1.1624383349913334
2.754129559647052	0.022851484999999994	1.1833434384403332
2.755874888899046	0.026238264866666666	1.2064645011119999
2.7576202181510405	0.031770408466666664	1.2283296340573333
2.7593655474030343	0.024156666	1.2304748243763335
2.761110876655029	0.02101658333333333	1.2230818601796667
2.762856205907024	0.027741544863333332	1.2125332807853333
2.7646015351590183	0.03222597036666666	1.2025652327043332
2.7663468644110116	0.020922035	1.1906200194533334
2.768092193663006	0.01924599533333333	1.1956441397506667
2.769837522915	0.030564439133333333	1.2049337419133332
2.7715828521669956	0.03639925472333333	1.1959251768889998
2.77332818141899	0.02285235633333333	1.1664726024516665
2.775073510670984	0.017397606	1.15526569243
2.7768188399229783	0.02311266252	1.1617143436233333
2.7785641691749725	0.026101471166666668	1.1664892231663333
2.780309498426967	0.017061406466666665	1.1637837625469998
2.782054827678961	0.017786717	1.1782647775616666
2.7838001569309556	0.025555570099999998	1.195444350502
2.7855454861829494	0.0289279596	1.189947814446
2.787290815434944	0.021155275333333334	1.1579556358786665
2.7890361446869383	0.019715677666666667	1.1368993295073333
2.7907814739389325	0.02015819013333333	1.1334266792113334
2.7925268031909276	0.021647557933333332	1.1397605144640002
2.794272132442922	0.021821503	1.1481609550896668
2.796017461694916	0.02603385133333333	1.1722458250066667
2.7977627909469107	0.024557988266666664	1.2019264826353333
2.799508120198905	0.024549569	1.2266940149913332
2.801253449450899	0.026729069666666667	1.2324149190306666
2.8029987787028934	0.029631269333333328	1.2256208855733333
2.8047441079548876	0.021232390999999996	1.2116877917116666
2.8064894372068823	0.018835683	1.2117320419156665
2.808234766458876	0.02611115333333333	1.2186150288626667
2.8099800957108707	0.03030319133333333	1.2157938360146665
2.8117254249628645	0.017618571333333333	1.195778048202
2.813470754214859	0.014479781333333332	1.1890575620063333
2.8152160834668534	0.025568096	1.194242595469
2.8169614127188476	0.0323889	1.1874778463516666
2.818706741970842	0.020421707666666664	1.159966132255
2.820452071222836	0.01822985133333333	1.154428098979
2.8221974004748303	0.027101194333333332	1.1746475095223332
2.8239427297268254	0.02858792166666666	1.1869565489016667
2.8256880589788196	0.014717945	1.1697412981093334
2.827433388230814	0.011994966999999999	1.1586703031033334
2.829178717482808	0.019360625	1.1666222863126665
2.8309240467348022	0.024478734000000002	1.1760177738320001
2.832669375986797	0.017649136	1.1645833904799998
2.834414705238791	0.018174806666666668	1.16084689448
2.8361600344907854	0.023901517666666667	1.180678817595
2.8379053637427796	0.02596257403333333	1.2083001986126667
2.839650692994774	0.019103117666666666	1.2099139089773332
2.841396022246768	0.019949696	1.1970788704866666
2.8431413514987627	0.02234261	1.1912642790303334
2.8448866807507565	0.024317788666666663	1.2095644996153334
2.846632010002751	0.023673214666666664	1.2330865359293333
2.8483773392547453	0.026102923333333333	1.2475312250983333
2.8501226685067405	0.020992215666666664	1.2473623102263334
2.8518679977587347	0.019013653999999998	1.2528616853093333
2.853613327010729	0.023122381666666664	1.2527407378176667
2.855358656262723	0.026267989999999998	1.2233693653713333
2.8571039855147173	0.015828921333333332	1.1654128607573333
2.858849314766712	0.012900765000000002	1.1358574728389998
2.8605946440187062	0.01915701733333333	1.1495945407053334
2.8623399732707004	0.022518445666666664	1.1704517146809998
2.8640853025226947	0.011657992199999998	1.1640373639743333
2.865830631774689	0.010617477733333333	1.1639968171306667
2.8675759610266836	0.022368423666666665	1.1857660422206666
2.8693212902786778	0.028377423333333332	1.1974432304756666
2.871066619530672	0.01405827	1.1676517478929997
2.872811948782666	0.010500919	1.14568649116
2.87455727803466	0.021468861666666665	1.170094410577
2.8763026072866555	0.02582266	1.2176573528849999
2.8780479365386498	0.011820739333333333	1.2324636029659999
2.879793265790644	0.010905807699999999	1.2237885821099999
2.881538595042638	0.024363330999999995	1.2193635476356666
2.8832839242946324	0.029212309	1.2211890303703332
2.885029253546627	0.013688979333333332	1.203564047771
2.8867745827986213	0.010359377	1.1864332494746668
2.8885199120506155	0.02065642633333333	1.192506664752
2.8902652413026098	0.025013173666666666	1.2236371277743332
2.892010570554604	0.013971322666666664	1.247622885568
2.893755899806598	0.014377595333333335	1.2501931755423332
2.895501229058593	0.023005575	1.225977662075
2.8972465583105866	0.02397772433333333	1.1980292457669999
2.8989918875625813	0.012067228	1.1813010561766666
2.900737216814575	0.009727221	1.1803490301016666
2.9024825460665697	0.012446543999999999	1.175691124066
2.904227875318564	0.014779886	1.1780143249186668
2.905973204570558	0.011401658333333332	1.1970654958096665
2.9077185338225524	0.013934395666666665	1.222363192874
2.9094638630745466	0.017472967	1.2121914457606666
2.9112091923265417	0.019021270666666666	1.1729069287226666
2.912954521578536	0.013627968333333332	1.1478997187696667
2.91469985083053	0.014193909	1.167675319639
2.916445180082525	0.014382250333333332	1.1902579180979997
2.918190509334519	0.015901680666666668	1.1917260760876665
2.9199358385865133	0.017082997000000003	1.1946520693066667
2.921681167838508	0.020328343333333332	1.2282904497663332
2.9234264970905017	0.015511237	1.2542838988816665
2.9251718263424964	0.013910161333333332	1.2416353597166665
2.92691715559449	0.016388472333333334	1.2081713518753332
2.928662484846485	0.018394636	1.203191950938
2.930407814098479	0.009505601666666665	1.2173201520296666
2.9321531433504733	0.008635616333333332	1.22032764163
2.9338984726024675	0.015732449666666665	1.200204436065
2.9356438018544617	0.018954430333333334	1.1900004101563333
2.937389131106457	0.008307952333333334	1.1990906267303334
2.939134460358451	0.007013243333333333	1.2103052633109999
2.9408797896104453	0.016100052666666663	1.194288086317333
2.9426251188624395	0.020396699999999997	1.171996498078
2.9443704481144337	0.008265418333333333	1.1734148931889998
2.9461157773664284	0.007191121566666667	1.2012558592816667
2.9478611066184226	0.017316662	1.2046342311926665
2.949606435870417	0.019881286666666664	1.172470058946
2.951351765122411	0.005981036033333333	1.148487092448
2.9530970943744053	0.005007160933333333	1.1787041887029999
2.9548424236264	0.01728254233333333	1.2200355586686666
2.956587752878394	0.02228752333333333	1.2199286741823332
2.9583330821303884	0.008201890133333332	1.1946805670186667
2.960078411382382	0.006543650203333333	1.213709428074
2.961823740634377	0.017499730999999998	1.255687092066
2.963569069886372	0.019515829999999998	1.2497166494149998
2.965314399138366	0.004015763733333334	1.1914756184086666
2.9670597283903604	0.0028908577999999996	1.1701400013236665
2.9688050576423537	0.016889710333333332	1.2045965988126666
2.970550386894349	0.022789819999999995	1.2238362369196665
2.9722957161463435	0.007812729066666666	1.1861095711499998
2.9740410453983377	0.006588626833333333	1.171458826074
2.975786374650332	0.01918732033333333	1.221041948767
2.977531703902326	0.02091187333333333	1.2644009587059999
2.9792770331543204	0.004811613733333333	1.2257502677066665
2.981022362406315	0.003913821266666667	1.1662236093066665
2.982767691658309	0.015981624333333333	1.1681886919986666
2.9845130209103035	0.020187928	1.2121589475749999
2.9862583501622977	0.0073346893	1.20733483201
2.988003679414292	0.006667706933333333	1.165417602677333
2.989749008666286	0.016301073	1.1648427037946665
2.9914943379182812	0.018910241666666664	1.2253725872723333
2.9932396671702755	0.007013525933333334	1.2584192385953332
2.9949849964222697	0.006897558633333333	1.2217399965976665
2.996730325674264	0.01777272333333333	1.172786884357
2.9984756549262586	0.02157886666666667	1.183600661219
3.000220984178253	0.008810587666666666	1.2187733188386667
3.001966313430247	0.008443234333333334	1.2236147424163333
3.0037116426822412	0.015624488	1.2062078960756666
3.0054569719342354	0.01645448533333333	1.2334486220883332
3.00720230118623	0.009378580999999999	1.2939439894123332
3.008947630438224	0.010365164333333333	1.3050437286823335
3.0106929596902186	0.013514405666666666	1.2312896891273333
3.0124382889422123	0.015520190666666664	1.1654760981926666
3.014183618194207	0.007905968999999999	1.1724615242043332
3.015928947446201	0.0073413160000000005	1.2071177984103332
3.0176742766981954	0.011815958666666668	1.1866764121433333
3.0194196059501897	0.014100830666666665	1.1501462353473333
3.021164935202184	0.010586182	1.181634203359
3.022910264454178	0.013349298333333332	1.2640774778126667
3.024655593706173	0.013780209333333335	1.2807736392006666
3.0264009229581674	0.01496188533333333	1.2216029324143334
3.0281462522101616	0.014343842333333332	1.1899524521519997
3.029891581462156	0.015291164	1.2468165598526666
3.03163691071415	0.010278286333333332	1.2997692402603334
3.0333822399661448	0.010822348999999998	1.2773491736606666
3.035127569218139	0.015584296333333332	1.23722230451
3.036872898470133	0.018352178	1.2668317931003332
3.0386182277221274	0.011935475666666667	1.3154228343026666
3.040363556974122	0.012492196666666665	1.2907719648726665
3.042108886226116	0.014993954999999998	1.2025775754779997
3.0438542154781105	0.014923747666666667	1.1700787375153334
3.0455995447301047	0.005735559666666666	1.21933443315
3.047344873982099	0.005987233666666666	1.2542699498636667
3.049090203234093	0.015069466333333332	1.2069654921833333
3.0508355324860883	0.017246896666666667	1.1655819352333332
3.0525808617380825	0.0057800376666666655	1.2166326016263334
3.0543261909900767	0.007306751	1.3029221519846665
3.056071520242071	0.013864389999999999	1.295657237141
3.057816849494065	0.015474338333333332	1.2309353728443333
3.05956217874606	0.009707335666666666	1.2444622638233334
3.061307507998054	0.012915431	1.3498141005793332
3.0630528372500487	0.022750844666666666	1.3899879660683334
3.0647981665020425	0.02638742833333333	1.3027567611986666
3.0665434957540367	0.012037239333333333	1.222588422627
3.0682888250060314	0.010644384333333333	1.2765728199099997
3.0700341542580256	0.022856166666666667	1.3479890789299998
3.07177948351002	0.02281237333333333	1.2864181847433331
3.073524812762014	0.004023302666666666	1.1707762293433333
3.075270142014008	0.004674311666666667	1.1981192309679998
3.0770154712660034	0.018061506666666664	1.3274234484936667
3.0787608005179976	0.01822468	1.3535516230846665
3.080506129769992	0.0045971426666666666	1.2465852705859999
3.082251459021986	0.005037095	1.212513586991
3.0839967882739803	0.013162633	1.3280844684606665
3.085742117525975	0.0168687	1.423588991072
3.087487446777969	0.004995776	1.3615099464733333
3.0892327760299634	0.006300600666666667	1.2936780971633333
3.0909781052819576	0.02712696	1.3876280621433335
3.092723434533952	0.032178433333333326	1.5222592559133332
3.094468763785946	0.007374477666666667	1.4621307667866665
3.0962140930379407	0.005959439	1.2738551662663333
3.0979594222899345	0.02824175	1.2224612323536665
3.099704751541929	0.03164781333333333	1.359809385299
3.101450080793923	0.007344331999999999	1.435552779299
3.1031954100459176	0.007628767666666666	1.3331490317596666
3.104940739297912	0.03085083	1.256712731424
3.106686068549906	0.031173353333333334	1.401686920016
3.1084313978019003	0.005107450666666667	1.5930031059999998
3.1101767270538954	0.003929975666666667	1.5299440340133332
3.1119220563058896	0.023651834333333333	1.2785267819166666
3.113667385557884	0.027590424000000002	1.2549947877366667
3.1154127148098785	0.0038292939999999996	1.5571736442766666
3.1171580440618727	0.006605368666666667	1.7742934110799997
3.118903373313867	0.04154318	1.6316232638700001
3.120648702565861	0.045904063333333335	1.4954870099993332
3.122394031817856	0.014497876666666666	1.7805815796836666
3.1241393610698496	0.016256463	2.1427799759929997
3.1258846903218442	0.048715455666666664	1.9249012857966668
3.127630019573838	0.056027176666666664	1.39164666652
3.1293753488258327	0.016793086	1.5249433273833333
3.131120678077827	0.017016437333333332	2.4043007819166666
3.132866007329821	0.09520129333333334	2.77451755972
3.1346113365818153	0.10347700666666666	2.076543040273333
3.1363566658338096	0.02971056	2.1591593056266665
3.1381019950858047	0.05929992666666667	5.153748237636667
3.139847324337799	0.30283162166666666	9.954099636836666
3.141592653589793	1.0719221006666668	13.016547861966666