# O(3P)+CO2(000; j=0) -> O(3P)+CO2(000; j') scattering, statistically averaged (3A2+3B2+3B1) potential energy surfaces
# Differential cross sections; packaged by M. Gacesa (marko.gacesa@nasa.gov), Apr 30 2019
# E = 1.76553 eV
# theta(rad)                 elastic DCS                total DCS (both in units of 1E-16 cm^2/Sr)
0.	3.065296e6	3.136754070686402e6
0.0017453292519943296	2.244068333333333e6	2.29035472968e6
0.003490658503988659	893130.3666666667	905398.6970650001
0.005235987755982989	235971.69999999998	240977.66117633332
0.006981317007977318	82114.09333333332	88907.2827132
0.008726646259971648	53849.56199999999	60040.40347820666
0.010471975511965978	42968.585999999996	47111.226955933336
0.012217304763960305	22300.06333333333	25135.512417466663
0.013962634015954637	10939.736666666666	14166.573115016665
0.015707963267948967	12471.569666666666	15653.07433603
0.017453292519943295	11320.875999999998	13410.06963715333
0.019198621771937624	7010.889666666667	8549.079175593331
0.020943951023931956	3784.185	5599.063931806666
0.02268928027592628	2833.8859999999995	4895.476608963332
0.02443460952792061	3448.019533333333	5137.022226229999
0.02617993877991494	2717.5843333333332	3760.097517776667
0.027925268031909273	1238.7699333333333	2167.0256853666665
0.029670597283903602	871.2922	2064.561258773333
0.031415926535897934	1106.1598333333334	2280.1712078466667
0.03316125578789226	1140.5225666666668	1998.8479432946665
0.03490658503988659	734.2190999999999	1365.9935795000001
0.03665191429188092	245.38602666666668	925.4956467906668
0.03839724354387525	236.23630000000003	1034.4508343793332
0.040142572795869566	407.582	1101.29188264
0.04188790204786391	356.03939999999994	823.0806989873332
0.043633231299858244	185.43156	574.2542249633333
0.04537856055185256	76.32827666666665	533.6937716693333
0.047123889803846894	107.86747	605.9621443426666
0.04886921905584122	166.53613666666666	588.159638216
0.05061454830783555	120.4867	423.1475500073333
0.05235987755982988	56.31058333333334	319.6849353073333
0.054105206811824215	44.37787133333333	334.62020551566667
0.05585053606381855	63.22530999999999	352.2902119876667
0.05759586531581287	83.82314	328.2193192496666
0.059341194567807204	67.36543	271.55359646
0.061086523819801536	43.36062	240.91216448566666
0.06283185307179587	46.736110000000004	250.934269989
0.0645771823237902	44.88272633333333	232.5977549523333
0.06632251157578452	40.827413333333325	196.1167198083333
0.06806784082777885	44.415243333333336	183.2303771243333
0.06981317007977318	40.57815333333333	183.863768273
0.0715584993317675	42.31729333333333	192.59255752
0.07330382858376185	40.716786666666664	182.80158014999998
0.07504915783575618	26.269084	148.96829722166666
0.0767944870877505	25.70626	136.15438690366665
0.07853981633974483	31.26074333333333	139.74158591499997
0.08028514559173913	29.380446666666664	139.03565524966666
0.08203047484373349	30.92227333333333	140.186495928
0.08377580409572782	26.18263333333333	130.0603623123
0.08552113334772216	20.146636333333333	117.74197991083334
0.08726646259971649	23.96029	117.31028288806665
0.08901179185171079	21.88167	110.07361232853333
0.09075712110370512	18.206456333333335	103.19889172153333
0.09250245035569944	21.032152666666665	105.47983224143333
0.09424777960769379	19.600588000000002	102.39115718743332
0.09599310885968812	20.13526	101.33633019700001
0.09773843811168244	20.84368333333333	99.31218610099998
0.09948376736367677	14.073757666666666	88.08324001976666
0.1012290966156711	12.617678333333332	84.52376954033333
0.10297442586766543	15.058620333333332	85.63979075606666
0.10471975511965977	14.328946666666667	83.22456865033332
0.10646508437165408	16.70991	85.85687538166667
0.10821041362364843	15.078419999999998	83.76846751243333
0.10995574287564276	9.579373333333333	76.50521967886667
0.1117010721276371	9.834747333333334	75.03939616179998
0.11344640137963143	9.445333	71.51280638026665
0.11519173063162574	8.519003666666666	68.73842830289999
0.11693705988362009	10.937069333333334	72.2553169654
0.11868238913561441	9.206996333333333	71.0640994807
0.12042771838760875	7.329863333333333	68.58262925433333
0.12217304763960307	8.025656999999999	67.0510480852
0.12391837689159738	5.704456	60.75305176976667
0.12566370614359174	5.066244999999999	58.2904630208
0.12740903539558604	6.3164109999999996	60.052131084833334
0.1291543646475804	5.092023666666666	59.25270771776667
0.13089969389957473	6.090821666666667	60.455827446
0.13264502315156904	6.672077	59.43796788273333
0.1343903524035634	4.345916333333333	54.08608832113333
0.1361356816555577	4.133113666666667	52.1639905164
0.13788101090755206	3.9551909999999997	51.06896595543333
0.13962634015954636	3.4419753333333327	50.11864953433333
0.1413716694115407	5.636104333333333	52.633774431199996
0.143116998663535	5.850436666666667	52.16816347973333
0.14486232791552936	4.520632666666666	49.4346408385
0.1466076571675237	4.411544	47.952031331466664
0.148352986419518	3.277312666666667	44.82851553113333
0.15009831567151236	3.489628333333333	43.6322113228
0.15184364492350666	5.547545333333333	45.40138128183333
0.153588974175501	5.320529	44.9893862724
0.15533430342749535	4.917682666666666	44.5618661055
0.15707963267948966	4.660993666666666	43.56783049663333
0.158824961931484	3.3404856666666665	40.23693849309999
0.16057029118347826	3.996763333333334	39.18639292853333
0.16231562043547265	5.217024666666666	39.64312999143333
0.16406094968746698	4.608452	39.14795130009999
0.16580627893946132	4.543229333333333	39.84957978526666
0.16755160819145565	4.0708459999999995	39.170147270499996
0.16929693744344992	3.205489666666667	36.786521623166664
0.1710422666954443	4.009492666666667	36.04681510503333
0.17278759594743864	4.380401	35.54595831903333
0.17453292519943298	3.7065756666666667	35.2199193219
0.17627825445142725	3.637058333333333	36.18518405553333
0.17802358370342158	3.0165523333333333	35.6088060567
0.17976891295541597	2.681918666666667	34.162319381399996
0.18151424220741025	3.2738783333333332	33.29488777973333
0.18325957145940458	3.026286666666666	32.01630402333333
0.18500490071139888	2.5376726666666665	31.72458073203333
0.18675022996339324	2.51548	32.54022064909999
0.18849555921538758	2.0773859999999997	32.33257356823333
0.1902408884673819	2.2068662666666667	31.917621902033336
0.19198621771937624	2.5059196666666663	31.154094035533337
0.19373154697137057	1.9751413	29.653412018966666
0.19547687622336488	1.6543801999999999	29.08853225036666
0.19722220547535924	1.6533446666666665	29.202095853566668
0.19896753472735354	1.5429849999999998	29.0710923431
0.2007128639793479	1.9782699999999998	29.293128918999997
0.2024581932313422	2.0686796666666667	28.913929672699997
0.20420352248333656	1.5264133666666666	27.88688047613333
0.20594885173533087	1.3256536666666667	27.288720174766667
0.20769418098732523	1.3532177666666665	26.755694051600003
0.20943951023931953	1.5246833333333332	26.2953189933
0.2111848394913139	2.081730666666666	26.332186685833335
0.21293016874330817	2.0531129999999997	25.93346368413333
0.21467549799530256	1.562202333333333	25.290745242599996
0.21642082724729686	1.424966	24.92062771683333
0.2181661564992912	1.5297972999999998	24.444919028533327
0.21991148575128552	1.817354	24.002552965
0.22165681500327983	2.29785	23.802687187333333
0.2234021442552742	2.2398689999999997	23.265059893399997
0.22514747350726852	1.8391516666666665	22.6487990853
0.22689280275926285	1.7268603333333332	22.304925672833335
0.22863813201125716	1.8573523333333333	22.075459806733335
0.2303834612632515	2.0036856666666667	21.89948040186667
0.23212879051524585	2.145621333333333	21.821269050366666
0.23387411976724018	1.9559206666666666	21.512914451100002
0.23561944901923448	1.5998320000000001	21.0577358349
0.23736477827122882	1.5149569999999999	20.743149163466665
0.23911010752322315	1.6685883333333333	20.6340762994
0.2408554367752175	1.7040806666666666	20.594566766466667
0.24260076602721184	1.6089686666666667	20.655511450499997
0.24434609527920614	1.2912114666666668	20.524507457766664
0.24609142453120048	0.9349729666666665	20.119499331766665
0.24783675378319475	0.8756010666666666	19.714177564966665
0.24958208303518917	1.0359038333333332	19.446888955466665
0.25132741228718347	1.0833120666666667	19.316449256533332
0.2530727415391778	1.0181959666666667	19.46216723443333
0.2548180707911721	0.7538614333333333	19.478964616466662
0.25656340004316636	0.5122605666666666	19.21025343643333
0.2583087292951608	0.5454399	18.851483777266665
0.26005405854715513	0.6960792333333333	18.4256635637
0.26179938779914946	0.7726397333333335	18.13057589656666
0.2635447170511437	0.7900704666666667	18.223268338766665
0.26529004630313807	0.6354362	18.271169191800002
0.26703537555513246	0.5917946333333333	18.20270246273333
0.2687807048071268	0.7207670666666666	18.010599808066665
0.270526034059121	0.7986305999999999	17.550421300666667
0.2722713633111154	0.877122	17.2321485239
0.2740166925631097	0.9313016666666665	17.28378242533333
0.2757620218151041	0.8365289333333333	17.3101456685
0.27750735106709834	0.9803271999999998	17.420654100933334
0.2792526803190927	1.173124	17.316713107233333
0.280998009571087	1.1392641	16.729149041699998
0.2827433388230814	1.1777637333333333	16.286825779033332
0.2844886680750758	1.1759059666666667	16.133667457766663
0.28623399732707	0.9983369333333332	16.014540239666665
0.28797932657906433	1.1549592666666666	16.2852211126
0.2897246558310587	1.3213953333333333	16.421779377933333
0.291469985083053	1.2228815333333332	16.021925996633332
0.2932153143350474	1.2482683333333333	15.643829373733332
0.29496064358704166	1.182858	15.230097904533332
0.296705972839036	0.9163486333333333	14.7467264143
0.2984513020910303	0.9716210999999999	14.804229326866665
0.3001966313430247	0.9927434666666667	14.922946065733335
0.301941960595019	0.8269971333333334	14.811303715399998
0.3036872898470133	0.8357995999999999	14.786951848333333
0.30543261909900765	0.7555737999999999	14.491002519566667
0.307177948351002	0.5738474	14.005584810399998
0.3089232776029963	0.6703098333333333	13.9198495884
0.3106686068549907	0.6325446666666666	13.838409011266666
0.312413936106985	0.4628342333333333	13.779965955066666
0.3141592653589793	0.4437346	13.912848769233335
0.31590459461097364	0.3420407666666666	13.725817697733333
0.317649923862968	0.28668910000000003	13.375260955766667
0.3193952531149623	0.47390150000000003	13.241438785533333
0.32114058236695653	0.47826016666666665	13.003396544766668
0.32288591161895097	0.40418923333333334	12.959984127733332
0.3246312408709453	0.3733038999999999	13.149388215833334
0.32637657012293964	0.2374825333333333	13.070829105133331
0.32812189937493397	0.2657001666666667	12.911037014533331
0.32986722862692824	0.4837313	12.742723553066668
0.33161255787892263	0.5465990333333333	12.337291543
0.3333578871309169	0.6178315666666667	12.193005703066664
0.3351032163829113	0.5831016666666666	12.245353786466668
0.3368485456349056	0.38864483333333333	12.196051300833332
0.33859387488689985	0.43980343333333327	12.322291664533333
0.34033920413889424	0.6182154	12.371503188966665
0.3420845333908886	0.6743085	12.0899758927
0.3438298626428829	0.8314866333333333	11.969033889066665
0.3455751918948773	0.8065026666666668	11.816086075533335
0.34732052114687156	0.5952050666666666	11.571216983633335
0.34906585039886595	0.6396949	11.652214499466666
0.3508111796508603	0.7247333333333332	11.698408607766666
0.3525565089028545	0.6795119666666666	11.500503910566666
0.3543018381548489	0.7649596000000001	11.4549507405
0.35604716740684317	0.6871199666666665	11.272160259
0.35779249665883756	0.4976004666666666	11.020971702833332
0.35953782591083194	0.5523692333333333	11.084623697333331
0.3612831551628262	0.5989405	11.096241572799999
0.3630284844148205	0.5483122666666667	10.963496995066667
0.3647738136668149	0.5957693333333333	10.940680303129998
0.36651914291880916	0.46967996666666667	10.700752436386665
0.36826447217080355	0.29855883333333333	10.43283787056
0.37000980142279777	0.32871216666666664	10.438287854853332
0.3717551306747922	0.34007096666666664	10.42621029152
0.3735004599267865	0.34738243333333335	10.44870072814
0.3752457891787809	0.4379347	10.590047622783333
0.37699111843077515	0.3483408	10.467280537546666
0.3787364476827695	0.24571673333333335	10.283804886276666
0.3804817769347638	0.2574464666666666	10.197213804603333
0.38222710618675815	0.2243655333333333	10.017160497873332
0.3839724354387525	0.2522412666666667	9.953169860113332
0.38571776469074687	0.3493948333333333	10.040602026466667
0.38746309394274114	0.30866306666666665	9.986819014176668
0.3892084231947355	0.3039709666666666	9.993645196076665
0.39095375244672975	0.3184049333333333	10.01285622989
0.39269908169872414	0.25351666666666667	9.866610239473333
0.39444441095071847	0.29196476666666665	9.784247025776665
0.3961897402027128	0.37635453333333335	9.714059285449999
0.3979350694547071	0.3618699666666667	9.494298631426666
0.39968039870670136	0.4335422333333333	9.405536020729999
0.4014257279586958	0.456816	9.340318385813333
0.4031710572106902	0.3647936666666667	9.204509585539999
0.4049163864626844	0.39164923333333335	9.233647640763332
0.4066617157146788	0.43668320000000005	9.256125049443334
0.4084070449666731	0.3818880333333333	9.105029088476666
0.41015237421866746	0.4377004666666666	9.04133204968
0.41189770347066174	0.4577049333333333	8.946240902389999
0.413643032722656	0.38097553333333334	8.801424957353333
0.41538836197465046	0.41556589999999993	8.840581058983332
0.4171336912266447	0.4499696666666667	8.881684513139998
0.41887902047863906	0.37674209999999997	8.77790610714
0.42062434973063334	0.3855129666666667	8.728475957643333
0.4223696789826278	0.37368046666666666	8.629633575336666
0.4241150082346221	0.3048587	8.510864948203334
0.42586033748661634	0.3272599666666667	8.549154215376667
0.4276056667386108	0.3609099	8.591731069546666
0.4293509959906051	0.3350409666666666	8.535265268563332
0.43109632524259933	0.3662842	8.484380543463331
0.4328416544945937	0.3601848666666666	8.336575095153334
0.434586983746588	0.30185343333333337	8.171949198419998
0.4363323129985824	0.2828053666666666	8.136282271579999
0.43807764225057666	0.2708009333333333	8.143351557579999
0.43982297150257105	0.25647376666666666	8.150009681
0.44156830075456543	0.30289869999999997	8.17428403924
0.44331363000655966	0.31806556666666663	8.083943227576665
0.445058959258554	0.2921856333333333	7.947921709236667
0.4468042885105484	0.2540656	7.858967842176668
0.44854961776254265	0.2006675	7.79409642532
0.45029494701453704	0.1735075633333333	7.782276644883333
0.4520402762665313	0.20725444333333334	7.817883695846666
0.4537856055185257	0.22840576999999998	7.778818802416667
0.45553093477052	0.2375065166666667	7.710827753116666
0.4572762640225143	0.20912142333333333	7.636626125833333
0.45902159327450864	0.15054178	7.560521924809999
0.460766922526503	0.13969359666666667	7.558383976879999
0.46251225177849725	0.1862722	7.613882622356666
0.4642575810304917	0.21478013333333335	7.609404261109999
0.46600291028248597	0.2442068333333333	7.569403364313333
0.46774823953448036	0.23608459999999998	7.471225176293332
0.4694935687864746	0.1900754	7.32357815155
0.47123889803846897	0.19297916666666665	7.237418760073333
0.4729842272904633	0.24703750000000002	7.238028585883333
0.47472955654245763	0.26250736666666663	7.240143993713334
0.4764748857944519	0.2675719	7.2578153034833335
0.4782202150464463	0.2533453333333333	7.241002407333333
0.4799655442984406	0.21425646666666665	7.14470763762
0.481710873550435	0.2166054	7.028160095106665
0.48345620280242924	0.276379	6.9517227327499995
0.4852015320544237	0.3014928333333333	6.894056137063332
0.48694686130641796	0.2963578	6.892774306853333
0.4886921905584123	0.27144769999999996	6.924326099243332
0.49043751981040656	0.22743269999999996	6.917823441136666
0.49218284906240095	0.21064142333333336	6.852812588406666
0.4939281783143953	0.2622740333333333	6.777109753206666
0.4956735075663895	0.3066660666666666	6.69680324201
0.4974188368183839	0.316779	6.660088684923332
0.49916416607037833	0.30011656666666664	6.684362866353333
0.5009094953223726	0.2594767	6.711306638753332
0.5026548245743669	0.22463853333333333	6.6736258767533325
0.5044001538263612	0.2553642666666667	6.595433339433333
0.5061454830783556	0.29628516666666666	6.480956857283333
0.5078908123303499	0.3034450666666666	6.385273812943333
0.5096361415823442	0.2806555333333334	6.377619503303333
0.5113814708343385	0.23190526666666667	6.435366006779999
0.5131268000863327	0.17716443333333332	6.473179272346666
0.5148721293383272	0.18718116666666665	6.479615735663334
0.5166174585903216	0.22279	6.409320808603333
0.5183627878423158	0.23128831333333333	6.279983971956666
0.5201081170943103	0.20564147	6.182595834969999
0.5218534463463045	0.14831071	6.14835661345
0.5235987755982989	0.08270294333333333	6.1452294489099994
0.5253441048502931	0.08444271333333334	6.184795594363333
0.5270894341022874	0.12419942333333331	6.193682290523332
0.5288347633542818	0.15530644999999998	6.1388301604099995
0.5305800926062761	0.15589193999999998	6.067798721946667
0.5323254218582705	0.11524382333333334	6.000925909003333
0.5340707511102649	0.06917675333333333	5.951358923156666
0.5358160803622593	0.08741047333333332	5.970320354703333
0.5375614096142536	0.12771261666666667	5.986604234470001
0.5393067388662478	0.16683770999999997	5.968752030346666
0.541052068118242	0.18920013333333333	5.9388934122
0.5427973973702365	0.1598269	5.870858091966667
0.5445427266222308	0.12416073	5.79035496764
0.5462880558742251	0.15189324999999998	5.778061361740001
0.5480333851262194	0.1743235	5.767636208166666
0.5497787143782138	0.19265529999999997	5.757829234696667
0.5515240436302082	0.2225451	5.779408258416667
0.5532693728822025	0.2033755	5.751687404709999
0.5550147021341967	0.17339649999999998	5.676558367106666
0.5567600313861911	0.21311905999999997	5.64873037823
0.5585053606381855	0.23138166666666665	5.609065284353333
0.5602506898901798	0.22965666666666665	5.590143538303332
0.561996019142174	0.2511188	5.65285238355
0.5637413483941685	0.22274273333333333	5.682179748866666
0.5654866776461628	0.17358886666666665	5.63829029499
0.5672320068981571	0.21066076666666667	5.604903770936666
0.5689773361501516	0.24636819999999998	5.52313422964
0.5707226654021459	0.2632081	5.450068691326667
0.57246799465414	0.3008314333333333	5.4878957567099995
0.5742133239061344	0.2709955333333333	5.531182605003332
0.5759586531581287	0.1836720666666667	5.51820578407
0.5777039824101231	0.17023201	5.508805129816666
0.5794493116621174	0.18100316666666666	5.42985086855
0.5811946409141118	0.19771629999999998	5.3334859376866675
0.582939970166106	0.24980519999999998	5.338342927709999
0.5846852994181004	0.24185579999999998	5.369024200959999
0.5864306286700948	0.15505976666666665	5.368758745776667
0.5881759579220891	0.11009841333333333	5.374767907856666
0.5899212871740833	0.09046602999999999	5.299050886649999
0.5916666164260775	0.08882538333333334	5.177269474626667
0.593411945678072	0.12652692999999998	5.122894377053333
0.5951572749300664	0.12781584999999998	5.1048770419333325
0.5969026041820606	0.07199428999999999	5.108359523673333
0.5986479334340549	0.04674643666666667	5.159530652306666
0.6003932626860494	0.04025397	5.149347546816666
0.6021385919380438	0.051897443333333335	5.079655001419999
0.603883921190038	0.08451076333333332	5.01762162356
0.6056292504420324	0.08316932333333332	4.946474677973333
0.6073745796940266	0.05435334	4.906994666033333
0.609119908946021	0.05999327333333333	4.946084205876666
0.6108652381980153	0.07635205333333334	4.964158627623333
0.6126105674500095	0.11218170666666666	4.958331783456666
0.614355896702004	0.15051768333333332	4.946089771176666
0.6161012259539983	0.1341800333333333	4.8787517349466665
0.6178465552059926	0.09698651666666666	4.813332268386667
0.6195918844579871	0.09778642	4.8130008277966665
0.6213372137099814	0.11024050666666665	4.803732654086666
0.6230825429619757	0.16322673333333332	4.811826654656667
0.62482787221397	0.22941786666666664	4.837598005193333
0.6265732014659642	0.2253925	4.792993372783332
0.6283185307179586	0.18504750000000003	4.719803851133333
0.630063859969953	0.16559953333333333	4.68031948155
0.6318091892219473	0.14277233333333333	4.622793215310001
0.6335545184739415	0.1771312333333333	4.619194333139999
0.635299847725936	0.2594903	4.68889949948
0.6370451769779303	0.28290466666666664	4.71472210448
0.6387905062299246	0.258606	4.6947555331199995
0.6405358354819191	0.23523333333333332	4.65771283644
0.6422811647339131	0.18242476666666665	4.544439310433333
0.6440264939859075	0.17858523333333332	4.462627893876666
0.6457718232379019	0.2494656333333333	4.492218863643333
0.6475171524898962	0.28327706666666663	4.54248856873
0.6492624817418906	0.2592092	4.5899467732999994
0.6510078109938849	0.22322743333333334	4.630737827983333
0.6527531402458793	0.1518765	4.569106810853333
0.6544984694978735	0.11701051666666665	4.478240158466667
0.6562437987498679	0.16413993333333332	4.454674921416666
0.6579891280018623	0.20192403333333334	4.456699083086667
0.6597344572538565	0.18597133333333332	4.482840555013333
0.6614797865058508	0.1489445133333333	4.539691667563333
0.6632251157578453	0.08032929333333333	4.53073493868
0.6649704450098396	0.03397653	4.478067161426666
0.6667157742618338	0.04816817666666667	4.43901129228
0.668461103513828	0.07268085666666667	4.399326212346666
0.6702064327658226	0.07653974	4.391175158513333
0.6719517620178169	0.0685716	4.437966618076667
0.6736970912698113	0.03480585666666666	4.46229071724
0.6754424205218055	0.01649482	4.463429067526667
0.6771877497737997	0.027654128666666666	4.445882614696666
0.6789330790257941	0.03905322	4.3844621898766665
0.6806784082777885	0.0497418	4.330092026039999
0.6824237375297828	0.05623269333333333	4.32140123359
0.6841690667817772	0.036404410666666664	4.312573814573334
0.6859143960337715	0.03969137666666667	4.32967232891
0.6876597252857658	0.06912915666666666	4.362956576893334
0.6894050545377601	0.08622534	4.3532250711066665
0.6911503837897546	0.09987364666666666	4.3245400925099995
0.6928957130417489	0.1048009	4.2986952555133335
0.6946410422937431	0.07542969333333333	4.236936910313333
0.6963863715457373	0.07845734333333333	4.197346302836666
0.6981317007977319	0.1255314933333333	4.200430958663333
0.6998770300497262	0.16314905333333335	4.1941708813766665
0.7016223593017206	0.18979656666666667	4.1942570298
0.7033676885537148	0.19286286666666666	4.207830440726665
0.705113017805709	0.13752879	4.17699194089
0.7068583470577035	0.10673696666666667	4.148221694749999
0.7086036763096978	0.14257353333333334	4.145425925823333
0.710349005561692	0.19352429999999998	4.1179081351499995
0.7120943348136863	0.24636776666666663	4.083822951296666
0.7138396640656808	0.27754276666666666	4.0649777657733335
0.7155849933176751	0.2242839	4.012927869263333
0.7173303225696694	0.15755126666666663	3.97914378909
0.7190756518216639	0.14939333333333332	4.00113983958
0.7208209810736581	0.16627929999999996	4.01885970746
0.7225663103256524	0.19660426666666667	4.021196537443333
0.7243116395776467	0.23657866666666663	4.024262578063333
0.726056968829641	0.21709736666666668	3.97872470526
0.7278022980816354	0.16731116666666668	3.9248385428
0.7295476273336298	0.15111753333333333	3.9186422129899996
0.7312929565856241	0.14445063333333333	3.9225181895666665
0.7330382858376183	0.1314508	3.91718538652
0.7347836150896128	0.13553358333333332	3.9233182077233337
0.7365289443416071	0.11874875666666668	3.9009213290166667
0.7382742735936013	0.08431369333333333	3.8622942584399995
0.7400196028455955	0.07277753333333332	3.8518015960099996
0.7417649320975901	0.07261756333333333	3.85740763089
0.7435102613495844	0.06420494	3.86503101538
0.7452555906015788	0.06577485666666666	3.8876444185999994
0.747000919853573	0.05659979666666666	3.8859543453899996
0.7487462491055674	0.03373287333333334	3.848541469273333
0.7504915783575618	0.020808926666666665	3.798509138499999
0.752236907609556	0.019264674	3.7472352035266665
0.7539822368615503	0.019396686666666666	3.71257730396
0.7557275661135445	0.029729853333333334	3.7229880338266668
0.757472895365539	0.030308923333333328	3.749287348946666
0.7592182246175333	0.021140352	3.7666018620766666
0.7609635538695276	0.019245147233333332	3.7620575973899997
0.7627088831215221	0.02392663033333333	3.7195988959533333
0.7644542123735163	0.027001279999999996	3.6501837504033334
0.7661995416255106	0.03757341	3.5999964147899997
0.767944870877505	0.04027633666666666	3.5765102136766664
0.7696902001294994	0.03751582333333334	3.580215417046667
0.7714355293814937	0.04614759666666666	3.60094264771
0.773180858633488	0.06376859666666666	3.6056762147066665
0.7749261878854823	0.07496834	3.57420578246
0.7766715171374765	0.08546342333333334	3.535689076156667
0.778416846389471	0.08437652666666667	3.5079707322799996
0.7801621756414653	0.07414298999999999	3.5050197995866665
0.7819075048934595	0.07570752	3.5285012290266664
0.7836528341454538	0.09886215999999999	3.553201192983333
0.7853981633974483	0.12874786333333332	3.54299004638
0.7871434926494427	0.16063626	3.5035584482966664
0.7888888219014369	0.17485433333333333	3.45167396514
0.7906341511534312	0.16117226666666665	3.4135983947299993
0.7923794804054256	0.13617623333333334	3.413043485593333
0.7941248096574199	0.1262357	3.452793297413333
0.7958701389094142	0.13426496666666665	3.497673884573333
0.7976154681614087	0.16343446666666664	3.5226703999399995
0.7993607974134027	0.19589199999999998	3.51289637891
0.8011061266653973	0.20535973333333335	3.471076706303333
0.8028514559173916	0.18539983333333332	3.4192105075366666
0.8045967851693858	0.15874066666666667	3.3944893130233336
0.8063421144213804	0.13674999999999998	3.400943574873333
0.8080874436733746	0.13196023333333332	3.4267368315
0.8098327729253688	0.14208807	3.45088802103
0.8115781021773631	0.14654047999999997	3.4508283587166666
0.8133234314293576	0.12767620333333332	3.415648388333333
0.815068760681352	0.10169844333333333	3.3756518000866667
0.8168140899333463	0.08007693666666665	3.3530032830733334
0.8185594191853405	0.07158902	3.3542195828599994
0.8203047484373349	0.07743090666666666	3.374007576626666
0.8220500776893291	0.08495838666666666	3.3927116648966664
0.8237954069413235	0.07359981	3.379457025583333
0.8255407361933177	0.05268495666666667	3.3431639699466666
0.827286065445312	0.032629639999999994	3.3016374403799995
0.8290313946973066	0.022289539	3.2696107597133333
0.8307767239493009	0.02648706666666667	3.261729771733333
0.8325220532012951	0.03925140333333333	3.2781932372733333
0.8342673824532894	0.04060342333333333	3.2879405279766667
0.8360127117052839	0.03343200666666666	3.2822935191866667
0.8377580409572781	0.021889543333333334	3.2588509447466665
0.8395033702092725	0.013322026	3.218975916
0.8412486994612667	0.01683612333333333	3.1825057429299997
0.8429940287132611	0.030045723333333333	3.1695834493299992
0.8447393579652556	0.03412201666666667	3.1668203560266663
0.8464846872172498	0.03321415	3.1729326141966667
0.8482300164692442	0.02858367333333333	3.1785741559566665
0.8499753457212386	0.02278825	3.1652847222033333
0.8517206749732327	0.027754033333333334	3.1392741266166664
0.853466004225227	0.042517719999999995	3.1202462509233335
0.8552113334772216	0.045120823333333324	3.1014498888666666
0.8569566627292158	0.04442153333333333	3.0962356822133335
0.8587019919812102	0.04528699333333333	3.1062777967066664
0.8604473212332044	0.04365082333333334	3.1053598385433334
0.8621926504851987	0.05312067666666666	3.0898447632966666
0.8639379797371932	0.07661364	3.07631695548
0.8656833089891874	0.08311125999999999	3.0536605739566665
0.8674286382411818	0.08169729999999999	3.0436162413466663
0.869173967493176	0.08605453999999998	3.06497334218
0.8709192967451702	0.08169004666666667	3.08409560913
0.8726646259971648	0.0780937	3.0812112292233333
0.8744099552491591	0.09680316333333334	3.0732988087666664
0.8761552845011533	0.10884673666666667	3.044611456946667
0.8779006137531478	0.11308020999999999	3.0142384391999997
0.8796459430051421	0.12750089999999997	3.0233380580299998
0.8813912722571363	0.12644106666666666	3.048102800503333
0.8831366015091309	0.10102108666666666	3.056247830306667
0.8848819307611251	0.09309219999999999	3.06772015464
0.8866272600131193	0.09550365	3.0631265538266668
0.8883725892651138	0.09422646666666665	3.03276422318
0.890117918517108	0.10488929999999999	3.0164146538966663
0.8918632477691024	0.10934611333333333	3.0151228447399996
0.8936085770210968	0.08385505666666666	3.00483956104
0.895353906273091	0.06769977666666667	3.014793184823333
0.8970992355250853	0.07014128666666666	3.0345160832499998
0.8988445647770799	0.06875553333333334	3.0273337342433333
0.9005898940290741	0.06975483	3.008120943113333
0.9023352232810684	0.07101381666666667	2.9897729016166665
0.9040805525330626	0.050653286666666665	2.9604187327266662
0.9058258817850569	0.034953573333333335	2.956158090893333
0.9075712110370514	0.038045246666666664	2.98289068337
0.9093165402890456	0.04128219333333333	2.9993908576333332
0.91106186954104	0.044584863333333336	2.9964149969599996
0.9128071987930344	0.05012933	2.9765327433299995
0.9145525280450286	0.03831109233333333	2.9254592792333334
0.9162978572970231	0.025910361666666666	2.8831387963833333
0.9180431865490173	0.02694729766666667	2.88007443246
0.9197885158010117	0.029040944333333332	2.8959876359266663
0.921533845053006	0.03249782333333333	2.9202694071633335
0.9232791743050003	0.04070467	2.9430570109799996
0.9250245035569945	0.03423640333333333	2.9267390444199997
0.9267698328089891	0.024943946666666664	2.887902792123333
0.9285151620609834	0.02582677	2.8589203888499997
0.9302604913129776	0.026058249999999998	2.8382409388599994
0.9320058205649719	0.02702555	2.83623494712
0.9337511498169662	0.03557834	2.8618579239999997
0.9354964790689607	0.03324401666666667	2.8749113528166665
0.9372418083209549	0.02923761	2.8673467124566665
0.9389871375729492	0.035816843333333334	2.851325114803333
0.9407324668249435	0.03984231333333333	2.8163321156466665
0.9424777960769379	0.04168073333333333	2.780060330863333
0.9442231253289324	0.05092615	2.7791264777733335
0.9459684545809266	0.04779824666666666	2.79437134257
0.9477137838329208	0.04271759333333334	2.8175427935666666
0.9494591130849153	0.055478269999999996	2.849596523443333
0.9512044423369096	0.06804989333333333	2.85136232036
0.9529497715889038	0.07292931	2.812858765563333
0.9546951008408984	0.08692014333333334	2.7794636905166668
0.9564404300928926	0.08956659	2.755879981766667
0.9581857593448869	0.08058538	2.7490243419199993
0.9599310885968813	0.08584356666666666	2.779662661533333
0.9616764178488755	0.09042295666666667	2.8090077454899998
0.96342174710087	0.07860256	2.7968619734333338
0.9651670763528643	0.08144837999999999	2.776614922853333
0.9669124056048585	0.09245678333333332	2.75790001057
0.9686577348568528	0.09134402333333332	2.7382305305033334
0.9704030641088474	0.09384585666666667	2.7486860917066664
0.9721483933608416	0.09673717333333333	2.779373836163333
0.9738937226128359	0.07896116333333333	2.785165796133333
0.9756390518648301	0.06908056666666665	2.7807117690966665
0.9773843811168246	0.07593223	2.77156524978
0.9791297103688189	0.07247775333333333	2.73888099719
0.9808750396208131	0.06217419666666666	2.7090364828733327
0.9826203688728073	0.058086226666666664	2.70779509798
0.9843656981248019	0.04606312666666666	2.7126600863566663
0.9861110273767961	0.04045422	2.72731291351
0.9878563566287906	0.05180018666666667	2.7481582288066666
0.9896016858807848	0.056681043333333334	2.7395991725333335
0.991347015132779	0.047978563333333335	2.705031743136667
0.9930923443847736	0.04060404333333333	2.6785978061399995
0.9948376736367678	0.02853818533333333	2.661722565323333
0.9965830028887621	0.020737114666666667	2.6675757581333333
0.9983283321407567	0.028680811333333334	2.7000436075066667
1.0000736613927508	0.03814114566666667	2.7209232888766666
1.0018189906447452	0.039193806	2.70936990448
1.0035643198967397	0.039338576666666666	2.6814595539333332
1.0053096491487339	0.03071152733333333	2.639392945663333
1.007054978400728	0.021257298473333328	2.607730318403333
1.0088003076527223	0.02545904666666667	2.61460763619
1.0105456369047165	0.03422300933333333	2.6407552111133334
1.0122909661567112	0.03872567666666666	2.6600901064466664
1.0140362954087054	0.045613473333333335	2.6713755685999994
1.0157816246606999	0.042921509999999996	2.654579029123333
1.017526953912694	0.03407308333333333	2.6152680207666665
1.0192722831646883	0.03691023333333333	2.58875257433
1.0210176124166828	0.043664879999999996	2.5779416610999997
1.022762941668677	0.043539306666666666	2.5732010251499995
1.0245082709206712	0.05119723999999999	2.5894995015033335
1.0262536001726654	0.057874336666666665	2.6064789638066665
1.02799892942466	0.05537590999999999	2.600240668283333
1.0297442586766543	0.060230839999999994	2.5863302432799995
1.0314895879286488	0.06934857333333333	2.5689881351099997
1.0332349171806432	0.06577256333333334	2.540335661536666
1.0349802464326374	0.06960089	2.53301414169
1.0367255756846316	0.08341169333333333	2.5509926122266666
1.0384709049366259	0.08413673666666667	2.5590434893666663
1.0402162341886205	0.07779733333333333	2.5528973058766664
1.041961563440615	0.07804182666666666	2.5413550446933333
1.043706892692609	0.07183788333333332	2.513364586713333
1.0454522219446034	0.07228074333333334	2.4954788442433333
1.0471975511965979	0.09182389999999999	2.510950569836667
1.048942880448592	0.10335292333333335	2.531349789103333
1.0506882097005863	0.09416656666666667	2.5363990484666665
1.0524335389525805	0.08719497333333333	2.5362368483366664
1.0541788682045747	0.08053505	2.518585212483333
1.0559241974565694	0.07105567233333333	2.48753416468
1.0576695267085636	0.07186922666666666	2.4712273921699994
1.059414855960558	0.07525620666666666	2.4710888804966666
1.0611601852125523	0.06514584	2.4752684980833335
1.0629055144645467	0.058245156666666666	2.49305476479
1.064650843716541	0.06005459666666666	2.5106988598199997
1.0663961729685352	0.05767215599999999	2.5064441661199997
1.0681415022205298	0.05269910333333333	2.486680343293333
1.069886831472524	0.05140222666666666	2.4652853771300003
1.0716321607245185	0.04403096666666667	2.44633599634
1.0733774899765127	0.0345028	2.4458429494633336
1.0751228192285072	0.029789006666666666	2.4630346563399996
1.0768681484805014	0.025904319666666665	2.47780679277
1.0786134777324956	0.021470936666666666	2.4789701790766663
1.0803588069844898	0.023278173333333332	2.4679251841366665
1.082104136236484	0.02561363	2.445532324983333
1.0838494654884787	0.02429635333333333	2.4277431834033334
1.085594794740473	0.020267539999999997	2.425973631883333
1.0873401239924672	0.015681116666666665	2.43640425634
1.0890854532444616	0.012075587333333332	2.4498015708366663
1.0908307824964558	0.01387425733333333	2.4574890145666664
1.0925761117484503	0.017703496	2.4477446325
1.0943214410004445	0.021111869	2.4267010585966666
1.0960667702524387	0.021611102	2.4068625197833335
1.0978120995044334	0.01931427233333333	2.3964556234666663
1.0995574287564276	0.016838958333333334	2.399941476146666
1.101302758008422	0.0185331795	2.4151223884666666
1.1030480872604165	0.021609947733333332	2.42493124632
1.1047934165124107	0.026887118566666663	2.4222368165533332
1.106538745764405	0.032426805999999996	2.4078471624933333
1.1082840750163991	0.03346188933333333	2.38483434906
1.1100294042683934	0.030435697666666664	2.3643775035066668
1.111774733520388	0.030529646666666667	2.361458901093333
1.1135200627723822	0.03215997333333333	2.37103733427
1.1152653920243765	0.03737589666666666	2.3851706608966663
1.117010721276371	0.04760456999999999	2.39667773177
1.1187560505283651	0.054150743333333334	2.3929163406066665
1.1205013797803596	0.050615306666666665	2.3710222950133333
1.1222467090323538	0.04808097333333333	2.3520691711899997
1.123992038284348	0.04976141666666667	2.3470107209499997
1.1257373675363422	0.05355701666666666	2.3541315708666666
1.127482696788337	0.06235510999999999	2.3702509886933334
1.1292280260403311	0.07297663333333333	2.3836513872033334
1.1309733552923256	0.07364872	2.376266611366667
1.13271868454432	0.07097393666666665	2.3552232203466663
1.1344640137963142	0.07218025666666666	2.33579069889
1.1362093430483085	0.07114471	2.3229739101466667
1.1379546723003031	0.06758439999999999	2.3224229544133332
1.139700001552297	0.07163480333333333	2.341736748853333
1.1414453308042918	0.07747292666666666	2.3652747308466666
1.143190660056286	0.07933400333333332	2.3737856665133332
1.14493598930828	0.08065878333333332	2.3627478652033336
1.1466813185602747	0.07953225	2.3362967817066664
1.1484266478122689	0.07111898333333333	2.3036082518266667
1.150171977064263	0.06664890333333333	2.2884076625933334
1.1519173063162573	0.06943986333333332	2.3005920904633332
1.1536626355682515	0.06922193333333333	2.3247012948199997
1.1554079648202462	0.06324535333333332	2.340993666563333
1.1571532940722404	0.058842030000000003	2.3425056493233334
1.1588986233242349	0.053869806666666666	2.3242962349666665
1.160643952576229	0.04923659666666667	2.294564998583333
1.1623892818282235	0.048948856666666665	2.27370519864
1.1641346110802178	0.049268676666666664	2.2746153556066666
1.165879940332212	0.043926219999999995	2.2912971662333335
1.1676252695842066	0.038945883333333334	2.3139934313599992
1.1693705988362009	0.03588480333333333	2.3252915256666666
1.171115928088195	0.031103686666666665	2.3088846337066666
1.1728612573401895	0.02602894433333333	2.2689431926866668
1.1746065865921838	0.024737754666666667	2.230500116136666
1.1763519158441782	0.02300334633333333	2.21252042313
1.1780972450961724	0.02119866633333333	2.224767379593333
1.1798425743481666	0.020923885666666663	2.2611679314599997
1.1815879036001609	0.019666339999999997	2.2975266034299997
1.183333232852155	0.01639781533333333	2.3083067316466668
1.18507856210415	0.016165270333333332	2.289064616296667
1.186823891356144	0.016380342	2.24771382993
1.1885692206081382	0.015632506666666664	2.20504794459
1.1903145498601329	0.016306814666666666	2.18534566836
1.192059879112127	0.01665148	2.1950091743733333
1.1938052083641213	0.013478772666666666	2.2191512525333335
1.1955505376161155	0.013945346666666665	2.2435164168033332
1.1972958668681097	0.017974556666666665	2.2505586165900002
1.1990411961201044	0.019752849999999995	2.2302730001466666
1.2007865253720988	0.020375596666666666	2.1962072240766664
1.2025318546240933	0.021305782	2.1704531384966668
1.2042771838760875	0.01754651	2.1614975768433333
1.2060225131280817	0.016725332	2.176691093823333
1.207767842380076	0.023961835	2.207799587853333
1.2095131716320702	0.029149556666666666	2.2251223967766665
1.2112585008840648	0.027914347333333332	2.212149322976667
1.213003830136059	0.02795118866666666	2.18005690875
1.2147491593880533	0.025792611333333333	2.1393724280299997
1.2164944886400477	0.022494225666666666	2.108435120983333
1.218239817892042	0.026991324333333334	2.1079263903566665
1.2199851471440364	0.034569885999999994	2.1305455569099996
1.2217304763960306	0.03650833233333333	2.1536438188033333
1.2234758056480248	0.040894307	2.17086677509
1.225221134900019	0.04582662733333333	2.1701857296433333
1.2269664641520137	0.04273887566666666	2.142099518523333
1.228711793404008	0.03871704333333333	2.1048533777533334
1.2304571226560024	0.04016679666666666	2.07945274142
1.2322024519079966	0.04104279333333333	2.0684236030066665
1.233947781159991	0.047915910000000006	2.0802475175433335
1.2356931104119853	0.06195099333333333	2.1088473948866664
1.23743843966398	0.06760328333333333	2.1240008961533334
1.2391837689159741	0.06286656	2.113859164803333
1.240929098167968	0.059423613333333326	2.0909677745566664
1.2426744274199628	0.05500505666666666	2.0596988293866665
1.244419756671957	0.054214359999999996	2.0358267805666665
1.2461650859239515	0.06544563	2.0386309641700002
1.2479104151759457	0.07567474333333334	2.0558411182233334
1.24965574442794	0.07396833333333333	2.068677780133333
1.2514010736799341	0.07258411666666666	2.0808296981833334
1.2531464029319284	0.07133821333333332	2.0832963929466666
1.254891732183923	0.06475364333333333	2.0662267870966664
1.2566370614359172	0.06305366333333333	2.0461838856466663
1.2583823906879115	0.06719265999999999	2.0346601640633333
1.260127719939906	0.06560110333333333	2.0267883944599996
1.2618730491919004	0.06647865666666666	2.033846989133333
1.2636183784438946	0.07269097333333333	2.054754125653333
1.2653637076958888	0.06925960666666665	2.0640244392766665
1.267109036947883	0.05804793666666667	2.0569615601066666
1.2688543661998777	0.05327413	2.0485353519633334
1.270599695451872	0.05033170566666667	2.037629580873333
1.2723450247038663	0.048467594333333336	2.0303196537833332
1.2740903539558606	0.052897251000000006	2.0376186916466663
1.2758356832078548	0.053612836999999997	2.0472009131133335
1.2775810124598492	0.04454081103333333	2.047567243223333
1.2793263417118435	0.03917538699999999	2.04912537411
1.2810716709638381	0.038644356433333325	2.0495845891366664
1.282817000215832	0.0361654387	2.042490908183333
1.2845623294678261	0.03542720233333333	2.0372236407266664
1.286307658719821	0.036435143	2.03606484054
1.288052987971815	0.03227252833333333	2.0312722693366667
1.2897983172238097	0.028702389666666668	2.030337980743333
1.2915436464758039	0.02856951966666666	2.034261681656666
1.293288975727798	0.02623697233333333	2.0329720947366665
1.2950343049797923	0.023371763999999996	2.030051605123333
1.296779634231787	0.023954146666666665	2.03191249275
1.2985249634837812	0.022906133333333332	2.0310729562333334
1.3002702927357757	0.021765457666666668	2.029701574193333
1.3020156219877699	0.023107621333333335	2.030029854726666
1.3037609512397643	0.022301540666666664	2.0209164093266665
1.3055062804917585	0.01935013433333333	2.0029109095399997
1.3072516097437528	0.019321985666666666	1.9905907029066665
1.308996938995747	0.018452317666666666	1.9839911813866664
1.3107422682477412	0.017412328999999997	1.9839415052533333
1.3124875974997359	0.020298703	1.9947585730666666
1.31423292675173	0.021991320999999998	2.0027186906566667
1.3159782560037245	0.019675879333333333	1.995329539123333
1.3177235852557188	0.021208144033333334	1.9835409397999997
1.319468914507713	0.024157904966666664	1.970475128893333
1.3212142437597074	0.023841164166666668	1.9537080569566667
1.3229595730117016	0.024794575	1.9455593061033332
1.3247049022636959	0.02542249233333333	1.9494688769299997
1.3264502315156905	0.02046689633333333	1.9522501779633334
1.3281955607676847	0.020603785333333333	1.9555384065633332
1.3299408900196792	0.02900097533333333	1.9576646497633334
1.3316862192716734	0.03364322833333333	1.9421735749966667
1.3334315485236676	0.03423461	1.9138328501266666
1.3351768777756619	0.03697900333333333	1.894341873923333
1.336922207027656	0.03516298333333333	1.8855623541966668
1.338667536279651	0.03228005666666667	1.8891853236066667
1.3404128655316452	0.037266589999999995	1.9090897063933334
1.3421581947836396	0.040106123333333334	1.9251542474966667
1.3439035240356338	0.03504056	1.9205235423433333
1.345648853287628	0.036544356666666666	1.9085589586766665
1.3473941825396225	0.042899893333333335	1.8937402291799998
1.3491395117916167	0.04328920666666666	1.8727711987899998
1.350884841043611	0.044395553333333324	1.8615470712866664
1.3526301702956052	0.04795961666666666	1.8670917886066665
1.3543754995475994	0.04440981333333333	1.8751707315433332
1.356120828799594	0.043654799999999994	1.8867164422766667
1.3578661580515883	0.05141127666666667	1.8996739963733333
1.3596114873035827	0.05075494333333333	1.8926616097933335
1.361356816555577	0.04090113333333333	1.8679683025099998
1.3631021458075712	0.03865861999999999	1.85169393018
1.3648474750595656	0.04005669666666667	1.8479776825599998
1.3665928043115598	0.04041475666666666	1.8561228206266667
1.3683381335635545	0.047167169999999994	1.8810311715766663
1.3700834628155487	0.051912893333333335	1.9038599572400001
1.371828792067543	0.044745879999999995	1.90390641873
1.3735741213195374	0.04057678666666667	1.8924326839266663
1.3753194505715316	0.04328739666666666	1.8761437609033333
1.377064779823526	0.03948365666666666	1.85127634349
1.3788101090755203	0.033366629999999994	1.83544636124
1.3805554383275145	0.03412547666666666	1.84402444888
1.3823007675795091	0.033555966666666666	1.8646024982566667
1.384046096831503	0.03207070333333333	1.8888817573533334
1.3857914260834978	0.03548042333333333	1.9100131126933333
1.387536755335492	0.03454119333333333	1.90754192134
1.3892820845874863	0.026554703333333332	1.88142360117
1.3910274138394805	0.024857766666666663	1.8587721807966666
1.3927727430914747	0.02807654	1.8504390313099999
1.3945180723434691	0.026974329999999998	1.8551701973466665
1.3962634015954638	0.024389923333333334	1.8749903584499998
1.398008730847458	0.021977486666666664	1.8965051274399998
1.3997540600994525	0.015931001333333333	1.9002500334866668
1.4014993893514467	0.012313431666666666	1.8899634206633333
1.4032447186034411	0.014331035666666667	1.8734537717699997
1.4049900478554354	0.015524576666666666	1.8529710777966664
1.4067353771074296	0.014758069	1.8425458234133334
1.4084807063594238	0.015267961666666666	1.8533731647933334
1.410226035611418	0.013622614	1.8741391784700001
1.4119713648634127	0.009670388666666667	1.8929435366566665
1.413716694115407	0.0070748419333333335	1.90236271624
1.4154620233674011	0.005669371176666667	1.89185462237
1.4172073526193956	0.005340683246666667	1.8653328816233332
1.4189526818713898	0.007982128066666665	1.843186836743333
1.420698011123384	0.010119676333333332	1.8340483336200002
1.4224433403753782	0.010051826666666666	1.8373047438166665
1.4241886696273727	0.009854933666666666	1.8519964246766665
1.4259339988793673	0.008222638333333334	1.8659983447266666
1.4276793281313616	0.0050502716	1.8658082069566668
1.429424657383356	0.006647068333333333	1.8564283979133336
1.4311699866353502	0.012448921666666665	1.8440981306133333
1.4329153158873444	0.016992823999999997	1.829455602863333
1.4346606451393389	0.02068871333333333	1.8218426476099998
1.436405974391333	0.02310238666666667	1.8276662340599998
1.4381513036433278	0.020567906666666663	1.8371038253666667
1.439896632895322	0.019650429999999997	1.8446431416666667
1.4416419621473162	0.025485419999999998	1.8485746996433332
1.4433872913993107	0.029859416666666666	1.8388722005033333
1.4451326206513049	0.030231256666666668	1.8171183173799998
1.446877949903299	0.0348918	1.8023242532000001
1.4486232791552933	0.04073204	1.7996321282166665
1.4503686084072875	0.04194088333333333	1.8032775954766667
1.452113937659282	0.04437257333333333	1.8144303055066668
1.4538592669112762	0.04862307	1.8267706647433333
1.4556045961632709	0.048992499999999994	1.8274270340866665
1.457349925415265	0.05316496	1.8219039625666664
1.4590952546672595	0.06364438333333333	1.8174435654699999
1.460840583919254	0.06583177333333333	1.8076192744599997
1.4625859131712482	0.05859338666666667	1.7974396372800001
1.4643312424232424	0.05624212999999999	1.801259116063333
1.4660765716752366	0.05755800333333334	1.81256717131
1.4678219009272309	0.05755615	1.8196627206099998
1.4695672301792255	0.06233064666666666	1.8230498129666668
1.4713125594312197	0.06851473	1.8182888611433334
1.4730578886832142	0.06744342	1.8025547011
1.4748032179352084	0.06706065333333333	1.7922711332166665
1.4765485471872026	0.07030638	1.7956813378299998
1.478293876439197	0.06532822333333332	1.80187190715
1.480039205691191	0.05451917333333334	1.8086326709633334
1.481784534943186	0.050759733333333334	1.8193935297599997
1.4835298641951802	0.05064921	1.8239754041633331
1.4852751934471744	0.048870003333333335	1.8179322747966666
1.4870205226991688	0.049285866666666664	1.8095659309133334
1.488765851951163	0.04867116333333333	1.8007138234533333
1.4905111812031575	0.04264539333333334	1.7927570608566665
1.4922565104551517	0.03921925	1.7958002912833333
1.494001839707146	0.040245249999999996	1.8071584471400002
1.4957471689591406	0.03702747	1.8121689766633333
1.4974924982111348	0.030259926666666666	1.8082285129533333
1.4992378274631293	0.02646681666666667	1.80091760411
1.5009831567151235	0.023127413333333333	1.7909398631999998
1.5027284859671177	0.0183826	1.7832281269366668
1.504473815219112	0.015756843333333333	1.78439885547
1.5062191444711062	0.014496085	1.7906970339833332
1.5079644737231006	0.012373678333333332	1.79570647211
1.5097098029750948	0.012508621	1.7987150043033333
1.511455132227089	0.014605880000000002	1.7961731993766668
1.5132004614790837	0.013564664666666667	1.7844528099966666
1.514945790731078	0.009623562999999998	1.7694495122799998
1.5166911199830724	0.007242504966666667	1.7599979760933335
1.5184364492350666	0.006155906333333333	1.7580629750366665
1.520181778487061	0.004816588	1.762258590243333
1.5219271077390553	0.0046433198	1.7693364994966665
1.5236724369910495	0.0059304284	1.7730003569733335
1.5254177662430441	0.007173165333333333	1.7691651548066667
1.5271630954950384	0.009450669999999998	1.76004766027
1.5289084247470326	0.013159459533333334	1.7493277194499997
1.530653753999027	0.015607255666666667	1.7400306245400001
1.5323990832510213	0.016041884333333332	1.7356952530933332
1.5341444125030157	0.016483457333333333	1.73781439584
1.53588974175501	0.016564387333333333	1.74301856701
1.537635071007004	0.01566091533333333	1.7466332212866666
1.5393804002589988	0.015879158666666664	1.7457480709
1.541125729510993	0.018625888666666666	1.7395907959899999
1.5428710587629875	0.023257082000000002	1.73016305307
1.5446163880149817	0.029579096666666665	1.72207303166
1.546361717266976	0.03607012	1.71901057689
1.5481070465189704	0.03980155333333333	1.7218011344166666
1.5498523757709646	0.04016441333333333	1.7284774438033335
1.5515977050229588	0.03875330333333333	1.7347295834466667
1.553343034274953	0.03679549666666666	1.7358451905966668
1.5550883635269477	0.03599429	1.7302860970566665
1.556833692778942	0.03783498	1.7204253772499998
1.5585790220309363	0.04164828333333333	1.7110210080966666
1.5603243512829306	0.045916976666666665	1.7070937404033333
1.5620696805349248	0.04984938666666666	1.710919124243333
1.563815009786919	0.0525146	1.7195298419233334
1.5655603390389135	0.053505119999999996	1.7264771192533335
1.5673056682909077	0.053900170000000004	1.7262120959233331
1.5690509975429023	0.05479136333333333	1.7172984432333334
1.5707963267948966	0.05605084	1.7033908979366665
1.5725416560468908	0.05725432999999999	1.6920334673766666
1.5742869852988854	0.05790471666666667	1.6899068542133335
1.5760323145508797	0.05700420666666667	1.6975131390199998
1.5777776438028739	0.054714189999999996	1.7093996105433331
1.579522973054868	0.05344248	1.7182094068433333
1.5812683023068623	0.05474294	1.7169552918433333
1.583013631558857	0.05749015333333333	1.70241998841
1.5847589608108512	0.060906703333333326	1.68005010558
1.5865042900628454	0.06459780666666666	1.6605512218899998
1.5882496193148399	0.06611486999999999	1.6512962677033332
1.589994948566834	0.06407871333333333	1.6544072382099997
1.5917402778188283	0.060407999999999996	1.6670522458633332
1.5934856070708228	0.05612849	1.67981798368
1.5952309363228174	0.052251689999999996	1.6836595875766664
1.5969762655748112	0.052413283333333324	1.6777106464733333
1.5987215948268054	0.056686703333333324	1.6646293134499999
1.6004669240788003	0.05988322999999999	1.6471820346866668
1.6022122533307945	0.06052250666666667	1.6329936900300002
1.603957582582789	0.06035934666666666	1.6291181479766668
1.6057029118347832	0.05835678666666667	1.6337374034466665
1.6074482410867772	0.054852423333333324	1.64163918429
1.6091935703387716	0.05316384999999999	1.6487062451266665
1.6109388995907659	0.05259844	1.6483987503899997
1.6126842288427607	0.051418471333333333	1.6381750369599999
1.614429558094755	0.051623555333333335	1.6245976212566666
1.6161748873467492	0.052450437999999995	1.6135018868933333
1.6179202165987434	0.04964772166666667	1.6061924315399998
1.6196655458507376	0.044807322999999996	1.6068092953066666
1.621410875102732	0.042547844	1.61736665868
1.6231562043547263	0.04267584666666666	1.63116894518
1.624901533606721	0.043507791000000004	1.6407084943933334
1.6266468628587152	0.04525652833333333	1.6427426869266668
1.6283921921107094	0.04579428033333333	1.634379121086667
1.630137521362704	0.04287986533333333	1.6179639963833332
1.6318828506146983	0.03840094393333333	1.60322207598
1.6336281798666925	0.034355459299999995	1.59637771874
1.6353735091186867	0.029700606649999996	1.5962488529566665
1.637118838370681	0.025807183899999996	1.6022414512999998
1.6388641676226756	0.02596243943333333	1.6125572096333336
1.6406094968746698	0.02874121800666667	1.6204159544333332
1.642354826126664	0.029461264103333336	1.6211557771133336
1.6441001553786583	0.027683008881333335	1.6163778886566664
1.6458454846306525	0.0251218109	1.6080557425533333
1.647590813882647	0.02167532733333333	1.5991561263799998
1.6493361431346412	0.01800681633333333	1.5948088671433336
1.6510814723866354	0.016402463	1.59582930331
1.6528268016386303	0.016298647666666666	1.5976589571099997
1.654572130890624	0.01636122	1.5985615434866667
1.6563174601426187	0.017090570666666666	1.598650428
1.6580627893946132	0.017737573666666666	1.59627877476
1.6598081186466074	0.015789002666666666	1.59161859057
1.6615534478986018	0.012242795666666667	1.5874995417466666
1.663298777150596	0.010052058	1.5842064328666665
1.6650441064025903	0.009822119333333332	1.58191515313
1.6667894356545845	0.010222458333333333	1.5819864821233331
1.6685347649065787	0.011245923333333333	1.5832510651633331
1.6702800941585736	0.013440863333333334	1.5834855570133333
1.6720254234105678	0.016033477666666664	1.5832833632299999
1.673770752662562	0.016724228666666667	1.5816674237
1.6755160819145563	0.015654226666666667	1.57715057994
1.6772614111665505	0.014752485333333332	1.5714467688133333
1.679006740418545	0.013934244	1.56525074428
1.6807520696705391	0.012505012999999999	1.5567741962999997
1.6824973989225334	0.012334887999999999	1.54919426569
1.684242728174528	0.012853650666666668	1.5466309043866666
1.6859880574265222	0.012685654099999999	1.5487578119566665
1.6877333866785167	0.015014661666666665	1.5556254730566668
1.6894787159305111	0.020723428333333332	1.5664180142933333
1.6912240451825054	0.023425355	1.5728282009366668
1.6929693744344996	0.022746627999999998	1.5701553333799998
1.6947147036864938	0.024323759333333334	1.5625793428766666
1.6964600329384885	0.026327716666666667	1.5512193748766665
1.6982053621904827	0.024534989999999996	1.5350175416866665
1.6999506914424771	0.022850082666666667	1.5221028419133333
1.7016960206944713	0.022475942333333332	1.5189637903933333
1.7034413499464653	0.020848469999999997	1.5231535948766664
1.7051866791984598	0.022012659999999996	1.5335098495466668
1.706932008450454	0.02786472533333333	1.5477695856399998
1.708677337702449	0.030065992	1.5544196402933332
1.7104226669544431	0.028376223666666662	1.5497562455933331
1.7121679962064373	0.03131960366666667	1.5429543321633332
1.7139133254584316	0.036475953	1.5365951263033333
1.7156586547104258	0.03624947966666667	1.5276386867699998
1.7174039839624204	0.034510355	1.5239089002666666
1.7191493132144147	0.03415154066666666	1.5308700767199999
1.7208946424664089	0.03158745033333333	1.5412810726233332
1.722639971718403	0.029849215	1.54986999611
1.7243853009703973	0.032699588333333335	1.5545068140166667
1.726130630222392	0.03287476266666667	1.5459934575966667
1.7278759594743864	0.029790964066666665	1.52547981804
1.7296212887263807	0.03319777643333333	1.5098085541899997
1.7313666179783749	0.0407439619	1.5057649007766667
1.733111947230369	0.0417414042	1.5071970143166666
1.7348572764823635	0.0397798035	1.5164264421566669
1.7366026057343578	0.0406370565	1.5333112545133334
1.738347934986352	0.0400508753	1.5439170174266668
1.7400932642383462	0.03852639	1.5407167840133331
1.7418385934903404	0.04086332066666666	1.5283676336066665
1.7435839227423353	0.04073448466666667	1.5070756705966666
1.7453292519943295	0.03621384666666666	1.4834554262766666
1.7470745812463238	0.037651263666666664	1.4751691704933334
1.7488199104983182	0.04412762099999999	1.4837327050899998
1.7505652397503124	0.04389209066666667	1.4931422310566664
1.7523105690023066	0.041055176	1.5003124881899998
1.7540558982543013	0.044327024	1.5079240767300002
1.7558012275062955	0.048333153999999996	1.5075301141433333
1.75754655675829	0.049177379333333326	1.49677317915
1.7592918860102842	0.051278172	1.485463062673333
1.7610372152622784	0.050308740666666664	1.4744198664533332
1.7627825445142726	0.043718062	1.4643698723433332
1.7645278737662669	0.041867344	1.4668888725066669
1.7662732030182617	0.04654865	1.4811258644033334
1.768018532270256	0.04636708333333334	1.4903474836633333
1.7697638615222502	0.04417947333333333	1.49355945686
1.7715091907742444	0.04974768333333333	1.49857999423
1.7732545200262386	0.056569926666666666	1.498788406753333
1.7749998492782333	0.05622550666666666	1.48961464292
1.7767451785302275	0.053986676666666664	1.4820428975866666
1.7784905077822217	0.05066317666666666	1.4798773006300001
1.780235837034216	0.04383191666666667	1.48155810503
1.7819811662862102	0.04188179	1.4940109428566668
1.7837264955382048	0.04790759	1.5136032116499998
1.785471824790199	0.04963306333333334	1.5200440946566665
1.7872171540421935	0.04689713999999999	1.5113742970866666
1.7889624832941877	0.050451696666666664	1.5020459263700001
1.790707812546182	0.055025763333333325	1.4926229231233332
1.7924531417981764	0.05051502333333333	1.4803348087933332
1.7941984710501706	0.04449122333333333	1.4773253720133335
1.7959438003021653	0.042605656666666665	1.4863875815499998
1.7976891295541597	0.040793883333333336	1.4971290813466667
1.7994344588061533	0.04228491333333333	1.5077118227533335
1.8011797880581482	0.04932913333333333	1.51591516337
1.8029251173101424	0.050316929999999996	1.5083704481166667
1.8046704465621368	0.04401118999999999	1.4890433741766664
1.806415775814131	0.04212199333333333	1.47728060369
1.8081611050661253	0.04266549333333333	1.4739570848499999
1.8099064343181195	0.03650099666666667	1.46905882212
1.8116517635701137	0.030945226666666666	1.4682172132966667
1.8133970928221086	0.03291664333333333	1.4745159477866665
1.8151424220741028	0.03666555999999999	1.4786810687499998
1.816887751326097	0.03970707	1.4791128809333334
1.8186330805780913	0.04382335999999999	1.4795528962733333
1.8203784098300855	0.042643056666666665	1.4735930053766666
1.82212373908208	0.035339739999999994	1.4627864856933332
1.8238690683340746	0.03106797	1.4601260114666665
1.8256143975860688	0.030685196666666668	1.4651021378966667
1.827359726838063	0.026898783333333332	1.4665145154466668
1.8291050560900572	0.02350559	1.4677418568666667
1.830850385342052	0.026743950000000002	1.4744502988233334
1.8325957145940461	0.03171809333333333	1.4794872721933334
1.8343410438460404	0.03253991333333332	1.477984185123333
1.8360863730980346	0.031925663333333326	1.4749078225566667
1.8378317023500288	0.03017395333333333	1.47007679149
1.8395770316020235	0.025986996666666668	1.4640224393766665
1.8413223608540177	0.023258503333333333	1.46472824633
1.843067690106012	0.024081796666666662	1.4729028296633333
1.8448130193580063	0.023062086666666665	1.4785805099666665
1.8465583486100006	0.020773608666666665	1.4817379333866665
1.8483036778619948	0.02250066133333333	1.487481272453333
1.850049007113989	0.025567111666666663	1.4908247649666664
1.8517943363659835	0.02403316733333333	1.486408612943333
1.8535396656179781	0.021235819333333336	1.48010945545
1.8552849948699723	0.020231987333333333	1.4750868945066666
1.8570303241219668	0.019077953	1.4706821821733334
1.858775653373961	0.018138031	1.4705820197266668
1.8605209826259552	0.019271482	1.47560929318
1.8622663118779497	0.019245416666666664	1.4782727411433332
1.8640116411299439	0.018016244666666667	1.4781551907133332
1.865756970381938	0.018726352666666668	1.4796135587733332
1.8675022996339323	0.020176741999999998	1.47979522023
1.8692476288859265	0.019403418	1.4750676834666667
1.8709929581379214	0.01870824	1.4701146690533333
1.8727382873899157	0.01869451333333333	1.46646011953
1.8744836166419099	0.018117897	1.462783574783333
1.876228945893904	0.017891806333333333	1.461713736023333
1.8779742751458983	0.018785049666666664	1.4638935522166667
1.8797196043978928	0.018498389666666667	1.4637686299733332
1.881464933649887	0.018164129333333334	1.4622330992433332
1.8832102629018816	0.019401992666666666	1.4631603228166665
1.8849555921538759	0.020993971	1.4639171977366665
1.88670092140587	0.02202235033333333	1.4612345725766667
1.8884462506578648	0.02375540333333333	1.4585188689866666
1.890191579909859	0.024224526666666666	1.4562671563066667
1.8919369091618532	0.023126206666666666	1.45400357769
1.8936822384138474	0.023487233333333333	1.455443014463333
1.8954275676658416	0.025399936666666664	1.4612421773933333
1.8971728969178363	0.024853649999999998	1.46467009285
1.8989182261698305	0.023542386666666665	1.4655773140733332
1.900663555421825	0.02474408	1.4681659269499998
1.9024088846738192	0.026715136666666667	1.4698333341733332
1.9041542139258134	0.026952950000000003	1.4664800676
1.9058995431778076	0.027799369999999997	1.4633082483366664
1.9076448724298019	0.028924306666666667	1.4638916512166666
1.9093902016817967	0.028962889999999998	1.4667541606699999
1.911135530933791	0.03005169666666667	1.4725757596666664
1.9128808601857852	0.032852479999999996	1.4815421635033332
1.9146261894377794	0.03221154666666666	1.4863422504366668
1.9163715186897738	0.029226146666666664	1.4852206624233333
1.9181168479417683	0.029688189999999996	1.4834716035133333
1.9198621771937625	0.03216213999999999	1.4802072267866664
1.9216075064457567	0.031161449999999997	1.4704840672066664
1.923352835697751	0.030025736666666667	1.4608167441966664
1.9250981649497452	0.032087239999999996	1.4587829259366665
1.92684349420174	0.03428361	1.46210300852
1.9285888234537343	0.03473225666666666	1.4669510074499998
1.9303341527057285	0.035592886666666664	1.4738720721499998
1.9320794819577227	0.03482932	1.4783354058399998
1.933824811209717	0.032179016666666664	1.47677839008
1.9355701404617114	0.03181602	1.4724488918999996
1.9373154697137056	0.03391428	1.467253529143333
1.9390607989656998	0.03313066666666667	1.4580989963866664
1.9408061282176947	0.031161946666666666	1.4496335173133332
1.9425514574696887	0.03214673999999999	1.4486417654866668
1.9442967867216832	0.033398316666666664	1.4523248184500002
1.9460421159736774	0.030548339999999997	1.4541069260466666
1.9477874452256718	0.026892970000000002	1.4553177766233332
1.949532774477666	0.02493902333333333	1.4564930673133332
1.9512781037296603	0.02354537333333333	1.4549298756566664
1.953023432981655	0.022824493333333334	1.4511817679633332
1.9547687622336491	0.024130706666666668	1.4487524904966667
1.9565140914856434	0.02440172666666667	1.4469980952633332
1.9582594207376378	0.02300095	1.4478522554166666
1.960004749989632	0.022294826666666663	1.4551165784866664
1.9617500792416263	0.021510166666666667	1.4664870077799999
1.9634954084936205	0.017481967333333334	1.4748077792999998
1.9652407377456147	0.013176357333333333	1.4789747861600002
1.9669860669976096	0.011354360333333334	1.4788251215300001
1.9687313962496038	0.010791858999999997	1.472424152913333
1.970476725501598	0.010567743333333332	1.4613672888633333
1.9722220547535922	0.011846670666666666	1.4518280982733334
1.9739673840055865	0.012253832999999999	1.44603618377
1.9757127132575811	0.011193257	1.4457036859599999
1.9774580425095754	0.010599887333333332	1.45216630499
1.9792033717615696	0.010248804	1.4617381481866665
1.9809487010135638	0.007822370333333332	1.46730652476
1.982694030265558	0.005757533999999999	1.4683957554066667
1.9844393595175527	0.005685231666666666	1.46650186289
1.9861846887695471	0.006306208333333332	1.46173107833
1.9879300180215413	0.006879600666666666	1.455698261166667
1.9896753472735356	0.008267842666666666	1.4521589014699998
1.9914206765255298	0.008059484666666667	1.45013617342
1.9931660057775242	0.006340614333333333	1.4492500985599999
1.9949113350295185	0.006133864	1.4512424361199998
1.9966566642815133	0.007508867999999999	1.4545257863699999
1.9984019935335076	0.006715174766666667	1.4535842601799998
2.0001473227855016	0.005668745333333333	1.4497778487000001
2.0018926520374962	0.007432873333333333	1.4467770489466667
2.0036379812894904	0.009793242333333334	1.4435958562733333
2.0053833105414847	0.009291670666666665	1.4386280582066666
2.0071286397934793	0.008511451666666666	1.4364087683966666
2.0088739690454736	0.008484761666666667	1.4386406004199999
2.0106192982974678	0.008143526333333333	1.4436049556633332
2.012364627549462	0.008792839	1.45080138361
2.014109956801456	0.011819182333333332	1.4589670717833334
2.0158552860534504	0.012962899	1.4615403623433334
2.0176006153054447	0.012527526666666667	1.4581857217233332
2.019345944557439	0.015211967	1.4543251046566665
2.021091273809433	0.019256037666666663	1.4499576317799998
2.022836603061428	0.01825867133333333	1.4409395007766665
2.0245819323134224	0.015912066	1.4326119948266665
2.0263272615654166	0.017585306	1.4306582748499999
2.028072590817411	0.020270785666666666	1.4319607136133332
2.029817920069405	0.020102275666666662	1.4324267119533334
2.0315632493213998	0.020538037	1.43463578752
2.033308578573394	0.022101833666666668	1.4378100084666665
2.035053907825388	0.02284575	1.4397114888366667
2.036799237077383	0.023962416666666667	1.441712629043333
2.0385445663293766	0.02674924633333333	1.4442645279766666
2.0402898955813713	0.027278292666666665	1.4423113229866669
2.0420352248333655	0.026601099999999996	1.43738216368
2.0437805540853597	0.029581649666666668	1.4353822459299999
2.045525883337354	0.034428467666666664	1.4352406604599999
2.047271212589348	0.03431973733333333	1.4315290792466666
2.0490165418413424	0.03230913966666667	1.4287670132899999
2.0507618710933366	0.034115682999999994	1.4321962407133333
2.052507200345331	0.03669025299999999	1.4376222653100001
2.054252529597326	0.034882538	1.4389469775933332
2.05599785884932	0.03316660433333333	1.4383048206633333
2.0577431881013144	0.03459258033333333	1.4362796090699999
2.0594885173533086	0.036343309	1.4312400074499998
2.0612338466053033	0.037429301666666664	1.42543279422
2.0629791758572975	0.04002488666666666	1.4227842626866665
2.0647245051092917	0.04107301333333333	1.4212057033866667
2.0664698343612864	0.04024223	1.4216323556233335
2.0682151636132806	0.04183456333333333	1.4275739731333332
2.069960492865275	0.045025814	1.4353748820633332
2.071705822117269	0.04349966166666667	1.4364656162666665
2.0734511513692633	0.040627703	1.4331302676399997
2.0751964806212575	0.042567676	1.4308867642933332
2.0769418098732517	0.045992797333333335	1.4275468297833334
2.078687139125246	0.04480943333333333	1.4196483824099997
2.080432468377241	0.04319550666666666	1.4130568352866666
2.0821777976292353	0.04481054333333333	1.4119179657266667
2.08392312688123	0.04654062333333332	1.4143194443499998
2.0856684561332237	0.045898753333333334	1.4182580879833333
2.087413785385218	0.04593478666666666	1.42438688805
2.0891591146372126	0.04638609333333333	1.4289303312633335
2.090904443889207	0.046213286666666666	1.4290544246133332
2.0926497731412015	0.046984073333333334	1.4255516076633334
2.0943951023931957	0.04921157333333333	1.4189465682833333
2.0961404316451895	0.048738619999999996	1.4073008469400001
2.097885760897184	0.04693121	1.3957342289699999
2.0996310901491784	0.04828735666666667	1.3913296851866666
2.1013764194011726	0.050939899999999996	1.3933734515866665
2.103121748653167	0.04885885333333333	1.3956525285566665
2.104867077905161	0.04559232999999999	1.39923608815
2.1066124071571553	0.04661017333333334	1.4058567052133333
2.1083577364091495	0.04893734333333333	1.4108401800866663
2.1101030656611446	0.04731519333333334	1.4091340610666665
2.111848394913139	0.04583074666666666	1.4049053200033335
2.113593724165133	0.047688803333333335	1.4020165990766664
2.1153390534171272	0.04968725333333333	1.3999336597399998
2.1170843826691215	0.04926230333333333	1.3983633389066665
2.118829711921116	0.04914769333333333	1.4001156788333333
2.1205750411731104	0.04857097666666667	1.4036254465466667
2.1223203704251046	0.04676461333333333	1.4071354187233331
2.124065699677099	0.04635337666666667	1.4110925443833333
2.1258110289290935	0.048001086666666665	1.4143542190433334
2.1275563581810877	0.04693527333333333	1.4121272230566666
2.129301687433082	0.04517145	1.4071127669166668
2.131047016685076	0.04777653999999999	1.4053342114833332
2.1327923459370703	0.05155910666666667	1.40589117427
2.1345376751890646	0.04946382333333334	1.4034913060599998
2.1362830044410597	0.04565810333333334	1.4015443436866666
2.138028333693054	0.04573083	1.4036975732066665
2.139773662945048	0.04655832666666666	1.4056688265266666
2.141518992197043	0.04383768666666667	1.4022486190299999
2.143264321449037	0.04226431	1.39741436454
2.1450096507010312	0.04456131	1.39412435717
2.1467549799530254	0.04751122666666666	1.3905618237633333
2.1485003092050197	0.048516619999999996	1.3856637060566666
2.1502456384570143	0.04942782666666666	1.3824075458399998
2.1519909677090086	0.04884856666666666	1.3801482303066668
2.1537362969610028	0.04617531666666667	1.3787351286633334
2.155481626212997	0.04431843666666666	1.38044986441
2.157226955464991	0.044378433333333335	1.385068550553333
2.1589722847169854	0.04202708	1.3871013995099999
2.1607176139689797	0.03984016666666666	1.3881386189566665
2.162462943220974	0.043406429999999996	1.3931556577866666
2.164208272472968	0.04889979	1.3995575670666665
2.1659536017249623	0.047993883333333334	1.4009382198799998
2.1676989309769574	0.04489410666666666	1.4017404734766665
2.1694442602289516	0.045287216666666665	1.40646573658
2.171189589480946	0.045212173333333334	1.4100481629633332
2.17293491873294	0.04074321	1.4070366462366668
2.1746802479849343	0.03784183	1.40200306917
2.176425577236929	0.03912887666666666	1.3978091640666666
2.178170906488923	0.04157702333333334	1.3933702527233334
2.179916235740918	0.04345631	1.38912797346
2.1816615649929116	0.04557777666666667	1.3873082086366666
2.183406894244906	0.045029096666666664	1.3850443063033335
2.1851522234969005	0.041622940000000004	1.381410626613333
2.1868975527488947	0.038349723333333335	1.37821456822
2.188642882000889	0.03586857	1.3747309785566666
2.190388211252883	0.030974325666666663	1.3670317771533331
2.1921335405048774	0.027150665999999997	1.3590919052966666
2.1938788697568716	0.029546288999999996	1.35672966706
2.1956241990088667	0.03496984	1.3580975416233332
2.197369528260861	0.03589001966666667	1.3578847598333335
2.199114857512855	0.035389791999999996	1.3602239436966665
2.20086018676485	0.037749189	1.3686380049266664
2.202605516016844	0.038497823333333334	1.3782140256533335
2.2043508452688383	0.033246712	1.3833679177166665
2.206096174520833	0.02805675466666667	1.3866683171599998
2.207841503772827	0.026361148	1.3885250403966665
2.2095868330248214	0.02615944366666667	1.3872454098833331
2.2113321622768156	0.026920324	1.3841352033833332
2.21307749152881	0.030045089	1.382419811963333
2.214822820780804	0.032142350666666666	1.3807307732033334
2.2165681500327983	0.032307476333333335	1.3799107517933333
2.2183134792847925	0.032077702666666666	1.3813547251933331
2.2200588085367867	0.030694436999999998	1.3823985481166665
2.221804137788781	0.025519861666666664	1.37821412901
2.223549467040776	0.020432811	1.3714339022533333
2.2252947962927703	0.019510444999999994	1.36562374476
2.2270401255447645	0.021371294	1.3603172056766664
2.2287854547967587	0.021894402999999996	1.35393224989
2.230530784048753	0.023103459666666666	1.3505675741733332
2.2322761133007476	0.026800196666666668	1.3524857453233334
2.234021442552742	0.029677449999999998	1.3574841363199996
2.235766771804736	0.027649466666666664	1.3621289860499997
2.2375121010567303	0.02422903	1.3670117564666664
2.239257430308725	0.02213677	1.3708875834133334
2.241002759560719	0.020174986666666665	1.37195883517
2.2427480888127134	0.017622606666666665	1.3700103033466666
2.2444934180647076	0.017215497	1.3673467505199999
2.246238747316702	0.01811646	1.3642763451599997
2.247984076568696	0.019409086666666665	1.3629052009333336
2.2497294058206903	0.02112602	1.3647175781033332
2.2514747350726845	0.022684039999999996	1.3688762986866667
2.2532200643246787	0.021713946666666668	1.3724035505433332
2.254965393576674	0.019956173333333334	1.3755940735699999
2.256710722828668	0.018990806666666665	1.3777938169833333
2.2584560520806622	0.018544902333333328	1.378004235923333
2.260201381332657	0.017394805333333332	1.37569217281
2.261946710584651	0.017210413333333334	1.3726366513633332
2.2636920398366454	0.018334091999999996	1.36914189893
2.26543736908864	0.019848558	1.3665702302033333
2.2671826983406342	0.019693343333333335	1.365423521913333
2.2689280275926285	0.01889529333333333	1.3659318219933332
2.2706733568446227	0.018345679999999996	1.3665595894066667
2.272418686096617	0.01772801066666667	1.366614633093333
2.274164015348611	0.015572123333333335	1.3641192589466666
2.2759093446006062	0.013947026666666664	1.3589964031233333
2.2776546738525996	0.013966863333333333	1.3522502325933332
2.279400003104594	0.014892949999999999	1.3463708812299997
2.281145332356588	0.015018396666666666	1.3423524854433335
2.2828906616085836	0.01551792333333333	1.3427174524666665
2.284635990860578	0.01646631333333333	1.3483918771766668
2.286381320112572	0.017229386666666666	1.35757288871
2.288126649364566	0.016444273333333332	1.3657106657766667
2.28987197861656	0.01543557333333333	1.3724408143066666
2.291617307868555	0.01480574	1.3780899180633333
2.2933626371205493	0.014406497333333332	1.381209074033333
2.2951079663725436	0.013234916999999999	1.3796559586800001
2.2968532956245378	0.012684449	1.3764547657200001
2.2985986248765315	0.012531593666666667	1.3733631283633332
2.300343954128526	0.012548402333333333	1.3698742098266667
2.3020892833805204	0.012798130333333333	1.3658131462933334
2.3038346126325147	0.013836220666666666	1.3639619959333331
2.305579941884509	0.013687171	1.3638440244766665
2.307325271136503	0.013334580666666665	1.3650366672099996
2.309070600388498	0.01439599733333333	1.3673870511966666
2.3108159296404924	0.015869095	1.3694013795366669
2.3125612588924866	0.014664238	1.3670755231466665
2.314306588144481	0.013245041666666665	1.3624711606799997
2.316051917396475	0.013865423999999998	1.35942863983
2.3177972466484698	0.014717339333333333	1.3578256768066663
2.319542575900464	0.012925051333333333	1.3550528649966664
2.321287905152458	0.011552693	1.3548503026199996
2.3230332344044524	0.012423547	1.3593111871033332
2.324778563656447	0.013626508666666665	1.3643666623966664
2.3265238929084413	0.012916578333333333	1.3655152621566666
2.3282692221604355	0.012728396999999997	1.3661593919333335
2.3300145514124297	0.013468200666666666	1.368343330893333
2.331759880664424	0.013966273666666668	1.3704917779366668
2.333505209916418	0.013634964	1.3714202176099999
2.3352505391684133	0.013816096	1.3732462051966667
2.3369958684204075	0.013232399333333334	1.3745078200966667
2.3387411976724017	0.0123237302	1.3743681495666666
2.340486526924396	0.0122411161	1.3739410272266666
2.34223185617639	0.012753130333333331	1.3741556312966665
2.343977185428385	0.011408473333333332	1.37289068784
2.345722514680379	0.010368792999999998	1.3724000315599998
2.3474678439323733	0.011661719333333334	1.3747031140966666
2.3492131731843675	0.013533794000000002	1.3765781378266664
2.3509585024363617	0.012677667666666666	1.3727786519333334
2.3527038316883564	0.011805251999999999	1.3666694868966665
2.3544491609403506	0.012851699666666664	1.3621549742733334
2.356194490192345	0.013732459666666665	1.3576813685866667
2.357939819444339	0.011957815666666666	1.3508897704099998
2.3596851486963333	0.010667555666666665	1.3465532370866669
2.3614304779483275	0.010970530666666667	1.3464928989733331
2.3631758072003217	0.011231264999999999	1.347575722063333
2.364921136452316	0.010332553999999999	1.34779145805
2.36666646570431	0.010176708999999999	1.3502840381633334
2.3684117949563044	0.009961349333333334	1.3547358885633334
2.3701571242083	0.009621042333333333	1.3598836686499998
2.371902453460294	0.009772215666666665	1.3649365636233333
2.373647782712288	0.010453631666666666	1.3682795742633334
2.375393111964282	0.009478615999999999	1.3656411245799998
2.3771384412162764	0.008585374	1.3591097061333333
2.3788837704682715	0.009438002666666667	1.3532453548266665
2.3806290997202657	0.010883988333333334	1.3491404905866666
2.38237442897226	0.010304198333333334	1.3453661104766668
2.384119758224254	0.010120596666666665	1.3462546062833332
2.3858650874762484	0.011637417333333332	1.3531453656266665
2.3876104167282426	0.012803914	1.3603246001433331
2.389355745980237	0.011290302999999998	1.3618927495366666
2.391101075232231	0.009897685666666666	1.3605283074
2.3928464044842253	0.009456708333333334	1.3577437544933333
2.3945917337362195	0.009010179333333333	1.35212042346
2.3963370629882146	0.008391579666666666	1.3437099094533331
2.398082392240209	0.009187869333333333	1.336067392733333
2.3998277214922035	0.009615755	1.3289141385733334
2.4015730507441977	0.010083615333333334	1.3234357664266665
2.403318379996192	0.011907531999999998	1.322521323643333
2.4050637092481866	0.013834430000000002	1.32644960921
2.406809038500181	0.012584691666666665	1.3311045093333334
2.408554367752175	0.011025582999999999	1.3374238220499999
2.4102996970041692	0.011364936666666665	1.3455823857733336
2.4120450262561635	0.011657917333333333	1.3503965911433333
2.4137903555081577	0.009788110333333332	1.3472833950966667
2.415535684760152	0.009180642666666666	1.3420192154766666
2.417281014012146	0.010792180333333333	1.3397658208566665
2.4190263432641403	0.012747238000000001	1.3399589062800001
2.4207716725161346	0.013414496333333333	1.3410964694666667
2.4225170017681297	0.014415026333333332	1.3461014011433332
2.424262331020124	0.014985881666666668	1.3531920393733332
2.426007660272118	0.014737157666666667	1.3577694777633333
2.4277529895241123	0.014369516333333332	1.3574491800866666
2.4294983187761066	0.014767045000000001	1.3532898501833333
2.4312436480281012	0.013680201	1.3438796107333335
2.4329889772800954	0.013023185333333335	1.3318170466566666
2.4347343065320897	0.015565311666666666	1.3218863578566666
2.436479635784084	0.018887326666666666	1.3150243221466666
2.438224965036078	0.018005201	1.30863952366
2.4399702942880728	0.016952393	1.3080428079366666
2.441715623540067	0.01909222333333333	1.3172315675166666
2.443460952792061	0.020291231	1.3305018146799998
2.4452062820440554	0.017025558666666666	1.34025321516
2.4469516112960497	0.014978060666666668	1.349291635453333
2.448696940548044	0.016449271666666668	1.3583964684466665
2.450442269800038	0.018371513	1.36184882232
2.4521875990520323	0.018962432	1.3568484262433333
2.4539329283040274	0.020888858333333333	1.3503877615866664
2.4556782575560216	0.02323706233333333	1.3463874536233331
2.457423586808016	0.024546208666666666	1.34434952381
2.4591689160600105	0.024677221333333332	1.3442857070633334
2.4609142453120048	0.024508641999999997	1.3483731655
2.462659574563999	0.022227936666666663	1.3533825842666665
2.464404903815993	0.019641372999999997	1.3565710508999997
2.466150233067988	0.019719629	1.3574481689699998
2.467895562319982	0.021299592	1.3546192060266666
2.4696408915719763	0.019802725666666667	1.34453019057
2.4713862208239705	0.019268860333333332	1.3329435824799998
2.4731315500759647	0.02399573333333333	1.3274603847233333
2.47487687932796	0.02858417333333333	1.3263995813333331
2.476622208579954	0.026412840333333333	1.3244697220733332
2.4783675378319483	0.02441761033333333	1.3281440877266666
2.4801128670839416	0.027731850333333335	1.3411251353233333
2.481858196335936	0.030257202333333334	1.3536603728133332
2.4836035255879314	0.027187797666666666	1.3565025871066667
2.4853488548399256	0.025932103333333335	1.3561472155133334
2.48709418409192	0.029565918666666666	1.3566746363399997
2.488839513343914	0.03230402333333333	1.3518887289633332
2.490584842595908	0.030570463333333332	1.3390772968299998
2.492330171847903	0.02935782	1.3279257688700001
2.494075501099897	0.029368549999999997	1.32291737933
2.4958208303518914	0.027974103333333333	1.3213673653166664
2.4975661596038856	0.025715906666666666	1.3229888289466667
2.49931148885588	0.02537368333333333	1.3307827654133333
2.501056818107874	0.02441618	1.340310790486667
2.5028021473598683	0.024411373333333333	1.3483023283633333
2.5045474766118625	0.02934432	1.3548607193266666
2.5062928058638567	0.035575673333333335	1.3562328781666668
2.508038135115851	0.035490143333333335	1.3461993213499999
2.509783464367846	0.03491846	1.3326003562166666
2.5115287936198403	0.03973964333333333	1.3253514213033333
2.5132741228718345	0.04227816666666667	1.3210363320499998
2.5150194521238287	0.035560966666666666	1.3136117450966664
2.516764781375823	0.03000948333333333	1.3124785857033334
2.5185101106278176	0.032451966666666665	1.32255423281
2.520255439879812	0.03481553666666666	1.33181670143
2.522000769131806	0.030805503333333335	1.3306403855999998
2.5237460983838007	0.029524873333333333	1.3293160479533332
2.525491427635795	0.035275253333333326	1.3344649824466668
2.527236756887789	0.03960801666666666	1.3375023284833332
2.5289820861397834	0.03703444333333333	1.3326511986633334
2.5307274153917776	0.03539816	1.3292897810033335
2.532472744643772	0.03718783333333334	1.3305882771466664
2.534218073895766	0.03720713	1.3303862906166666
2.535963403147761	0.03498154666666667	1.3281742841733335
2.5377087323997554	0.035626609999999996	1.33121322527
2.5394540616517496	0.03717222666666667	1.3380779163366665
2.541199390903744	0.03901311333333333	1.3446275551533333
2.542944720155738	0.043585593333333325	1.3494340429599998
2.5446900494077327	0.047891909999999996	1.34933209135
2.546435378659727	0.04546688	1.339159275363333
2.548180707911721	0.041642523333333334	1.3260753086333332
2.5499260371637154	0.041866096666666665	1.3194775702666668
2.5516713664157096	0.040731149999999994	1.3173569516966666
2.5534166956677042	0.03295567666666667	1.3133912390333333
2.5551620249196985	0.027701766666666662	1.3137129747966665
2.5569073541716927	0.031212160000000003	1.3217881396966666
2.558652683423687	0.03567034	1.3272492539066665
2.560398012675681	0.03336958666666666	1.3223990759266666
2.5621433419276762	0.033680746666666664	1.3205693628366666
2.5638886711796696	0.042786019999999994	1.3310680289133332
2.565634000431664	0.04976604333333333	1.3420983171899998
2.567379329683658	0.04598890333333333	1.3422658903466664
2.5691246589356522	0.04307714333333333	1.3413631838566666
2.570869988187648	0.04717319666666667	1.34456248474
2.572615317439642	0.04857363666666667	1.34179838464
2.5743606466916362	0.04323461666666667	1.3302243647166665
2.57610597594363	0.04158629999999999	1.3235557306933332
2.5778513051956247	0.045261279999999994	1.3249497616666668
2.5795966344476193	0.04761125333333333	1.3251223354733332
2.5813419636996136	0.04718845666666666	1.32023421486
2.5830872929516078	0.04757911666666666	1.3156969070466666
2.584832622203602	0.046739126666666665	1.3120312568199999
2.586577951455596	0.04467044333333334	1.3103626981699998
2.5883232807075904	0.04415023999999999	1.3145310335866667
2.5900686099595847	0.044676799999999996	1.3238442109033333
2.591813939211579	0.041897603333333325	1.3303695280099999
2.593559268463574	0.04054015333333333	1.3346708834499998
2.595304597715568	0.04603866666666666	1.3402729123366666
2.5970499269675624	0.05208465333333333	1.3414292262166665
2.598795256219557	0.05008994333333333	1.3319354712866667
2.6005405854715513	0.04937022333333333	1.3244651001499999
2.6022859147235455	0.05732353666666666	1.32859429996
2.6040312439755398	0.06199607666666666	1.3324624362533333
2.6057765732275344	0.054042676666666664	1.32547752996
2.6075219024795286	0.048068086666666655	1.3215217775266663
2.609267231731523	0.05239866	1.3285728642166668
2.611012560983517	0.05441776666666666	1.3326286212133334
2.6127578902355113	0.04712784666666665	1.3249567582233333
2.6145032194875055	0.04417309666666667	1.3193746076733333
2.6162485487394997	0.05040615999999999	1.3211268647366665
2.617993877991494	0.05424825333333333	1.3179080751299999
2.619739207243488	0.050139993333333334	1.3051261397366667
2.6214845364954824	0.04847860999999999	1.2970279731733334
2.6232298657474775	0.05227406999999999	1.2991476577166665
2.6249751949994717	0.05373868666666666	1.3032462017733333
2.626720524251466	0.05029801666666667	1.30558774479
2.62846585350346	0.04925998666666666	1.3127148603366665
2.6302111827554544	0.05082768666666666	1.3230537468166665
2.631956512007449	0.051471696666666664	1.33061338016
2.6337018412594433	0.05189303666666667	1.3344836906666666
2.6354471705114375	0.05361717333333333	1.3359721926633334
2.6371924997634317	0.05266734666666667	1.3309192410766666
2.638937829015426	0.05105857333333333	1.3214400172666665
2.6406831582674206	0.05259757999999999	1.3129523951666666
2.642428487519415	0.05340941666666666	1.3042941636933332
2.644173816771409	0.04795484	1.2919947044366666
2.6459191460234033	0.044353333333333335	1.2856926648066667
2.6476644752753975	0.04879698666666666	1.2918457855133332
2.6494098045273917	0.05278466666666666	1.3000366051466665
2.651155133779386	0.048418083333333334	1.2998158655833332
2.652900463031381	0.04707556666666666	1.3017193801633333
2.6546457922833753	0.05584092666666666	1.3126349046766665
2.6563911215353695	0.061867236666666665	1.31937975204
2.658136450787364	0.05589649666666666	1.3130917093566667
2.6598817800393584	0.052719283333333325	1.3098506180566667
2.6616271092913526	0.05988893666666667	1.3176946028699998
2.663372438543347	0.06304607	1.3216613057866664
2.665117767795341	0.054829550000000005	1.31388738311
2.6668630970473353	0.05083159666666666	1.3106126431433331
2.66860842629933	0.05652769	1.31759637396
2.6703537555513237	0.058938063333333325	1.3208196171466666
2.6720990848033184	0.05271812666666667	1.3140309331666664
2.673844414055312	0.049910576666666664	1.3095920345399998
2.6755897433073077	0.05350476333333333	1.3103596362333332
2.677335072559302	0.05445369666666667	1.3069697085166667
2.679080401811296	0.04987478333333334	1.29740844154
2.6808257310632904	0.048256789999999994	1.2916403013066668
2.6825710603152837	0.050492153333333324	1.2915342625133333
2.6843163895672792	0.051566483333333336	1.2932578236033332
2.6860617188192735	0.05120711333333333	1.2970650966766666
2.6878070480712677	0.053043176666666664	1.3055407312933331
2.689552377323262	0.05442206	1.3141780406166665
2.691297706575256	0.055208673333333326	1.3212620981933334
2.6930430358272504	0.05761579	1.3275077770033334
2.694788365079245	0.059178676666666666	1.3296495832966666
2.696533694331239	0.055277596666666665	1.3234306243933331
2.6982790235832335	0.05201956666666666	1.3165606198066666
2.7000243528352272	0.05379881	1.3148506630433332
2.701769682087222	0.054470693333333334	1.3119447640933333
2.703515011339216	0.04896316333333334	1.3018411217733334
2.7052603405912103	0.04626229999999999	1.2943345063266665
2.7070056698432046	0.05103584	1.29529775454
2.708750999095199	0.05425640333333333	1.2957432643333333
2.710496328347194	0.04928273	1.2894988851033333
2.712241657599188	0.047434950000000004	1.2891373101466668
2.7139869868511823	0.054789843333333324	1.2996675664666668
2.7157323161031766	0.05921237666666666	1.30614529169
2.7174776453551712	0.052930790000000005	1.2995382397133333
2.7192229746071654	0.05063590666666666	1.2956398231066666
2.7209683038591597	0.05892384333333332	1.3027446750799998
2.722713633111154	0.06359546333333332	1.3080397471666665
2.7244589623631486	0.05773122666666666	1.3048483567933333
2.7262042916151423	0.056125003333333326	1.30693073801
2.727949620867137	0.06300561333333334	1.3164564928433333
2.729694950119131	0.06498989999999999	1.3184134378833332
2.7314402793711254	0.05715917333333333	1.3081912698066667
2.7331856086231197	0.05269383666666666	1.30097236902
2.734930937875114	0.05536853333333333	1.3019052260066666
2.736676267127109	0.05533281666666667	1.3014438101433332
2.738421596379103	0.049110799999999996	1.2953157289433332
2.7401669256310974	0.046901603333333326	1.29173701762
2.7419122548830916	0.05052612333333334	1.2915537637033332
2.743657584135086	0.05242441333333332	1.2898831474066665
2.7454029133870805	0.05071057666666666	1.2881186863366667
2.7471482426390748	0.05180605	1.2930184445733333
2.748893571891069	0.05454730666666666	1.3019759270466666
2.750638901143063	0.055079786666666665	1.3097777883133332
2.7523842303950574	0.05367508333333333	1.3141296358466665
2.754129559647052	0.05214292666666666	1.3141324778233332
2.755874888899046	0.04844942333333333	1.30828088654
2.7576202181510405	0.045200760000000006	1.30311646702
2.7593655474030343	0.04507094666666667	1.3037711951766666
2.761110876655029	0.045580626666666665	1.30620228996
2.762856205907024	0.042989669999999994	1.3040309145466664
2.7646015351590183	0.04239568666666666	1.3019681822766664
2.7663468644110116	0.046452919999999995	1.302948418623333
2.768092193663006	0.049184693333333335	1.3010578968833333
2.769837522915	0.04591203666666666	1.2933642404099999
2.7715828521669956	0.044976123333333326	1.290962759503333
2.77332818141899	0.05015156333333333	1.2970510370733335
2.775073510670984	0.052496126666666657	1.2990990312166666
2.7768188399229783	0.04678759	1.2898585865133332
2.7785641691749725	0.04430950333333333	1.282224645163333
2.780309498426967	0.04940631666666666	1.28326838054
2.782054827678961	0.05176135999999999	1.28472389148
2.7838001569309556	0.04647876666666667	1.282867590253333
2.7855454861829494	0.044916910000000004	1.2889318260333331
2.787290815434944	0.050011893333333335	1.3032333093633333
2.7890361446869383	0.05095679	1.3115621564366666
2.7907814739389325	0.04333393333333333	1.3081909405233332
2.7925268031909276	0.03897074666666667	1.3059078076866666
2.794272132442922	0.04174214666666666	1.3094654413033333
2.796017461694916	0.04185799666666666	1.30947446286
2.7977627909469107	0.035289049999999995	1.30181863883
2.799508120198905	0.03349797	1.2972160814366664
2.801253449450899	0.039405166666666665	1.2983202317066667
2.8029987787028934	0.04300613666666667	1.2970320089066665
2.8047441079548876	0.0404977	1.2918179798433331
2.8064894372068823	0.04174956	1.2929913340033334
2.808234766458876	0.04802877999999999	1.3009782337266667
2.8099800957108707	0.05050159666666666	1.3063955001033332
2.8117254249628645	0.04634705	1.3051534978133335
2.813470754214859	0.04401869	1.3035810371233332
2.8152160834668534	0.04497039333333334	1.3027542273766666
2.8169614127188476	0.04357536666666667	1.2997970249866664
2.818706741970842	0.03863863666666666	1.2953648351866667
2.820452071222836	0.03666415333333333	1.2946203568966665
2.8221974004748303	0.03770088666666666	1.29668459178
2.8239427297268254	0.037992976666666664	1.29974471337
2.8256880589788196	0.03713265333333333	1.30409069964
2.827433388230814	0.03812436333333333	1.3104695938733333
2.829178717482808	0.039178356666666664	1.3155286898133332
2.8309240467348022	0.039751586666666665	1.3191305073166666
2.832669375986797	0.04039843333333333	1.3203363611199999
2.834414705238791	0.04060973333333333	1.31527399251
2.8361600344907854	0.03838563666666667	1.3016139278133334
2.8379053637427796	0.03680804333333333	1.28683944353
2.839650692994774	0.03707635666666666	1.2761685845333333
2.841396022246768	0.036778193333333334	1.2681003174
2.8431413514987627	0.033848329999999996	1.26157301274
2.8448866807507565	0.03249274666666666	1.26341302303
2.846632010002751	0.033808473333333325	1.2745410334599998
2.8483773392547453	0.03405220666666667	1.2875655424299999
2.8501226685067405	0.030635173333333328	1.2975235495366666
2.8518679977587347	0.029170249999999998	1.3099568961699999
2.853613327010729	0.031399533333333327	1.3242773499433333
2.855358656262723	0.032024946666666665	1.3306380100166666
2.8571039855147173	0.028172506666666666	1.3241066415866665
2.858849314766712	0.027082106666666668	1.3139484772033332
2.8605946440187062	0.03049695	1.3046436250633333
2.8623399732707004	0.03192887999999999	1.29198118132
2.8640853025226947	0.028568656666666668	1.2765159200866665
2.865830631774689	0.027985486666666663	1.2696910097999998
2.8675759610266836	0.031618266666666665	1.2736437683566666
2.8693212902786778	0.0328605	1.27944380375
2.871066619530672	0.02909962333333333	1.2826023751266666
2.872811948782666	0.028323556666666666	1.2905814713466666
2.87455727803466	0.03220948999999999	1.3036203531533332
2.8763026072866555	0.033835446666666665	1.3127495748966664
2.8780479365386498	0.03059478666666667	1.3139334564733334
2.879793265790644	0.030541396666666665	1.3142896063633334
2.881538595042638	0.034623789999999995	1.3141050665533334
2.8832839242946324	0.035916866666666665	1.3075136171266666
2.885029253546627	0.032321249999999996	1.2952327432933333
2.8867745827986213	0.030657710000000005	1.2873424540366667
2.8885199120506155	0.03120714	1.28629796746
2.8902652413026098	0.029217843333333333	1.28791028923
2.892010570554604	0.023849969999999998	1.2895124655433332
2.893755899806598	0.020990973333333333	1.2932950245933332
2.895501229058593	0.02131551	1.296852556183333
2.8972465583105866	0.021239943333333334	1.2967205789499998
2.8989918875625813	0.019273763333333332	1.2931670133833333
2.900737216814575	0.02018784	1.2920383974499998
2.9024825460665697	0.024334116666666662	1.2944583073933333
2.904227875318564	0.027799913333333332	1.2976133367899998
2.905973204570558	0.02860091666666667	1.29856531604
2.9077185338225524	0.03072555333333333	1.2986813421166665
2.9094638630745466	0.033638636666666666	1.2974003506699998
2.9112091923265417	0.033669450000000004	1.29502204648
2.912954521578536	0.02990806	1.2934182624266666
2.91469985083053	0.026999089999999996	1.295610346903333
2.916445180082525	0.025403203333333332	1.2990214675333331
2.918190509334519	0.02345845666666667	1.30052184998
2.9199358385865133	0.02101649	1.2979108799699999
2.921681167838508	0.02053547	1.2917052039366665
2.9234264970905017	0.020563643333333333	1.2836307269699998
2.9251718263424964	0.020903616666666666	1.2809984031566666
2.92691715559449	0.022241075666666665	1.2876888114033331
2.928662484846485	0.024127400999999996	1.2995385527933332
2.930407814098479	0.024090923333333333	1.3090904598299997
2.9321531433504733	0.024600956666666663	1.3162807547466666
2.9338984726024675	0.025967728666666665	1.3197402301366665
2.9356438018544617	0.025194471333333333	1.3160253628466665
2.937389131106457	0.021392421	1.30730364486
2.939134460358451	0.019551556666666667	1.3035084633066667
2.9408797896104453	0.019884947666666666	1.3049951943266667
2.9426251188624395	0.02012937533333333	1.3037678068799998
2.9443704481144337	0.019581809999999998	1.2955329865766665
2.9461157773664284	0.02038508	1.2859300946833332
2.9478611066184226	0.021689939999999998	1.2787768019533332
2.949606435870417	0.022620296666666668	1.27537227317
2.951351765122411	0.02228931333333333	1.27728464489
2.9530970943744053	0.02302012333333333	1.2881486502466666
2.9548424236264	0.02499410333333333	1.3031128494466666
2.956587752878394	0.02583481	1.3120276292166668
2.9583330821303884	0.02355293	1.3104693382433332
2.960078411382382	0.02221791666666667	1.3065267029166665
2.961823740634377	0.022691516666666665	1.3053811054066666
2.963569069886372	0.022378089999999996	1.30528134934
2.965314399138366	0.020359826666666667	1.3044092834733334
2.9670597283903604	0.020585513333333333	1.3062932684766668
2.9688050576423537	0.022505081	1.3082787205033333
2.970550386894349	0.022757202999999997	1.3042064306366665
2.9722957161463435	0.019741966666666666	1.2944900742533334
2.9740410453983377	0.018177813333333334	1.2897265887366667
2.975786374650332	0.019456509333333333	1.2928526732533332
2.977531703902326	0.019594344333333333	1.2964726883566666
2.9792770331543204	0.016285306666666666	1.29548414407
2.981022362406315	0.015938258666666667	1.2956391437233332
2.982767691658309	0.019139453666666664	1.297511444063333
2.9845130209103035	0.019889353	1.2964261705499998
2.9862583501622977	0.017332465999999998	1.2939235600233332
2.988003679414292	0.017914978999999998	1.29845807299
2.989749008666286	0.02029536	1.3079684950666666
2.9914943379182812	0.020579055	1.31480023558
2.9932396671702755	0.018818900666666666	1.31625652247
2.9949849964222697	0.017644673666666666	1.31615894891
2.996730325674264	0.016237638	1.3142348490533333
2.9984756549262586	0.014681398	1.308591669813333
3.000220984178253	0.012495931666666665	1.29874329449
3.001966313430247	0.011746477	1.28933100979
3.0037116426822412	0.013132417333333334	1.2822715518233334
3.0054569719342354	0.014700842333333332	1.27675769779
3.00720230118623	0.014380333333333332	1.2734653062833332
3.008947630438224	0.016301063666666664	1.2782893799733333
3.0106929596902186	0.020357086999999996	1.2899608148033332
3.0124382889422123	0.02237631333333333	1.3017797294866664
3.014183618194207	0.021410924999999997	1.31053842453
3.015928947446201	0.021479875333333332	1.31969237672
3.0176742766981954	0.021481796666666664	1.32811798607
3.0194196059501897	0.020088830000000002	1.3331896619733332
3.021164935202184	0.017927510333333334	1.3337068852633334
3.022910264454178	0.016855973666666666	1.3305647624233332
3.024655593706173	0.016094788	1.32226440079
3.0264009229581674	0.016206039999999998	1.3105929393433333
3.0281462522101616	0.016797674666666665	1.2992934952166666
3.029891581462156	0.018235310999999997	1.2926465037533332
3.03163691071415	0.019474169666666666	1.29046494392
3.0333822399661448	0.020634080333333332	1.2915857416966665
3.035127569218139	0.020869966999999996	1.292518696843333
3.036872898470133	0.020077886333333333	1.2912455358
3.0386182277221274	0.01748208333333333	1.2881874738566665
3.040363556974122	0.015066433666666667	1.2884400089933332
3.042108886226116	0.013089178	1.2934293504433332
3.0438542154781105	0.011554376666666666	1.3011776014299998
3.0455995447301047	0.010466555666666665	1.3075415998866666
3.047344873982099	0.010924139666666666	1.3104023343333333
3.049090203234093	0.011458445999999999	1.3085436341899999
3.0508355324860883	0.013358261666666666	1.30659412042
3.0525808617380825	0.016964937	1.3088496101266665
3.0543261909900767	0.020377001999999998	1.31562492776
3.056071520242071	0.021667256	1.3223361468933332
3.057816849494065	0.023106409666666668	1.32514060475
3.05956217874606	0.023274050666666664	1.3197119343333332
3.061307507998054	0.02091594833333333	1.3086065063266665
3.0630528372500487	0.01742537	1.2995846237366666
3.0647981665020425	0.014598903666666666	1.2989831907
3.0665434957540367	0.010960585666666665	1.3061853443933333
3.0682888250060314	0.009365599333333332	1.3207405322466665
3.0700341542580256	0.010981631666666667	1.3371441291766666
3.07177948351002	0.012244402333333335	1.3461856355566664
3.073524812762014	0.011039197666666667	1.3458898214699997
3.075270142014008	0.013668490666666666	1.3475910358
3.0770154712660034	0.020653224333333334	1.3543488776133332
3.0787608005179976	0.02454713	1.3560538700966664
3.080506129769992	0.02242984766666667	1.3466586866299999
3.082251459021986	0.02242760633333333	1.3343226483466666
3.0839967882739803	0.024949910333333332	1.3222013577433334
3.085742117525975	0.022604839	1.3084605431333332
3.087487446777969	0.016072654999999998	1.2993994141266665
3.0892327760299634	0.014735545	1.3055957997433334
3.0909781052819576	0.016592488666666665	1.3211951684333334
3.092723434533952	0.016045974999999997	1.3353462997866665
3.094468763785946	0.014875441666666666	1.3479363831966666
3.0962140930379407	0.016037482	1.3656925370799997
3.0979594222899345	0.017082455666666666	1.38770017585
3.099704751541929	0.02004400333333333	1.40747503463
3.101450080793923	0.024451308666666664	1.4130394153733334
3.1031954100459176	0.026377035999999996	1.3967351902433331
3.104940739297912	0.025440138	1.36316326667
3.106686068549906	0.02304270116666667	1.3291578402466666
3.1084313978019003	0.016490195333333332	1.3153574764199998
3.1101767270538954	0.012023250666666666	1.3399081983366667
3.1119220563058896	0.014151629333333332	1.39139636911
3.113667385557884	0.013602584666666667	1.42647492536
3.1154127148098785	0.006358212333333333	1.4145360106066667
3.1171580440618727	0.0049305189	1.37303316787
3.118903373313867	0.009647071333333333	1.3414165143466665
3.120648702565861	0.011648331999999999	1.3568848289466664
3.122394031817856	0.014639945000000001	1.4431738005666666
3.1241393610698496	0.025714673	1.5833159616966666
3.1258846903218442	0.039036097666666665	1.7021164073099997
3.127630019573838	0.046597537333333335	1.7194517302299999
3.1293753488258327	0.04489624766666667	1.6331901890733331
3.131120678077827	0.043961785333333336	1.5517641677233334
3.132866007329821	0.05954493226666666	1.6304177903399997
3.1346113365818153	0.07912864566666666	1.9646627075166667
3.1363566658338096	0.08743463999999998	2.54471810558
3.1381019950858047	0.11877398	3.2570835191766663
3.139847324337799	0.20572325699999996	3.8898181705633332
3.141592653589793	0.3301026333333333	4.2257535116166665