# O(3P)+CO2(000; j=0) -> O(3P)+CO2(000; j') scattering, statistically averaged (3A2+3B2+3B1) potential energy surfaces
# Differential cross sections; packaged by M. Gacesa (marko.gacesa@nasa.gov), Apr 30 2019
# E = 4.74116 eV
# theta(rad)                 elastic DCS                total DCS (both in units of 1E-16 cm^2/Sr)
0.	3.8695746666666665e6	3.938601380672739e6
0.0017453292519943296	2.2517956666666665e6	2.28538286579e6
0.003490658503988659	372691.5666666667	378358.72774066665
0.005235987755982989	122718.97666666665	131080.77114343332
0.006981317007977318	65157.94666666666	71089.1370817
0.008726646259971648	27741.686666666665	35407.8611143
0.010471975511965978	29913.624	33487.35573193333
0.012217304763960305	5573.754999999999	9058.65861881
0.013962634015954637	8168.589	12839.755226076664
0.015707963267948967	3230.5486666666666	5292.6423103766665
0.017453292519943295	1028.9587999999999	3193.6502039533334
0.019198621771937624	788.7704666666666	2851.12053893
0.020943951023931956	579.7184	1878.33097047
0.02268928027592628	431.82876666666664	1717.1368590373334
0.02443460952792061	232.14501	1413.9141786033333
0.02617993877991494	629.5055333333332	1469.6408398166664
0.027925268031909273	301.0193	1138.4410337353333
0.029670597283903602	321.8872666666666	1193.2663965566665
0.031415926535897934	349.70899999999995	952.1807988846667
0.03316125578789226	109.19651666666665	676.0488938866666
0.03490658503988659	228.26323333333335	821.4309160676667
0.03665191429188092	79.00429566666666	517.6148140066666
0.03839724354387525	99.03593333333333	512.3582078609999
0.040142572795869566	115.09858666666665	497.613512539
0.04188790204786391	69.717412	413.34192775099996
0.043633231299858244	118.59292666666666	453.064250901
0.04537856055185256	91.48180666666664	386.188413986
0.047123889803846894	111.56233333333333	404.88777849433336
0.04886921905584122	96.75501333333332	374.58556264966666
0.05061454830783555	79.47208666666666	337.20213743266663
0.05235987755982988	88.72515333333332	332.339988586
0.054105206811824215	44.922239999999995	272.35527540600003
0.05585053606381855	55.19381333333334	277.24231578399997
0.05759586531581287	35.095906666666664	231.28901732366663
0.059341194567807204	31.304692000000003	224.67770645299998
0.061086523819801536	37.57897333333333	229.953299098
0.06283185307179587	23.557807999999998	199.8938341233333
0.0645771823237902	42.947289999999995	217.38116005666666
0.06632251157578452	29.98529666666667	198.24485905566667
0.06806784082777885	33.57017333333333	198.37281008999997
0.06981317007977318	36.282103333333325	191.17654423866662
0.0715584993317675	19.822623333333333	166.52681666766665
0.07330382858376185	26.970656666666663	173.02400573433331
0.07504915783575618	11.778982999999998	146.49030017533332
0.0767944870877505	15.336643333333335	144.531829432
0.07853981633974483	15.35159333333333	140.288521084
0.08028514559173913	9.355019666666667	130.745900542
0.08203047484373349	23.57162	141.916773034
0.08377580409572782	13.8732	125.632717321
0.08552113334772216	20.626153333333335	132.28252102433333
0.08726646259971649	19.656896666666665	127.11080700399998
0.08901179185171079	11.369125333333333	115.75984225366666
0.09075712110370512	15.125708666666668	116.56882447400001
0.09250245035569944	5.649378333333333	99.91211386659998
0.09424777960769379	9.507641	102.46279686796666
0.09599310885968812	5.802281333333333	95.0610571453
0.09773843811168244	4.608530333333333	90.30351664956666
0.09948376736367677	12.085118666666666	95.29169690216665
0.1012290966156711	6.385586999999999	86.71218447333332
0.10297442586766543	13.61278	93.6326070897
0.10471975511965977	11.074029	87.2872414171
0.10646508437165408	10.623613333333333	85.4106375415
0.10821041362364843	11.565663333333333	84.54716983496667
0.10995574287564276	4.921771	74.34966910926667
0.1117010721276371	8.497921666666665	77.1052342283
0.11344640137963143	3.2303602666666666	69.18666933896665
0.11519173063162574	3.6509013333333336	67.60267024386667
0.11693705988362009	6.798489333333333	67.87912405023333
0.11868238913561441	3.3392549999999996	63.34913731653333
0.12042771838760875	8.459572999999999	69.5536422324
0.12217304763960307	5.653488	63.664474646066665
0.12391837689159738	7.357154666666666	64.17659502890001
0.12566370614359174	6.681735333333333	62.755346416166674
0.12740903539558604	3.0646639999999996	57.864828699966665
0.1291543646475804	5.362259	59.276575036333334
0.13089969389957473	1.3701044	52.85995605183332
0.13264502315156904	2.248538	53.506762778866666
0.1343903524035634	2.926329	52.933902303033335
0.1361356816555577	1.8364391666666666	50.52504905793334
0.13788101090755206	4.878078666666666	53.7978637226
0.13962634015954636	2.8470639999999996	50.15856498950001
0.1413716694115407	5.73878	52.41970761866666
0.143116998663535	4.7369406666666665	50.247786184999995
0.14486232791552936	3.340861333333333	47.552534551066664
0.1466076571675237	4.663785999999999	48.12465092433334
0.148352986419518	1.484568033333333	43.297380806666666
0.15009831567151236	2.538753	43.61659458743333
0.15184364492350666	2.2256739999999997	41.95793035513333
0.153588974175501	1.6147706666666668	40.77357189026666
0.15533430342749535	3.947743	43.262802924599995
0.15707963267948966	2.316648	40.34970211066667
0.158824961931484	4.1910826666666665	41.7666429325
0.16057029118347826	3.3232456666666668	40.45513949256667
0.16231562043547265	1.954826	38.987506929533325
0.16406094968746698	2.751341	39.185673674533334
0.16580627893946132	1.389615	36.29820186966666
0.16755160819145565	1.6765145	36.554970880566664
0.16929693744344992	1.356211	35.574189094800005
0.1710422666954443	1.3293984666666665	34.634741876499994
0.17278759594743864	2.5769926666666665	35.80668926316666
0.17453292519943298	1.5074893333333332	34.191392551899995
0.17627825445142725	2.7622756666666666	35.01894693676667
0.17802358370342158	2.3758679999999996	33.47707263633333
0.17976891295541597	2.036414333333333	32.4905987912
0.18151424220741025	2.2565646666666663	32.74802528983333
0.18325957145940458	1.0327407666666666	30.766203192633334
0.18500490071139888	1.4367353333333333	30.498959602266666
0.18675022996339324	1.2472205	29.471361815599998
0.18849555921538758	1.0188173333333332	28.873280840999996
0.1902408884673819	2.2022090333333333	30.133801507399998
0.19198621771937624	1.3535073333333332	28.725370530366668
0.19373154697137057	2.0598681666666665	29.051672733799997
0.19547687622336488	1.874011333333333	28.2642059724
0.19722220547535924	1.1441825666666667	27.222018705366665
0.19896753472735354	1.4055116666666665	27.117547964666663
0.2007128639793479	0.8522059999999999	25.580592963399997
0.2024581932313422	0.9979494	25.60544476413333
0.20420352248333656	1.1703812999999998	25.623416360166665
0.20594885173533087	0.8386144999999999	24.687463396733335
0.20769418098732523	1.7119363333333333	25.151723333866663
0.20943951023931953	1.1609498333333335	24.2234691528
0.2111848394913139	1.3285166333333334	24.635468712833333
0.21293016874330817	1.280368333333333	24.30219331593333
0.21467549799530256	0.8519166666666665	23.22495767303333
0.21642082724729686	0.9543455999999999	23.247201560266667
0.2181661564992912	0.45477437333333326	22.429647001166664
0.21991148575128552	0.6352126333333332	22.401487275366666
0.22165681500327983	0.8834264999999999	22.54080031423333
0.2234021442552742	0.4723197666666666	21.935820197766667
0.22514747350726852	1.4484428333333332	22.748562754566667
0.22689280275926285	1.1142212999999999	21.785422789433333
0.22863813201125716	1.2022671999999999	21.516143670199998
0.2303834612632515	1.2497263333333333	21.3444332628
0.23212879051524585	0.7030299	20.4869450122
0.23387411976724018	1.0826475333333332	20.6129549849
0.23561944901923448	0.6707593	19.558268326066667
0.23736477827122882	0.6448999	19.153754357666664
0.23911010752322315	1.4657863333333332	19.957631329366667
0.2408554367752175	0.8935583	19.356762738766665
0.24260076602721184	1.3378640666666666	19.6571585835
0.24434609527920614	1.1049883	18.780741201633333
0.24609142453120048	0.8053944999999999	18.39490512873333
0.24783675378319475	0.8524853666666666	18.711513455566667
0.24958208303518917	0.26616865999999995	17.87530509273333
0.25132741228718347	0.4645016	17.746815447499998
0.2530727415391778	0.5057936999999999	17.465547153366664
0.2548180707911721	0.27173756	17.283895647066664
0.25656340004316636	0.7597845666666667	17.888204794933333
0.2583087292951608	0.4245351	17.261458778999998
0.26005405854715513	0.7792668999999999	17.593213073366663
0.26179938779914946	0.6345775666666666	17.241314048
0.2635447170511437	0.5184380666666666	16.74456659233333
0.26529004630313807	0.6834935666666666	16.662253937466666
0.26703537555513246	0.20971833333333334	15.899513093833335
0.2687807048071268	0.4897334	16.123111200833332
0.270526034059121	0.6363031333333333	16.060139022833333
0.2722713633111154	0.45121813333333327	15.528626396533335
0.2740166925631097	1.1435880999999999	16.0648370995
0.2757620218151041	0.7895500999999998	15.519474367966666
0.27750735106709834	0.9584313333333334	15.7015667114
0.2792526803190927	0.8556555333333332	15.421129707066665
0.280998009571087	0.36174626666666665	14.600561472199999
0.2827433388230814	0.5835517666666666	14.683314073199998
0.2844886680750758	0.30182996666666667	14.197790916866667
0.28623399732707	0.26421643333333333	14.0960604781
0.28797932657906433	0.6105961	14.285519951833331
0.2897246558310587	0.3260650666666667	13.745488287533334
0.291469985083053	0.6280224999999999	14.009183044933332
0.2932153143350474	0.39138693333333335	13.524532835566667
0.29496064358704166	0.40337680000000004	13.4480229454
0.296705972839036	0.41212526666666666	13.451206001866666
0.2984513020910303	0.11133709333333332	12.832044700266666
0.3001966313430247	0.30948169999999997	12.804417653866665
0.301941960595019	0.23205166666666666	12.651174705333332
0.3036872898470133	0.1932279	12.741820419
0.30543261909900765	0.5531453	13.106673863533333
0.307177948351002	0.41059676666666667	12.5143264268
0.3089232776029963	0.7944325666666666	12.746363054433333
0.3106686068549907	0.5876631666666667	12.715692322199999
0.312413936106985	0.40944986666666666	12.575756593133335
0.3141592653589793	0.5747647333333332	12.409419770666666
0.31590459461097364	0.2764990333333333	11.648536429
0.317649923862968	0.3586047333333333	11.732599677433335
0.3193952531149623	0.5197351	12.0414030787
0.32114058236695653	0.3464277	11.737331345933331
0.32288591161895097	0.6488495666666667	11.739625420333333
0.3246312408709453	0.43528379999999994	11.234707035533333
0.32637657012293964	0.46413926666666666	11.338877024999999
0.32812189937493397	0.415199	11.2750282696
0.32986722862692824	0.13743798999999998	10.6454610056
0.33161255787892263	0.2402298	10.529904180299999
0.3333578871309169	0.21715706666666668	10.504342529033334
0.3351032163829113	0.13973375333333332	10.57072013286
0.3368485456349056	0.31952293	10.667300371533331
0.33859387488689985	0.18413403333333334	10.205793401733333
0.34033920413889424	0.3520189333333333	10.4399623862
0.3420845333908886	0.23759056666666667	10.47478048366
0.3438298626428829	0.1827110333333333	10.266419691943334
0.3455751918948773	0.27603103333333334	10.082406640063333
0.34732052114687156	0.16305470666666666	9.872188797369997
0.34906585039886595	0.19774460333333335	10.106923939263334
0.3508111796508603	0.3229372333333333	10.178451548996666
0.3525565089028545	0.3039711133333333	9.782507611906667
0.3543018381548489	0.5168951666666667	9.914522004366667
0.35604716740684317	0.37088699999999997	9.957259405433334
0.35779249665883756	0.44097109999999995	10.124952329793333
0.35953782591083194	0.46055903333333326	9.83796827231
0.3612831551628262	0.29029893333333334	9.290746051723332
0.3630284844148205	0.33209653333333333	9.412260722373333
0.3647738136668149	0.33951909999999996	9.65130506726
0.36651914291880916	0.2896014666666667	9.60166106786
0.36826447217080355	0.4348091333333333	9.48696203452
0.37000980142279777	0.2843966	9.088467658283333
0.3717551306747922	0.38115979999999994	9.322654882796666
0.3735004599267865	0.2913364666666667	9.373485350496667
0.3752457891787809	0.11467393333333334	9.06069228754
0.37699111843077515	0.16713803666666666	8.915113870803333
0.3787364476827695	0.11359260333333333	8.795208174163331
0.3804817769347638	0.09171264666666665	8.891043172049999
0.38222710618675815	0.24930706333333333	9.009674885823333
0.3839724354387525	0.1412636	8.661616596946667
0.38571776469074687	0.24735256666666663	8.719921327693333
0.38746309394274114	0.18027736666666666	8.67411386674
0.3892084231947355	0.14276562999999998	8.563743819659999
0.39095375244672975	0.21675951333333332	8.433783066883333
0.39269908169872414	0.1624713243333333	8.184067500546666
0.39444441095071847	0.17381012333333334	8.232709349826667
0.3961897402027128	0.27346904333333333	8.329696269643332
0.3979350694547071	0.26881299999999997	8.151562038686667
0.39968039870670136	0.41635539999999993	8.182225894736668
0.4014257279586958	0.30440646666666665	8.000929755323332
0.4031710572106902	0.37465133333333334	8.059667630733333
0.4049163864626844	0.38816396666666664	8.000696912463333
0.4066617157146788	0.2407724333333333	7.713029872223332
0.4084070449666731	0.28862276666666664	7.715337275346666
0.41015237421866746	0.27909723333333336	7.711170111193333
0.41189770347066174	0.23570396666666665	7.693027057296666
0.413643032722656	0.4047438	7.825933190626666
0.41538836197465046	0.24691106666666665	7.555352898679999
0.4171336912266447	0.26886874666666666	7.595885944193332
0.41887902047863906	0.20744147333333332	7.580983162276667
0.42062434973063334	0.04400630333333333	7.419542059236666
0.4223696789826278	0.08702648999999998	7.372371843379999
0.4241150082346221	0.07178228666666667	7.156158480036667
0.42586033748661634	0.043472706666666666	7.09490436946
0.4276056667386108	0.14790636666666668	7.273336777923333
0.4293509959906051	0.07515315	7.158777994486666
0.43109632524259933	0.17524383333333332	7.149567183669999
0.4328416544945937	0.11938665333333333	6.8695481224199995
0.434586983746588	0.12346919	6.737537878476666
0.4363323129985824	0.16518346	6.82333221618
0.43807764225057666	0.08156370399999999	6.7291080786999995
0.43982297150257105	0.14120592333333332	6.691967737533333
0.44156830075456543	0.20528758666666663	6.626107100976666
0.44331363000655966	0.17656765	6.55643860686
0.445058959258554	0.35656876666666665	6.829413444596666
0.4468042885105484	0.2508681666666666	6.7053910875166665
0.44854961776254265	0.2644353	6.617772430483333
0.45029494701453704	0.25594666666666666	6.556895656103333
0.4520402762665313	0.10580147666666667	6.432605066303333
0.4537856055185257	0.18189149999999998	6.5473235827266665
0.45553093477052	0.2173832	6.506573540693333
0.4572762640225143	0.16895616666666669	6.413950504743333
0.45902159327450864	0.29794136666666665	6.607651933136666
0.460766922526503	0.18184779999999995	6.475531359263333
0.46251225177849725	0.22915899999999995	6.438842784413333
0.4642575810304917	0.19516763333333334	6.30933983636
0.46600291028248597	0.04781103666666667	6.174113997789999
0.46774823953448036	0.09850281333333333	6.311343838523333
0.4694935687864746	0.10286389333333332	6.251607939786667
0.47123889803846897	0.07326673333333333	6.096983188296666
0.4729842272904633	0.17006362666666666	6.147334463206667
0.47472955654245763	0.08227445	6.0776792602
0.4764748857944519	0.1263259	6.176038197656666
0.4782202150464463	0.08070113333333333	6.044275766149999
0.4799655442984406	0.03307929	5.877412970823333
0.481710873550435	0.06619480666666666	5.917323769069999
0.48345620280242924	0.04145185666666666	5.907272745389999
0.4852015320544237	0.05123358333333333	5.896775997143333
0.48694686130641796	0.10178847333333332	5.871576487723333
0.4886921905584123	0.08040558666666667	5.78528404971
0.49043751981040656	0.19463283333333337	5.9643789931499995
0.49218284906240095	0.13196597666666665	5.896933682619999
0.4939281783143953	0.14460511666666664	5.79524517357
0.4956735075663895	0.16454836666666667	5.741742876589999
0.4974188368183839	0.08815142	5.652235285043333
0.49916416607037833	0.14223550000000001	5.7099858362300004
0.5009094953223726	0.19501636666666666	5.692194496559999
0.5026548245743669	0.16839676666666664	5.571721681903334
0.5044001538263612	0.2923343666666667	5.7048436162466665
0.5061454830783556	0.20463166666666668	5.60934181598
0.5078908123303499	0.18922536666666667	5.505032560476666
0.5096361415823442	0.1967800333333333	5.411764028863333
0.5113814708343385	0.09817675	5.307949243943332
0.5131268000863327	0.12894646666666665	5.410184968069999
0.5148721293383272	0.18118672333333333	5.432631814319999
0.5166174585903216	0.10821369333333333	5.266249668756666
0.5183627878423158	0.16017137666666664	5.315206868233333
0.5201081170943103	0.09320006333333333	5.313532403553333
0.5218534463463045	0.06352517666666667	5.355822938156667
0.5235987755982989	0.05032547333333333	5.275575701666667
0.5253441048502931	0.016886331333333334	5.10691179558
0.5270894341022874	0.03315306666666666	5.139274649716666
0.5288347633542818	0.05589954	5.2370147462566665
0.5305800926062761	0.030226730666666667	5.209074733436667
0.5323254218582705	0.08546356666666666	5.184846696753333
0.5340707511102649	0.07611509666666666	5.058784846429999
0.5358160803622593	0.13042785	5.116913964003333
0.5375614096142536	0.09912553999999998	5.130787533663334
0.5393067388662478	0.06794377	5.02563084014
0.541052068118242	0.12497118333333332	4.991413605829999
0.5427973973702365	0.13809828999999998	4.98944754509
0.5445427266222308	0.12319197999999999	4.99083049295
0.5462880558742251	0.19943902333333333	5.0384846401033325
0.5480333851262194	0.16039695999999998	4.924535694053333
0.5497787143782138	0.18467873333333332	4.959704930076667
0.5515240436302082	0.14549303333333333	4.970629020166666
0.5532693728822025	0.08217070666666666	4.86672263486
0.5550147021341967	0.1275542	4.816499900646666
0.5567600313861911	0.1422735	4.808578600723333
0.5585053606381855	0.08702929999999999	4.849521976426666
0.5602506898901798	0.13499025	4.95186208043
0.561996019142174	0.08747336666666666	4.81653894269
0.5637413483941685	0.07985217666666666	4.757555003223333
0.5654866776461628	0.053934286666666664	4.764060634063333
0.5672320068981571	0.016369173666666667	4.755610726316666
0.5689773361501516	0.04015489666666666	4.7614763234733335
0.5707226654021459	0.05257767666666666	4.713531259996666
0.57246799465414	0.024307426666666666	4.6755506046566655
0.5742133239061344	0.08402493333333333	4.756531241206666
0.5759586531581287	0.05942819666666666	4.675800760496667
0.5777039824101231	0.07108008333333334	4.639784048386666
0.5794493116621174	0.052745506666666664	4.612420581333334
0.5811946409141118	0.04222301666666667	4.572564220983333
0.582939970166106	0.08445521666666667	4.551332297603333
0.5846852994181004	0.08004864	4.458097718926666
0.5864306286700948	0.06291925666666666	4.41592024212
0.5881759579220891	0.1495105	4.5597054650899995
0.5899212871740833	0.12215000666666666	4.528172804333333
0.5916666164260775	0.13039486	4.439495754723334
0.593411945678072	0.10405012333333333	4.298126558346667
0.5951572749300664	0.07120371999999998	4.244296187033333
0.5969026041820606	0.12688709	4.3806697603933324
0.5986479334340549	0.12885249999999998	4.405007867756666
0.6003932626860494	0.09328799666666666	4.2748944020833335
0.6021385919380438	0.18243973333333333	4.279662975766667
0.603883921190038	0.13550573333333332	4.2615124284466654
0.6056292504420324	0.1019822	4.310894191203333
0.6073745796940266	0.08120206333333332	4.247364467476666
0.609119908946021	0.042817626666666664	4.100118319383333
0.6108652381980153	0.07626628666666666	4.147890823766666
0.6126105674500095	0.09014657	4.2568627071466665
0.614355896702004	0.03419815999999999	4.218486074056667
0.6161012259539983	0.08001919666666667	4.153697699483333
0.6178465552059926	0.05040599333333332	4.0404569261333325
0.6195918844579871	0.029595899999999998	4.131925897706666
0.6213372137099814	0.013969085999999999	4.225983859056667
0.6230825429619757	0.007358221333333333	4.14114823709
0.62482787221397	0.026637026666666664	4.0326647261
0.6265732014659642	0.026994093666666663	4.008859654856666
0.6283185307179586	0.020314745	4.084075456223333
0.630063859969953	0.07638082666666667	4.1794751302
0.6318091892219473	0.05368672	4.050752603796667
0.6335545184739415	0.08658437333333333	3.9933999466566665
0.635299847725936	0.07644856666666666	3.9796953637899994
0.6370451769779303	0.05925398666666666	3.947640557443333
0.6387905062299246	0.10068059999999998	3.9282132916799997
0.6405358354819191	0.08798826666666666	3.8405225376566663
0.6422811647339131	0.09986695333333331	3.8278195357966665
0.6440264939859075	0.2108002	3.955503365636667
0.6457718232379019	0.15254157666666665	3.8511201688966663
0.6475171524898962	0.12779066666666666	3.7390609841533333
0.6492624817418906	0.12051006666666667	3.6827106695600005
0.6510078109938849	0.09394145666666667	3.6800057562666666
0.6527531402458793	0.14799086	3.775667722266667
0.6544984694978735	0.15026109999999998	3.737609310263333
0.6562437987498679	0.09866978	3.6103888151966665
0.6579891280018623	0.17547157333333332	3.69012888506
0.6597344572538565	0.134182	3.712004784683333
0.6614797865058508	0.081347723	3.6940566056566664
0.6632251157578453	0.06941611333333332	3.6124307436033334
0.6649704450098396	0.05294150533333333	3.52748029384
0.6667157742618338	0.08705922333333332	3.6248614484599995
0.668461103513828	0.09944339333333332	3.7150644720299995
0.6702064327658226	0.034130881333333335	3.6158464703466664
0.6719517620178169	0.06810919	3.5683708294366667
0.6736970912698113	0.05657964333333333	3.5442811609366665
0.6754424205218055	0.034695206666666666	3.6107801342499997
0.6771877497737997	0.019280163333333333	3.609350802303333
0.6789330790257941	0.010387083	3.4740854879733334
0.6806784082777885	0.03574688299999999	3.4443857353
0.6824237375297828	0.0537754	3.553007131213333
0.6841690667817772	0.027893181999999996	3.59415516588
0.6859143960337715	0.06657945666666666	3.555792350426666
0.6876597252857658	0.04904655333333333	3.3925507686733334
0.6894050545377601	0.04839299999999999	3.3857206147933328
0.6911503837897546	0.05008866076666666	3.500441869216666
0.6928957130417489	0.03649194633333333	3.496448910336666
0.6946410422937431	0.05715165333333334	3.3972822831833334
0.6963863715457373	0.07777182699999999	3.338284171203333
0.6981317007977319	0.057851811666666655	3.3686844661466666
0.6998770300497262	0.10790614666666666	3.4928389443566665
0.7016223593017206	0.08787608666666666	3.4164898495866667
0.7033676885537148	0.06548885333333333	3.2844706479799997
0.705113017805709	0.07526101666666667	3.2834866730399996
0.7068583470577035	0.07864884333333333	3.358583942013333
0.7086036763096978	0.09773183999999999	3.4066589686766666
0.710349005561692	0.11942891666666666	3.3520216657166664
0.7120943348136863	0.08501035999999998	3.2483397103266665
0.7138396640656808	0.12128150666666666	3.3403296883666664
0.7155849933176751	0.10989695	3.3988781423999996
0.7173303225696694	0.06880348	3.3214834216733333
0.7190756518216639	0.06726445	3.220976217153333
0.7208209810736581	0.08703228666666665	3.2141480370833335
0.7225663103256524	0.10068592666666666	3.3248030547966665
0.7243116395776467	0.10963075666666666	3.388523601236667
0.726056968829641	0.057776226666666666	3.225441948813333
0.7278022980816354	0.074578195	3.1319884484699996
0.7295476273336298	0.08732750166666665	3.18710889667
0.7312929565856241	0.06617749516666666	3.2787118531333332
0.7330382858376183	0.05074907866666667	3.2542207845999997
0.7347836150896128	0.061322133333333334	3.1181902375166666
0.7365289443416071	0.07681425733333333	3.081223245466667
0.7382742735936013	0.09511782333333332	3.2221402297833333
0.7400196028455955	0.04539096666666666	3.23885732868
0.7417649320975901	0.050132273333333324	3.13684883913
0.7435102613495844	0.06758353	3.0369719741066667
0.7452555906015788	0.05649943433333333	3.080979876713333
0.747000919853573	0.045095206666666665	3.2033286489700004
0.7487462491055674	0.04944108666666667	3.174725584666666
0.7504915783575618	0.05433734	3.0218708666066663
0.752236907609556	0.08877233333333331	3.03949682988
0.7539822368615503	0.047949553333333325	3.1324539423399997
0.7557275661135445	0.03136584333333333	3.1682843701200003
0.757472895365539	0.05138945	3.0585472502099997
0.7592182246175333	0.04942362666666667	2.948202992973333
0.7609635538695276	0.042984846666666666	3.0416641675366667
0.7627088831215221	0.058953429133333325	3.198989745143333
0.7644542123735163	0.04835742333333333	3.1338275046666664
0.7661995416255106	0.07388026666666667	3.0040904309366665
0.767944870877505	0.05108217966666667	2.9669859441399997
0.7696902001294994	0.030106952066666668	3.0964638860866662
0.7714355293814937	0.05006841033333333	3.1943599478433335
0.773180858633488	0.05639629599999999	3.0835265116833335
0.7749261878854823	0.049138411666666666	2.96011616597
0.7766715171374765	0.07684407333333332	3.046820151286666
0.778416846389471	0.06063902333333333	3.14998767468
0.7801621756414653	0.06533274666666666	3.14296381418
0.7819075048934595	0.050342012666666665	2.9876073170499997
0.7836528341454538	0.04304983333333333	2.920009357
0.7853981633974483	0.08324552999999998	3.0591325794
0.7871434926494427	0.09855630666666666	3.14636039521
0.7888888219014369	0.06631135666666667	3.02795259216
0.7906341511534312	0.09009197999999999	2.923450476536667
0.7923794804054256	0.09049115333333332	2.9275343475033333
0.7941248096574199	0.09901256666666665	3.06145337842
0.7958701389094142	0.08508047999999999	3.0766058810566665
0.7976154681614087	0.05282463666666666	2.9059019193133335
0.7993607974134027	0.08245962666666666	2.836586152423333
0.8011061266653973	0.12512030666666665	2.959866777623333
0.8028514559173916	0.07938019233333334	3.046563761143333
0.8045967851693858	0.06636341800000001	3.01942723066
0.8063421144213804	0.05911165933333332	2.865497858016666
0.8080874436733746	0.067757664	2.8317982656333336
0.8098327729253688	0.0707447822	2.95566634705
0.8115781021773631	0.037444896666666665	2.9917144039166663
0.8133234314293576	0.033581880999999994	2.8970390771566663
0.815068760681352	0.08243355399999999	2.8449309880533336
0.8168140899333463	0.06557701999999999	2.8767340287799996
0.8185594191853405	0.04843592	2.9806415781899998
0.8203047484373349	0.028051463333333332	2.93276994232
0.8220500776893291	0.039720421666666665	2.7927135963999996
0.8237954069413235	0.06896041	2.780073039206666
0.8255407361933177	0.05171941333333333	2.8749160136266667
0.827286065445312	0.037851773333333325	2.9328125515099996
0.8290313946973066	0.08354336999999998	2.8860446933633335
0.8307767239493009	0.06989477999999999	2.7460978210833327
0.8325220532012951	0.06194610666666667	2.772916511303333
0.8342673824532894	0.04520622333333333	2.87743635557
0.8360127117052839	0.028427653333333334	2.8606459513166667
0.8377580409572781	0.06402353	2.771885400893333
0.8395033702092725	0.0785133	2.71528822566
0.8412486994612667	0.044044811999999996	2.7593853808899995
0.8429940287132611	0.07016394999999999	2.8894916433700004
0.8447393579652556	0.05247231333333333	2.83119438742
0.8464846872172498	0.02936106	2.69171451363
0.8482300164692442	0.036590685	2.678581030386667
0.8499753457212386	0.03264421666666666	2.7582047240566667
0.8517206749732327	0.04909814666666666	2.829606924183333
0.853466004225227	0.07460912333333332	2.7931158244066663
0.8552113334772216	0.031096098999999995	2.656251779433333
0.8569566627292158	0.034607193999999994	2.682052391936667
0.8587019919812102	0.03835703666666666	2.7800099853
0.8604473212332044	0.02164577633333333	2.77987321158
0.8621926504851987	0.03244055366666666	2.70402216787
0.8639379797371932	0.04381939666666666	2.6463001607933334
0.8656833089891874	0.03674737066666667	2.687137715026666
0.8674286382411818	0.053078636666666665	2.789766475073333
0.869173967493176	0.026298528666666668	2.74348952038
0.8709192967451702	0.02242320133333333	2.6485956509066666
0.8726646259971648	0.040301389	2.6376350352266664
0.8744099552491591	0.04149542	2.6989830026200003
0.8761552845011533	0.03238532499999999	2.7254222999433333
0.8779006137531478	0.0371100692	2.6601970520999996
0.8796459430051421	0.039247446666666665	2.5889356549299998
0.8813912722571363	0.056948856666666665	2.6442115799599994
0.8831366015091309	0.04183069666666667	2.692241118423333
0.8848819307611251	0.03801040333333333	2.6588676615599995
0.8866272600131193	0.035485076666666664	2.5616087180666662
0.8883725892651138	0.03424964	2.52645396406
0.890117918517108	0.042815102	2.6064405201399996
0.8918632477691024	0.046432336666666664	2.654759438566667
0.8936085770210968	0.04066456466666667	2.57041911445
0.895353906273091	0.06773803733333333	2.512117856143333
0.8970992355250853	0.04478984726666666	2.50303319945
0.8988445647770799	0.02792537243333333	2.54167005252
0.9005898940290741	0.04572433033333333	2.5503785169866666
0.9023352232810684	0.049013641	2.4771733603333335
0.9040805525330626	0.05930067133333333	2.453236846993333
0.9058258817850569	0.08505911000000001	2.5286266127066668
0.9075712110370514	0.05189061733333333	2.519744668306666
0.9093165402890456	0.05444623999999999	2.4652533595133335
0.91106186954104	0.0648695	2.4154509626566667
0.9128071987930344	0.049890616666666665	2.415622074003333
0.9145525280450286	0.06809781999999999	2.488320727646667
0.9162978572970231	0.08963071333333333	2.5069100288499997
0.9180431865490173	0.06263883333333332	2.4195287255433335
0.9197885158010117	0.07333367999999998	2.4100921315566666
0.921533845053006	0.06479400999999999	2.446211227916667
0.9232791743050003	0.04735572666666666	2.4697570902099995
0.9250245035569945	0.06289626	2.4598984018066665
0.9267698328089891	0.06886284666666667	2.40718604093
0.9285151620609834	0.053387576666666665	2.3898657654666664
0.9302604913129776	0.06637645666666667	2.45508933859
0.9320058205649719	0.05095097333333333	2.46180619111
0.9337511498169662	0.044709946	2.430587453273333
0.9354964790689607	0.05145511333333334	2.4055044196699997
0.9372418083209549	0.047454570666666654	2.40693556247
0.9389871375729492	0.039802263333333324	2.43567092222
0.9407324668249435	0.04893286333333333	2.4459801482366665
0.9424777960769379	0.04847657666666667	2.4078910385
0.9442231253289324	0.05780160366666666	2.41138046056
0.9459684545809266	0.04316500399999999	2.4225335246033333
0.9477137838329208	0.03676262866666666	2.4241014391799998
0.9494591130849153	0.04656638666666666	2.4026630672366664
0.9512044423369096	0.05516259333333333	2.3696835260866664
0.9529497715889038	0.056518281666666656	2.3787541137266666
0.9546951008408984	0.06125495	2.42903140778
0.9564404300928926	0.04498146966666667	2.40714917505
0.9581857593448869	0.05775604133333334	2.35610360412
0.9599310885968813	0.06130036566666667	2.3181974555266667
0.9616764178488755	0.044748058333333326	2.329900797873333
0.96342174710087	0.046614628666666665	2.382650981676666
0.9651670763528643	0.06222732666666667	2.3881748579666664
0.9669124056048585	0.054349307	2.314452688483333
0.9686577348568528	0.05933054333333333	2.2913124725166667
0.9704030641088474	0.04353033299999999	2.3114851381933335
0.9721483933608416	0.03403767133333333	2.3376960946966663
0.9738937226128359	0.04700898299999999	2.3318068513299997
0.9756390518648301	0.05098518366666666	2.292697989243333
0.9773843811168246	0.03731708366666667	2.2820947114366668
0.9791297103688189	0.04265467866666667	2.32878049749
0.9808750396208131	0.032944901666666665	2.32368273015
0.9826203688728073	0.032495109999999994	2.2842774477566667
0.9843656981248019	0.032468635999999995	2.2588664939266665
0.9861110273767961	0.026935092666666664	2.27968598438
0.9878563566287906	0.024686712666666666	2.3227350148433334
0.9896016858807848	0.032181882099999996	2.32199042794
0.991347015132779	0.02762849633333333	2.25938425579
0.9930923443847736	0.038255366666666665	2.2454137108100003
0.9948376736367678	0.03280158999999999	2.2724208301299997
0.9965830028887621	0.021307466666666667	2.30068203009
0.9983283321407567	0.020173648333333336	2.289606015046666
1.0000736613927508	0.03275851	2.243848320943333
1.0018189906447452	0.04130761	2.2221371403766668
1.0035643198967397	0.044887232	2.2603511914866665
1.0053096491487339	0.022080340000000004	2.2706708346599997
1.007054978400728	0.022858153333333332	2.2508728753766665
1.0088003076527223	0.03858406833333333	2.212286717003334
1.0105456369047165	0.04344167	2.1942579193766663
1.0122909661567112	0.034293698666666664	2.224931424476667
1.0140362954087054	0.030506757366666665	2.2566476838266665
1.0157816246606999	0.032654093999999995	2.2279392087033334
1.017526953912694	0.05515451333333333	2.2023429445266665
1.0192722831646883	0.042374860333333327	2.18930072043
1.0210176124166828	0.021902043333333333	2.2124483354866666
1.022762941668677	0.03307459333333333	2.2457863416566664
1.0245082709206712	0.05351248	2.2264305663866666
1.0262536001726654	0.05719846666666667	2.1904500337366666
1.02799892942466	0.05585596999999999	2.215427783613333
1.0297442586766543	0.03182507333333333	2.235309275473333
1.0314895879286488	0.04646176333333333	2.2425557013066664
1.0332349171806432	0.06867096	2.216268791693333
1.0349802464326374	0.05021186333333333	2.1787808016400003
1.0367255756846316	0.04592658	2.21722181368
1.0384709049366259	0.07460584999999999	2.282429748563333
1.0402162341886205	0.07579806333333333	2.248519959273333
1.041961563440615	0.08000792333333334	2.195585055983333
1.043706892692609	0.053927890000000006	2.1659901013733327
1.0454522219446034	0.033713709999999994	2.19094421288
1.0471975511965979	0.08262576333333332	2.261960878223333
1.048942880448592	0.11412478666666666	2.2546858800566665
1.0506882097005863	0.07831078333333333	2.17238377558
1.0524335389525805	0.06901426666666666	2.16681608911
1.0541788682045747	0.05749445	2.1816581240333335
1.0559241974565694	0.06279519666666666	2.18542838627
1.0576695267085636	0.09012250333333334	2.178249254243333
1.059414855960558	0.07341036	2.135902165676667
1.0611601852125523	0.057093723333333325	2.135122679646667
1.0629055144645467	0.08977604666666666	2.1928992987366667
1.064650843716541	0.07153385333333334	2.1638470870699997
1.0663961729685352	0.04428855666666666	2.1037597697366666
1.0681415022205298	0.044907783333333326	2.0837781452699997
1.069886831472524	0.04703929	2.098034043703333
1.0716321607245185	0.06636945666666666	2.1508238325233333
1.0733774899765127	0.0773044	2.1703975332366663
1.0751228192285072	0.03202363666666666	2.095654913873333
1.0768681484805014	0.02022380333333333	2.0595063870066666
1.0786134777324956	0.03572520666666666	2.0828693162899996
1.0803588069844898	0.03750964666666666	2.11676299462
1.082104136236484	0.036791649999999995	2.13516390614
1.0838494654884787	0.03082694	2.1069855275533333
1.085594794740473	0.014043140666666665	2.0649535240666665
1.0873401239924672	0.025102065333333333	2.0924757165999996
1.0890854532444616	0.023838259333333334	2.117874282573333
1.0908307824964558	0.013365323666666665	2.100064481056666
1.0925761117484503	0.014055843999999998	2.06412106163
1.0943214410004445	0.01778426533333333	2.0501958933099997
1.0960667702524387	0.013252061666666665	2.0784589247899996
1.0978120995044334	0.018306082666666668	2.118124371316666
1.0995574287564276	0.014303681	2.09167700324
1.101302758008422	0.012832026666666666	2.04374056746
1.1030480872604165	0.0114829603	2.0307684980133334
1.1047934165124107	0.014676895666666665	2.06092908123
1.106538745764405	0.016265663	2.0818397217999998
1.1082840750163991	0.022226098	2.062410897963333
1.1100294042683934	0.02355690333333333	2.0263411469033334
1.111774733520388	0.024708579999999997	2.0296474759266663
1.1135200627723822	0.02137541	2.0471402993966668
1.1152653920243765	0.030661833333333333	2.05447200787
1.117010721276371	0.03026723666666667	2.0277539901133332
1.1187560505283651	0.026124449999999997	1.9993708196166664
1.1205013797803596	0.03285100666666667	2.0108786609333333
1.1222467090323538	0.04310578333333333	2.042648499163333
1.123992038284348	0.04128034666666666	2.03893307892
1.1257373675363422	0.04750829133333333	2.0225517172966665
1.127482696788337	0.03686584333333333	1.9973963586766665
1.1292280260403311	0.030577896666666663	1.9956768437366668
1.1309733552923256	0.048250956666666664	2.027707728916667
1.13271868454432	0.059173963333333336	2.0397748933866664
1.1344640137963142	0.04931049433333333	2.01149000015
1.1362093430483085	0.05146351133333333	2.0053580844199996
1.1379546723003031	0.04135137	2.0112265068366666
1.139700001552297	0.039534566666666666	2.0288421803066665
1.1414453308042918	0.054554716	2.041014245993333
1.143190660056286	0.05406562666666666	2.0184493122666662
1.14493598930828	0.04017691166666666	1.9969595206433333
1.1466813185602747	0.04433994121666666	2.0218013426733332
1.1484266478122689	0.038178036	2.0319945028866666
1.150171977064263	0.03758142266666667	2.0237468729066665
1.1519173063162573	0.04134330683333333	2.0117876142799997
1.1536626355682515	0.03299541933333333	2.002021715313333
1.1554079648202462	0.026810981666666667	2.008788306553333
1.1571532940722404	0.03642027766666667	2.01923104214
1.1588986233242349	0.030056371666666665	1.9935885842433332
1.160643952576229	0.02528648333333333	1.9809743256933334
1.1623892818282235	0.021717522666666662	1.985440510313333
1.1641346110802178	0.020562995666666667	1.9831111261766665
1.165879940332212	0.027887446666666666	1.9780485888799997
1.1676252695842066	0.03234989	1.97310741664
1.1693705988362009	0.019592156666666666	1.95987322617
1.171115928088195	0.022244519999999997	1.9622332771899997
1.1728612573401895	0.02546253	1.9458922100033331
1.1746065865921838	0.02654579	1.9251263212099998
1.1763519158441782	0.030325739999999997	1.9372203958766667
1.1780972450961724	0.02882307666666667	1.9524828309499997
1.1798425743481666	0.02829986333333333	1.9372900359366665
1.1815879036001609	0.045199600000000006	1.9210558219199998
1.183333232852155	0.03628116333333333	1.8999422389633334
1.18507856210415	0.022831085333333334	1.9091143630133331
1.186823891356144	0.032178283333333335	1.93958213993
1.1885692206081382	0.04315524999999999	1.9285713112866667
1.1903145498601329	0.04939415333333333	1.89606864578
1.192059879112127	0.05500366666666666	1.90335669762
1.1938052083641213	0.03160291633333333	1.9107223622033334
1.1955505376161155	0.029729048999999997	1.91443695983
1.1972958668681097	0.054230476666666666	1.9078290363166666
1.1990411961201044	0.05580790333333333	1.8857445315066665
1.2007865253720988	0.04787667333333333	1.8970394150966663
1.2025318546240933	0.05385059523333333	1.9351444742466666
1.2042771838760875	0.043770523333333325	1.9154540258266666
1.2060225131280817	0.04736006666666666	1.8803547816266666
1.207767842380076	0.05523556333333333	1.87537211756
1.2095131716320702	0.04586007733333333	1.8890565586966663
1.2112585008840648	0.05243558333333334	1.9137138234733335
1.213003830136059	0.07188303666666665	1.917865926403333
1.2147491593880533	0.05285644666666667	1.874689959973333
1.2164944886400477	0.038062686666666665	1.8657282900966667
1.218239817892042	0.04694609533333333	1.8941517218200001
1.2199851471440364	0.05709575333333333	1.9004525380833333
1.2217304763960306	0.06650911666666666	1.8875526714666666
1.2234758056480248	0.06329177	1.8717787194566666
1.225221134900019	0.02935247	1.8483631810333332
1.2269664641520137	0.028306909999999998	1.8680519338566666
1.228711793404008	0.05767616666666667	1.9006207490933331
1.2304571226560024	0.06067880333333332	1.8893361823066668
1.2322024519079966	0.04452853333333333	1.8593200702500001
1.233947781159991	0.03627850466666666	1.8437955129266665
1.2356931104119853	0.02522348	1.8407024428233332
1.23743843966398	0.039252746666666664	1.8776206834433333
1.2391837689159741	0.050346666666666665	1.8968621959433334
1.240929098167968	0.02942877333333333	1.85506565798
1.2426744274199628	0.020542364666666663	1.8198287335433332
1.244419756671957	0.03665101	1.8384010548366665
1.2461650859239515	0.032725699999999996	1.8682156006033335
1.2479104151759457	0.027405426666666666	1.8820962101633332
1.24965574442794	0.02202446	1.8504852363266666
1.2514010736799341	0.014551137966666666	1.81310501418
1.2531464029319284	0.02137053	1.8312305084766667
1.254891732183923	0.030085106666666667	1.8720876362266665
1.2566370614359172	0.015646609333333332	1.8616337953266664
1.2583823906879115	0.008695576333333333	1.8206673898233334
1.260127719939906	0.015101805	1.7996029129566664
1.2618730491919004	0.021183590000000002	1.8243479928033333
1.2636183784438946	0.017472835	1.8523607227266665
1.2653637076958888	0.016150103333333332	1.8425119652333333
1.267109036947883	0.014514091666666668	1.8030778395466664
1.2688543661998777	0.014414602666666665	1.7814324523766667
1.270599695451872	0.01981297	1.7939670856699999
1.2723450247038663	0.026779530266666664	1.8138394107166667
1.2740903539558606	0.019743383666666666	1.7960880289199999
1.2758356832078548	0.020969791	1.7696272604366667
1.2775810124598492	0.023360437666666668	1.7619671142833333
1.2793263417118435	0.018996391666666664	1.7665264693933334
1.2810716709638381	0.02853314833333333	1.7762296311133332
1.282817000215832	0.04278394433333333	1.775595356063333
1.2845623294678261	0.028717911	1.74051505796
1.286307658719821	0.02057446233333333	1.71797312135
1.288052987971815	0.026762949999999997	1.7248013572933332
1.2897983172238097	0.03338819333333333	1.7376994974533333
1.2915436464758039	0.04563346433333333	1.7519446803533332
1.293288975727798	0.04894885266666666	1.7517879497566666
1.2950343049797923	0.024567273666666667	1.7124066759399998
1.296779634231787	0.022515812666666666	1.6908903042033334
1.2985249634837812	0.043006049	1.7070845251533333
1.3002702927357757	0.04596796066666667	1.724728887643333
1.3020156219877699	0.039736427666666664	1.7330439041699999
1.3037609512397643	0.039121427	1.72586115485
1.3055062804917585	0.028151526	1.6950831714266665
1.3072516097437528	0.03416249733333333	1.7005603232366664
1.308996938995747	0.04461488466666667	1.7325790547666666
1.3107422682477412	0.03118992333333333	1.7297866476766668
1.3124875974997359	0.026415415999999997	1.7059538140666666
1.31423292675173	0.04094178166666666	1.6970364304433332
1.3159782560037245	0.03305880033333333	1.7041440820166667
1.3177235852557188	0.023592202666666666	1.7428533658899998
1.319468914507713	0.020468790333333334	1.7563383075233334
1.3212142437597074	0.01712325333333333	1.7122426761966665
1.3229595730117016	0.02843301405	1.6834691802333333
1.3247049022636959	0.03523880756666666	1.7058822148033332
1.3264502315156905	0.015035232999999999	1.7384622551833333
1.3281955607676847	0.009069117333333333	1.7580410995266664
1.3299408900196792	0.015639339366666664	1.72763268522
1.3316862192716734	0.020602360766666664	1.6840875677499998
1.3334315485236676	0.026027782	1.7009139048933335
1.3351768777756619	0.020623467	1.7462131930933333
1.336922207027656	0.013586309	1.7545297414499998
1.338667536279651	0.027035546666666663	1.7308770438666665
1.3404128655316452	0.027190590666666667	1.6858152417699999
1.3421581947836396	0.019625614	1.6768804132766668
1.3439035240356338	0.02798229	1.7279528058399998
1.345648853287628	0.036103206666666665	1.7575070307566665
1.3473941825396225	0.040184323333333334	1.7247024811666665
1.3491395117916167	0.04738373	1.6854791663566666
1.350884841043611	0.03356384	1.6686183815366666
1.3526301702956052	0.03189124333333333	1.7024561913366665
1.3543754995475994	0.06085457666666667	1.75699309591
1.356120828799594	0.07098104333333333	1.7380879782099998
1.3578661580515883	0.058015239999999996	1.6650104697366666
1.3596114873035827	0.05827959333333333	1.6489828596233331
1.361356816555577	0.05316772999999998	1.6897412603333333
1.3631021458075712	0.05912394666666666	1.7398039361
1.3648474750595656	0.08366187	1.74613842796
1.3665928043115598	0.07916308	1.6802348879066664
1.3683381335635545	0.060977659999999996	1.6372030532933333
1.3700834628155487	0.07304724666666666	1.6978950987166668
1.371828792067543	0.07387984666666667	1.7548922808866667
1.3735741213195374	0.0668848	1.7323160703799998
1.3753194505715316	0.07809827999999999	1.6761960281733332
1.377064779823526	0.07725380666666666	1.6487040736033332
1.3788101090755203	0.06888892666666666	1.6931240260699998
1.3805554383275145	0.07720615333333333	1.7644509387233331
1.3823007675795091	0.06532894	1.7424122261766666
1.384046096831503	0.051601060000000004	1.66446172161
1.3857914260834978	0.06845315999999999	1.6502412615533333
1.387536755335492	0.07823972000000001	1.6964904377733332
1.3892820845874863	0.06522883666666665	1.735257131266667
1.3910274138394805	0.05843501666666667	1.7292903498033332
1.3927727430914747	0.04889816	1.6716050990266667
1.3945180723434691	0.04784550233333333	1.6407232029633332
1.3962634015954638	0.06493709666666667	1.6829046402333332
1.398008730847458	0.06402618999999998	1.7246778608833333
1.3997540600994525	0.041658063333333335	1.71122118155
1.4014993893514467	0.03932276	1.6735799874999997
1.4032447186034411	0.04444831666666666	1.6389012246966665
1.4049900478554354	0.04420700466666667	1.64932500307
1.4067353771074296	0.04631462333333333	1.7064780560433332
1.4084807063594238	0.03827185	1.7304239756566666
1.410226035611418	0.02462809666666666	1.6902745758233335
1.4119713648634127	0.03130852666666667	1.6515088841466667
1.413716694115407	0.034332449999999994	1.65297645317
1.4154620233674011	0.024414029666666663	1.6973803146133335
1.4172073526193956	0.020460466666666663	1.738722150083333
1.4189526818713898	0.018996450666666668	1.7141681737899996
1.420698011123384	0.015753516	1.65801469879
1.4224433403753782	0.019998565333333333	1.6587023957333333
1.4241886696273727	0.016146336666666667	1.7018863256266665
1.4259339988793673	0.008290156	1.7248286304266665
1.4276793281313616	0.010893395666666666	1.7021652867333332
1.429424657383356	0.015000756666666665	1.6585265775666667
1.4311699866353502	0.011445232333333333	1.6464087148533333
1.4329153158873444	0.010289775666666667	1.67995190071
1.4346606451393389	0.007672259666666667	1.6966721313466666
1.436405974391333	0.0056349767	1.6692654020766664
1.4381513036433278	0.010913139333333332	1.6383504884333333
1.439896632895322	0.01524949	1.63362057868
1.4416419621473162	0.008730621333333332	1.6431260178399998
1.4433872913993107	0.005621282333333332	1.65083932509
1.4451326206513049	0.0071179773333333324	1.6386703986699998
1.446877949903299	0.008118657333333333	1.6159942572466666
1.4486232791552933	0.011948282666666666	1.6079050406466666
1.4503686084072875	0.014648033333333333	1.6141904639833333
1.452113937659282	0.008292953333333334	1.6190820731366664
1.4538592669112762	0.006442188333333332	1.6239002972133332
1.4556045961632709	0.011408555	1.6199167034433333
1.457349925415265	0.016182118333333332	1.603727322853333
1.4590952546672595	0.017142407	1.5893286804466666
1.460840583919254	0.014760646666666665	1.5926786801700001
1.4625859131712482	0.012139286666666667	1.611100386203333
1.4643312424232424	0.016350879999999998	1.6250331611633335
1.4660765716752366	0.023375126666666666	1.61449168025
1.4678219009272309	0.027187477666666668	1.5924513968933334
1.4695672301792255	0.021880213333333332	1.5817562767899997
1.4713125594312197	0.017678086666666665	1.5936564593166667
1.4730578886832142	0.024561235333333334	1.6119570535799999
1.4748032179352084	0.033196954333333334	1.60728559481
1.4765485471872026	0.03329576333333333	1.5823174331633334
1.478293876439197	0.03005959466666667	1.5720457312199998
1.480039205691191	0.024793913333333334	1.5797821220866668
1.481784534943186	0.027829723333333334	1.5899272569799998
1.4835298641951802	0.040965542333333334	1.5891272914633332
1.4852751934471744	0.044684721	1.5663208341733332
1.4870205226991688	0.03407044766666666	1.5374834168566667
1.488765851951163	0.029363886666666665	1.5379789861133333
1.4905111812031575	0.03270884133333333	1.5586176405199998
1.4922565104551517	0.03916038833333333	1.5713568623
1.494001839707146	0.04602239553333333	1.5658198707999997
1.4957471689591406	0.041827918766666666	1.5371757006299998
1.4974924982111348	0.028832605666666667	1.5051331363366665
1.4992378274631293	0.03146734233333333	1.5129171311766667
1.5009831567151235	0.04099558321333333	1.5432750760999998
1.5027284859671177	0.03867241876666666	1.5484103040766666
1.504473815219112	0.03499726	1.5286819761533332
1.5062191444711062	0.03182498633333333	1.5058826432866665
1.5079644737231006	0.023979050666666668	1.4997931019566666
1.5097098029750948	0.02850075	1.5248995215533334
1.511455132227089	0.034014472	1.536901749813333
1.5132004614790837	0.025138049333333332	1.50414277472
1.514945790731078	0.02258039233333333	1.47710324908
1.5166911199830724	0.025627116666666665	1.4880980689999999
1.5184364492350666	0.018091735733333333	1.5094881782133331
1.520181778487061	0.01735010433333333	1.5190771297399999
1.5219271077390553	0.021035763000000002	1.497527196903333
1.5236724369910495	0.016058778	1.4617978145366666
1.5254177662430441	0.017633203	1.4648462868566665
1.5271630954950384	0.021223736666666663	1.4922595384733333
1.5289084247470326	0.011329392333333334	1.4901007582766668
1.530653753999027	0.009301244666666666	1.4704519070300002
1.5323990832510213	0.017010073666666667	1.4577434848433333
1.5341444125030157	0.015785133	1.4561332437966668
1.53588974175501	0.015834371	1.4746682566199998
1.537635071007004	0.01782429333333333	1.4864750506099997
1.5393804002589988	0.008843387666666666	1.4622687995499999
1.541125729510993	0.008857685666666667	1.4389479605933335
1.5428710587629875	0.019322746666666668	1.4369692690499998
1.5446163880149817	0.01799552	1.44006806977
1.546361717266976	0.016451466666666668	1.4571182904066666
1.5481070465189704	0.019511023333333332	1.4705972951466664
1.5498523757709646	0.011967308333333333	1.4462290258233335
1.5515977050229588	0.011701539999999998	1.4207306840199998
1.553343034274953	0.021732679999999997	1.4241254188133334
1.5550883635269477	0.02033434	1.4331650723
1.556833692778942	0.02020226333333333	1.44135186856
1.5585790220309363	0.024741889999999996	1.4342184784633334
1.5603243512829306	0.01586589	1.3999827404299998
1.5620696805349248	0.01458601	1.3936759687699998
1.563815009786919	0.027663296666666663	1.4295164226833332
1.5655603390389135	0.027804343333333332	1.4426395983733333
1.5673056682909077	0.02519798	1.4239482114766666
1.5690509975429023	0.02884748333333333	1.4043917840333333
1.5707963267948966	0.020836109999999998	1.3878676091133333
1.5725416560468908	0.021256073333333333	1.3970938548366665
1.5742869852988854	0.038653356666666666	1.42685923855
1.5760323145508797	0.03753745	1.424484682583333
1.5777776438028739	0.027861943666666666	1.4038233845299999
1.579522973054868	0.03263732933333333	1.4013748659266665
1.5812683023068623	0.031130493999999998	1.3944073078666666
1.583013631558857	0.032117606666666666	1.3908069057266665
1.5847589608108512	0.04883858666666666	1.4109199459333333
1.5865042900628454	0.046712407	1.4116464179366663
1.5882496193148399	0.032501128	1.3850472946399999
1.589994948566834	0.03803479	1.3690002096066665
1.5917402778188283	0.041325879999999995	1.36200684434
1.5934856070708228	0.03747693333333333	1.3703580907766666
1.5952309363228174	0.04747782666666667	1.398759344563333
1.5969762655748112	0.048337903333333335	1.39283568824
1.5987215948268054	0.03636088666666666	1.3491746142399998
1.6004669240788003	0.04037804333333333	1.3334777002433333
1.6022122533307945	0.04507883333333333	1.34948491876
1.603957582582789	0.03833731333333333	1.3640504140366665
1.6057029118347832	0.04429439999999999	1.3726980898066667
1.6074482410867772	0.04945932	1.3580219057399998
1.6091935703387716	0.038432509999999996	1.3297242183933333
1.6109388995907659	0.03738971	1.3354049116266664
1.6126842288427607	0.04452644	1.3597215496366666
1.614429558094755	0.042520503333333334	1.3601301709233333
1.6161748873467492	0.04852379666666666	1.3529950090933334
1.6179202165987434	0.05383349999999999	1.3460644600533334
1.6196655458507376	0.04044264	1.3342838158199997
1.621410875102732	0.036409483333333326	1.3445835424833332
1.6231562043547263	0.04963818666666667	1.36674225791
1.624901533606721	0.052462183333333336	1.3575095295466666
1.6266468628587152	0.05080646	1.33208886237
1.6283921921107094	0.05046681333333333	1.31948240054
1.630137521362704	0.040544079999999996	1.3224742380933334
1.6318828506146983	0.03745581333333333	1.3462953785299998
1.6336281798666925	0.050299289999999997	1.3668131898400002
1.6353735091186867	0.05166221333333333	1.3422326557099997
1.637118838370681	0.040553016666666664	1.3036565892133334
1.6388641676226756	0.037032543333333334	1.3051697542833332
1.6406094968746698	0.03751412	1.333990028374
1.642354826126664	0.03726603	1.3505197823743331
1.6441001553786583	0.04270115333333333	1.3413038804533333
1.6458454846306525	0.04075447333333333	1.3131901144066664
1.647590813882647	0.02924065	1.30352903095
1.6493361431346412	0.027745569999999997	1.3321600552873334
1.6510814723866354	0.034980906666666665	1.3565542990029997
1.6528268016386303	0.03474779	1.3424375047983335
1.654572130890624	0.031821141	1.319140569746
1.6563174601426187	0.028676479999999997	1.315318266322333
1.6580627893946132	0.024229453	1.3316073277469997
1.6598081186466074	0.02549143966666667	1.3520793107313331
1.6615534478986018	0.03134744666666666	1.3497648824213333
1.663298777150596	0.029441894333333333	1.319320909901
1.6650441064025903	0.023727434	1.298117577625
1.6667894356545845	0.022286091	1.3082218581043334
1.6685347649065787	0.023785513999999997	1.3332008460506666
1.6702800941585736	0.024065035266666666	1.3454820658439997
1.6720254234105678	0.024183433999999997	1.3302312992666665
1.673770752662562	0.021688351999999998	1.297475793178
1.6755160819145563	0.019523387000000003	1.2862441841726666
1.6772614111665505	0.020862136666666663	1.3096142187576667
1.679006740418545	0.022740728	1.3328759622906665
1.6807520696705391	0.020601857666666664	1.322598459128
1.6824973989225334	0.018154751666666667	1.2912981672173334
1.684242728174528	0.016722391	1.2752587336726666
1.6859880574265222	0.018445929666666666	1.2972349481149998
1.6877333866785167	0.020950797999999996	1.3303060676679999
1.6894787159305111	0.021002919	1.3300808737536667
1.6912240451825054	0.018284364333333334	1.2963306274699997
1.6929693744344996	0.016701647666666666	1.2732673814226665
1.6947147036864938	0.01681399533333333	1.2848005950276664
1.6964600329384885	0.020567113666666664	1.3147252326349999
1.6982053621904827	0.02246657133333333	1.3262545546343332
1.6999506914424771	0.02019099	1.307094504762
1.7016960206944713	0.018088983333333333	1.2808537845149999
1.7034413499464653	0.020033472	1.2772498444636664
1.7051866791984598	0.021487603666666667	1.2936027711009999
1.706932008450454	0.022935070000000002	1.3098876964133332
1.708677337702449	0.023043846666666666	1.3082052083966667
1.7104226669544431	0.02102615866666667	1.2905890724053333
1.7121679962064373	0.019837376666666667	1.2765755673386667
1.7139133254584316	0.02414018833333333	1.284944064192
1.7156586547104258	0.02637272766666667	1.3027734630473333
1.7174039839624204	0.02498609666666667	1.3068962846746666
1.7191493132144147	0.02387893	1.2901070988046666
1.7208946424664089	0.024214847666666667	1.2707613188643332
1.722639971718403	0.02502857333333333	1.271158465775
1.7243853009703973	0.02946283	1.292167954136
1.726130630222392	0.03046536	1.3039579913343333
1.7278759594743864	0.027080196666666667	1.2938462537196664
1.7296212887263807	0.02387305666666667	1.2766708277813332
1.7313666179783749	0.024543891	1.2723400946726664
1.733111947230369	0.02800101	1.2838879326656665
1.7348572764823635	0.032388056666666665	1.299476444132
1.7366026057343578	0.030586099999999998	1.300928685366333
1.738347934986352	0.026413723333333333	1.2943918167083333
1.7400932642383462	0.023903509999999996	1.2914227274713332
1.7418385934903404	0.024947563333333332	1.2925641930310001
1.7435839227423353	0.028768059999999998	1.2947964905753333
1.7453292519943295	0.03285684666666667	1.3000633116786666
1.7470745812463238	0.02916097333333333	1.2999743852716665
1.7488199104983182	0.02464157	1.2979412201193332
1.7505652397503124	0.026247716666666664	1.3017276163196665
1.7523105690023066	0.029575529999999996	1.3052620929066665
1.7540558982543013	0.029281989999999997	1.3000613768359999
1.7558012275062955	0.030649786666666668	1.2971089268629998
1.75754655675829	0.02705123333333333	1.2942703434136664
1.7592918860102842	0.022048166666666664	1.2900930726079998
1.7610372152622784	0.02781574333333333	1.2931604215843333
1.7627825445142726	0.03597111	1.2977229057353332
1.7645278737662669	0.030876016666666665	1.2906559524496666
1.7662732030182617	0.02697911	1.2891904095726665
1.768018532270256	0.027191216666666664	1.2941138184403334
1.7697638615222502	0.025491804999999996	1.2903251183656668
1.7715091907742444	0.029280026666666667	1.2838864888306667
1.7732545200262386	0.036945266666666664	1.283626470717333
1.7749998492782333	0.029993933333333334	1.2766165282426667
1.7767451785302275	0.022235603333333333	1.2737443834216666
1.7784905077822217	0.027563673333333333	1.2826810453183333
1.780235837034216	0.03295663833333333	1.2852030299183332
1.7819811662862102	0.031190759	1.277139138576333
1.7837264955382048	0.033086866666666666	1.2777156767979998
1.785471824790199	0.028793259999999994	1.277346222741333
1.7872171540421935	0.021747391999999997	1.273141492528
1.7889624832941877	0.028571660333333332	1.2761883990416667
1.790707812546182	0.0379271	1.2754347211396664
1.7924531417981764	0.03141169333333333	1.2628856546646667
1.7941984710501706	0.027618916666666663	1.2674117191703334
1.7959438003021653	0.027812146666666666	1.2806283469933333
1.7976891295541597	0.023927807333333332	1.2758748512886666
1.7994344588061533	0.02796663333333333	1.264878117549
1.8011797880581482	0.03797269666666667	1.2628190306166667
1.8029251173101424	0.03148781666666666	1.259235909076
1.8046704465621368	0.024440996666666666	1.266355295506
1.806415775814131	0.027800746666666667	1.2786151483900001
1.8081611050661253	0.027443079999999998	1.27139121731
1.8099064343181195	0.02626587333333333	1.2586283205466666
1.8116517635701137	0.03491721333333333	1.2672809844633335
1.8133970928221086	0.03190585333333333	1.27428174992
1.8151424220741028	0.02253413	1.2742294322286665
1.816887751326097	0.027359336666666664	1.2805138022633331
1.8186330805780913	0.03325201	1.2777521585099998
1.8203784098300855	0.028108153333333333	1.26099994891
1.82212373908208	0.03163447333333333	1.26418822577
1.8238690683340746	0.032124459999999994	1.2773030716633333
1.8256143975860688	0.022178740000000002	1.2776700640799998
1.827359726838063	0.024362296666666665	1.2737492518866667
1.8291050560900572	0.03506686666666667	1.26632489368
1.830850385342052	0.02918937	1.2513899522366665
1.8325957145940461	0.02550130366666667	1.2628977435366666
1.8343410438460404	0.02966458333333333	1.2899647617999999
1.8360863730980346	0.026164319999999998	1.2864621382799997
1.8378317023500288	0.025176493666666667	1.2621185218266664
1.8395770316020235	0.035947158666666666	1.2569700501166667
1.8413223608540177	0.031601794333333336	1.2635473919033333
1.843067690106012	0.02091810933333333	1.2785196323099997
1.8448130193580063	0.026072578	1.2963936335766664
1.8465583486100006	0.033113513	1.290855178453333
1.8483036778619948	0.030373723666666665	1.267065352423333
1.850049007113989	0.034655686666666664	1.2656117692066666
1.8517943363659835	0.032585986666666664	1.2763803081199998
1.8535396656179781	0.020479794666666665	1.28497389361
1.8552849948699723	0.021754657666666666	1.3011717653466666
1.8570303241219668	0.03355996	1.3093413903733335
1.858775653373961	0.03064595333333333	1.2881946766499999
1.8605209826259552	0.027111903333333333	1.2755924435366666
1.8622663118779497	0.028595343333333332	1.2878300437566665
1.8640116411299439	0.024465389999999997	1.29798943641
1.865756970381938	0.022553209999999997	1.2947219180599998
1.8675022996339323	0.03146425	1.2876466983133332
1.8692476288859265	0.028578956666666662	1.275450708003333
1.8709929581379214	0.0193324	1.28117072213
1.8727382873899157	0.02116536333333333	1.3050128984633331
1.8744836166419099	0.02551964	1.3062734797566666
1.876228945893904	0.022545166666666665	1.2770201160799999
1.8779742751458983	0.025644676666666665	1.2617663226133333
1.8797196043978928	0.024407763333333332	1.2651398815933332
1.881464933649887	0.016507286666666666	1.2753113427066665
1.8832102629018816	0.018508409999999996	1.2924694874466667
1.8849555921538759	0.02829586333333333	1.3037966648133335
1.88670092140587	0.025630506666666664	1.292233448433333
1.8884462506578648	0.021323456666666664	1.2819706783133333
1.890191579909859	0.0199551	1.28244873057
1.8919369091618532	0.01679781	1.2848364350833335
1.8936822384138474	0.017202	1.2902150278233333
1.8954275676658416	0.025920366666666667	1.2972861774799997
1.8971728969178363	0.024309326666666665	1.2857593579066666
1.8989182261698305	0.016788904666666663	1.27383910992
1.900663555421825	0.015799848	1.2823861048633332
1.9024088846738192	0.018288946666666667	1.29401061089
1.9041542139258134	0.017723574333333332	1.2873973623866668
1.9058995431778076	0.021920104333333332	1.2765340724399998
1.9076448724298019	0.020552686666666663	1.2643374217399999
1.9093902016817967	0.013950897666666665	1.25703877317
1.911135530933791	0.014034569	1.2622263739666666
1.9128808601857852	0.0207945	1.2693914096666665
1.9146261894377794	0.020671263333333332	1.2632259910499999
1.9163715186897738	0.020196195333333333	1.2634649935966664
1.9181168479417683	0.018941594333333332	1.2721296363799999
1.9198621771937625	0.016037886999999997	1.2719289935966664
1.9216075064457567	0.016219972333333332	1.2600562830033333
1.923352835697751	0.023226436666666662	1.2528945347566665
1.9250981649497452	0.022965079333333333	1.25013211093
1.92684349420174	0.018489793666666667	1.2585949081166667
1.9285888234537343	0.01773369633333333	1.27455780573
1.9303341527057285	0.02055559	1.2783523148066664
1.9320794819577227	0.020784371333333333	1.2612586025433332
1.933824811209717	0.024335850666666662	1.2484526438333332
1.9355701404617114	0.023318316333333332	1.24521453622
1.9373154697137056	0.01769978283333333	1.24828313604
1.9390607989656998	0.016548391	1.2574377860733332
1.9408061282176947	0.022700822333333332	1.2661039804933334
1.9425514574696887	0.02350142733333333	1.25791002986
1.9442967867216832	0.023401287566666665	1.2476684310033335
1.9460421159736774	0.022747676999999997	1.2471364192433332
1.9477874452256718	0.020234374	1.2522067335733333
1.949532774477666	0.01797468446666667	1.2528332724866669
1.9512781037296603	0.023013911666666668	1.2493876416999998
1.953023432981655	0.02465335466666667	1.2383874741033332
1.9547687622336491	0.0228511992	1.2384526587266667
1.9565140914856434	0.022467867266666667	1.2595253269366666
1.9582594207376378	0.023995652666666662	1.2788876889566665
1.960004749989632	0.02041084193333333	1.26518521075
1.9617500792416263	0.02021498633333333	1.23608133714
1.9634954084936205	0.021234469	1.2194034843366666
1.9652407377456147	0.020433223666666667	1.2267474116400001
1.9669860669976096	0.018441696953333333	1.2441336570366666
1.9687313962496038	0.019783921666666666	1.2511301532433334
1.970476725501598	0.017221085999999997	1.23266236776
1.9722220547535922	0.015359069333333331	1.2128297082733333
1.9739673840055865	0.014986325999999998	1.2131424581766663
1.9757127132575811	0.0152790481	1.2287381325666664
1.9774580425095754	0.012826498200000001	1.2375164106533332
1.9792033717615696	0.013323570666666666	1.2344088760999998
1.9809487010135638	0.012579357666666666	1.21427813444
1.982694030265558	0.011818947333333333	1.1905785840466665
1.9844393595175527	0.010907330333333335	1.1862995682466666
1.9861846887695471	0.011773724	1.21106604272
1.9879300180215413	0.009444657333333334	1.2359252004933332
1.9896753472735356	0.009377591333333333	1.2386227849733333
1.9914206765255298	0.009931399666666667	1.2150858103333333
1.9931660057775242	0.011020807766666665	1.1881644509999998
1.9949113350295185	0.011104729333333334	1.18210619215
1.9966566642815133	0.013658883333333333	1.2016376968729998
1.9984019935335076	0.011442830333333334	1.212248197553
2.0001473227855016	0.008864673	1.2003439619113334
2.0018926520374962	0.010117134666666666	1.1842718574173332
2.0036379812894904	0.015082394299999998	1.184361761076
2.0053833105414847	0.015227656	1.190561627989
2.0071286397934793	0.016429773666666665	1.1967295624163332
2.0088739690454736	0.016322787666666665	1.1952505955823334
2.0106192982974678	0.014748231333333334	1.1874157078969998
2.012364627549462	0.013833488333333333	1.178256936453
2.014109956801456	0.017998069999999998	1.1781799923036664
2.0158552860534504	0.017648827333333332	1.1815084607956667
2.0176006153054447	0.01688683533333333	1.187799532255
2.019345944557439	0.01879349333333333	1.189118091639
2.021091273809433	0.022281161999999997	1.1797942816173332
2.022836603061428	0.019669204	1.1622947975346665
2.0245819323134224	0.018718558666666666	1.162278215479
2.0263272615654166	0.020178980333333332	1.1828002176783332
2.028072590817411	0.022574128666666665	1.2014775624246667
2.029817920069405	0.022061944666666666	1.1938842398033334
2.0315632493213998	0.024020846	1.1728186154713331
2.033308578573394	0.022305843	1.1567926714443333
2.035053907825388	0.019705303	1.1594294855419998
2.036799237077383	0.019803814333333333	1.17245110457
2.0385445663293766	0.023612425	1.1831814889743333
2.0402898955813713	0.021084284	1.1797138904513331
2.0420352248333655	0.018812653999999998	1.1738595140759998
2.0437805540853597	0.020713206666666664	1.17219546894
2.045525883337354	0.024773906666666668	1.1742957823816664
2.047271212589348	0.02161217	1.1722803291256665
2.0490165418413424	0.018870607999999997	1.1737790461756665
2.0507618710933366	0.016737031333333333	1.1767877404846667
2.052507200345331	0.015513120666666666	1.1785056696893332
2.054252529597326	0.016110219666666665	1.1764845180656667
2.05599785884932	0.02225939166666667	1.1784078452336666
2.0577431881013144	0.021375660999999997	1.1782533561533333
2.0594885173533086	0.017028561666666664	1.1761798349133332
2.0612338466053033	0.016049969999999997	1.1715042327613332
2.0629791758572975	0.01853874233333333	1.169655941826
2.0647245051092917	0.013981927666666666	1.16883321387
2.0664698343612864	0.011776846666666663	1.1747804233483332
2.0682151636132806	0.015090451999999999	1.1802620325366666
2.069960492865275	0.018830573333333333	1.1793032375363333
2.071705822117269	0.016368395666666664	1.1739160056373334
2.0734511513692633	0.017017088333333333	1.1812824179403332
2.0751964806212575	0.014528808333333334	1.190179581382
2.0769418098732517	0.010662478333333331	1.1886445544706667
2.078687139125246	0.013664913333333334	1.183057438464
2.080432468377241	0.022172483333333333	1.18950483493
2.0821777976292353	0.017724836666666667	1.198494407029
2.08392312688123	0.011942091000000002	1.2075876691433332
2.0856684561332237	0.014744734999999998	1.2127750692033332
2.087413785385218	0.019451956666666666	1.2131993473833331
2.0891591146372126	0.017163369999999997	1.2094735684733333
2.090904443889207	0.01888110333333333	1.2119002932166665
2.0926497731412015	0.017399606666666668	1.20930947041
2.0943951023931957	0.01274148	1.2030662492166666
2.0961404316451895	0.015400846666666666	1.20571865612
2.097885760897184	0.02522315333333333	1.2177906941066667
2.0996310901491784	0.02048170333333333	1.2164860919699998
2.1013764194011726	0.013323007333333333	1.2152143440666665
2.103121748653167	0.016696276666666666	1.2315228068066666
2.104867077905161	0.02219640333333333	1.2545750368466666
2.1066124071571553	0.019158299999999996	1.2573407942933335
2.1083577364091495	0.02117405333333333	1.2469193653466668
2.1101030656611446	0.021831386666666664	1.2357430474533333
2.111848394913139	0.01841218	1.2411050664099998
2.113593724165133	0.020423176666666668	1.2656365671466667
2.1153390534171272	0.029959443333333335	1.2902405760766666
2.1170843826691215	0.02515122666666667	1.2830759908733331
2.118829711921116	0.017656226666666663	1.2643759574366666
2.1205750411731104	0.022201126666666668	1.26285465639
2.1223203704251046	0.028521949999999997	1.2734932033499997
2.124065699677099	0.023017170000000003	1.2752619020133331
2.1258110289290935	0.022593423333333335	1.2780072770066666
2.1275563581810877	0.02363810333333333	1.2786274187600002
2.129301687433082	0.02113572	1.2752493150533333
2.131047016685076	0.021882456666666664	1.2761892605533334
2.1327923459370703	0.029233436666666668	1.2895095426899998
2.1345376751890646	0.024196186666666664	1.2996422373233334
2.1362830044410597	0.01809698	1.31060235689
2.138028333693054	0.02390442	1.3197197095299997
2.139773662945048	0.03108213	1.3140172605333333
2.141518992197043	0.02444822	1.2964142638066667
2.143264321449037	0.021490730333333333	1.30138377887
2.1450096507010312	0.022514269999999996	1.3205034994999998
2.1467549799530254	0.022605439999999997	1.3263131615433332
2.1485003092050197	0.023907616666666666	1.3150262296566666
2.1502456384570143	0.029053399999999997	1.3074046459433333
2.1519909677090086	0.02280182	1.30342880229
2.1537362969610028	0.015880396666666664	1.3083940424866665
2.155481626212997	0.018940279999999997	1.3179083683833333
2.157226955464991	0.025654199999999995	1.32264782957
2.1589722847169854	0.021308226666666666	1.3167682769833333
2.1607176139689797	0.018182582666666666	1.3171192813766663
2.162462943220974	0.017346752333333333	1.3196078918799998
2.164208272472968	0.016415093333333332	1.3229578339866666
2.1659536017249623	0.01736361	1.3349516478399999
2.1676989309769574	0.024485126666666666	1.3506503989066667
2.1694442602289516	0.021276268	1.3348088098266664
2.171189589480946	0.014513179666666667	1.3011454161066665
2.17293491873294	0.013938983666666668	1.2898429738266666
2.1746802479849343	0.016857556	1.3100541427366665
2.176425577236929	0.012973568666666666	1.3291761152733332
2.178170906488923	0.013029180666666668	1.3343535956033332
2.179916235740918	0.014293353333333331	1.3226176399433331
2.1816615649929116	0.013869753333333332	1.30887387228
2.183406894244906	0.011713994	1.3052990746433333
2.1851522234969005	0.014245748999999999	1.31273773851
2.1868975527488947	0.011297073333333333	1.3122527412466667
2.188642882000889	0.008448857	1.3153724451333333
2.190388211252883	0.011114207000000001	1.3309028615499998
2.1921335405048774	0.015500652666666665	1.3416689424833335
2.1938788697568716	0.010264216333333333	1.32727998533
2.1956241990088667	0.008348604999999999	1.3142266577866666
2.197369528260861	0.010049151666666666	1.3154709792433332
2.199114857512855	0.011328941333333332	1.32049884472
2.20086018676485	0.009585439	1.31646740243
2.202605516016844	0.011061175033333332	1.3124032808666666
2.2043508452688383	0.007445576999999999	1.3070485541333334
2.206096174520833	0.004648302333333333	1.3086197788133334
2.207841503772827	0.007489127666666666	1.3159328526766665
2.2095868330248214	0.013402990666666666	1.3179652183133332
2.2113321622768156	0.009089526	1.3040916672066667
2.21307749152881	0.005641021666666667	1.3002190692466666
2.214822820780804	0.006108578366666667	1.3104791207966664
2.2165681500327983	0.007532128333333333	1.3142357145633334
2.2183134792847925	0.0067500304333333325	1.30044654215
2.2200588085367867	0.010414721433333333	1.29039289252
2.221804137788781	0.008307559933333333	1.2854962218
2.223549467040776	0.005059126666666667	1.28790114454
2.2252947962927703	0.006290747733333333	1.2966230131
2.2270401255447645	0.011187480333333333	1.3055149683133334
2.2287854547967587	0.007349670766666667	1.2992719951566665
2.230530784048753	0.004584133533333333	1.2916886081299999
2.2322761133007476	0.006548492233333332	1.2877958609166664
2.234021442552742	0.009929871666666666	1.2826447606033335
2.235766771804736	0.007090568533333334	1.2749649707966668
2.2375121010567303	0.007952123333333333	1.2814186349533332
2.239257430308725	0.007792568066666667	1.2859396552066666
2.241002759560719	0.006636995599999999	1.2770646768366665
2.2427480888127134	0.007748804999999999	1.2693821077
2.2444934180647076	0.013446488999999999	1.2816567242133332
2.246238747316702	0.009314796333333333	1.2911336536999998
2.247984076568696	0.005520783499999999	1.2884334822333332
2.2497294058206903	0.009730926666666665	1.2778033863566665
2.2514747350726845	0.015663597	1.2667852517366667
2.2532200643246787	0.011172025666666665	1.2560008808199998
2.254965393576674	0.009719184333333332	1.2603452832533333
2.256710722828668	0.010813119999999999	1.2681651000633334
2.2584560520806622	0.011645595666666664	1.26778409846
2.260201381332657	0.011949925666666666	1.2629078662566666
2.261946710584651	0.017030494666666667	1.2643669919633331
2.2636920398366454	0.014192624000000001	1.25585757899
2.26543736908864	0.010256162666666666	1.2484870388033331
2.2671826983406342	0.013572351666666666	1.2618692258466666
2.2689280275926285	0.020430483333333332	1.2832634706066666
2.2706733568446227	0.015277268666666666	1.2710063133066667
2.272418686096617	0.012600635333333332	1.23876025068
2.274164015348611	0.017791374333333332	1.22212874274
2.2759093446006062	0.022789709999999998	1.2363599220566668
2.2776546738525996	0.01961183	1.2628382613199998
2.279400003104594	0.02068942333333333	1.2837277850833333
2.281145332356588	0.020083316666666663	1.2738776314333333
2.2828906616085836	0.019315086666666665	1.2459750784199999
2.284635990860578	0.024404523333333334	1.2303445487766664
2.286381320112572	0.03400146333333333	1.2345664254166666
2.288126649364566	0.028134206666666665	1.2315178692599997
2.28987197861656	0.020803839999999997	1.2332978618433332
2.291617307868555	0.025915380000000002	1.2519069808766665
2.2933626371205493	0.0341612	1.26268041053
2.2951079663725436	0.029363696666666668	1.23984282693
2.2968532956245378	0.02868770333333333	1.22349888974
2.2985986248765315	0.031897879999999997	1.2413002252633334
2.300343954128526	0.03252528666666667	1.27665155489
2.3020892833805204	0.03163207999999999	1.2922462202133334
2.3038346126325147	0.037245216666666664	1.2785694062466666
2.305579941884509	0.03529664	1.2426891544466667
2.307325271136503	0.03203723	1.2251716882733332
2.309070600388498	0.03685066333333333	1.2434560937566665
2.3108159296404924	0.04444288	1.2705842301166665
2.3125612588924866	0.036342179999999995	1.2702119558999998
2.314306588144481	0.031480463333333326	1.26613358705
2.316051917396475	0.04028849333333333	1.2734860963466668
2.3177972466484698	0.04849562333333333	1.2741418752333333
2.319542575900464	0.041851570000000005	1.2608234684433333
2.321287905152458	0.03830723666666666	1.2694436687933335
2.3230332344044524	0.03632383	1.2946478062566666
2.324778563656447	0.03534979333333333	1.3069895772166666
2.3265238929084413	0.04012607333333333	1.2955622026366664
2.3282692221604355	0.050380259999999996	1.2816223698366667
2.3300145514124297	0.045868686666666665	1.27486405786
2.331759880664424	0.038028306666666664	1.2901527175599998
2.333505209916418	0.03943806999999999	1.3155847102733331
2.3352505391684133	0.044394329999999996	1.3229247407
2.3369958684204075	0.03841153	1.30030352293
2.3387411976724017	0.03790127333333333	1.2850799684133332
2.340486526924396	0.04384608666666667	1.2883625189833332
2.34223185617639	0.04687153333333333	1.2968560502733333
2.343977185428385	0.041615383333333325	1.3050376457533333
2.345722514680379	0.041000966666666666	1.32634048011
2.3474678439323733	0.03999942333333333	1.3386598782733332
2.3492131731843675	0.040240185666666664	1.3268052968533333
2.3509585024363617	0.042923529999999994	1.3008045183533332
2.3527038316883564	0.048010653333333334	1.2848302529766666
2.3544491609403506	0.04135871666666667	1.2749109296533332
2.356194490192345	0.035710781999999996	1.27384232222
2.357939819444339	0.04155284666666666	1.2762272878466665
2.3596851486963333	0.050877596666666663	1.2731572488233334
2.3614304779483275	0.045547618	1.2602605226266665
2.3631758072003217	0.041597372	1.2607212074566667
2.364921136452316	0.043686065999999996	1.2668931811
2.36666646570431	0.04557644033333333	1.2617019407166667
2.3684117949563044	0.042364811333333335	1.24780269799
2.3701571242083	0.04523883333333334	1.24682356363
2.371902453460294	0.04558053566666666	1.2421652271666666
2.373647782712288	0.043843213	1.2249705022933333
2.375393111964282	0.043754248	1.2087435236733333
2.3771384412162764	0.047332799999999994	1.2097496152133334
2.3788837704682715	0.04070437566666667	1.2079042951766665
2.3806290997202657	0.036501146	1.2002513926866667
2.38237442897226	0.044013797333333333	1.19403575386
2.384119758224254	0.053626879999999995	1.1934732949
2.3858650874762484	0.04589499266666666	1.1873794468566665
2.3876104167282426	0.040056005	1.1851923654399998
2.389355745980237	0.04521164333333333	1.18296260791
2.391101075232231	0.04991668333333333	1.1782423939833333
2.3928464044842253	0.04342785933333333	1.1774428756166666
2.3945917337362195	0.04264929333333334	1.1909251360666666
2.3963370629882146	0.042301299	1.1892424028833333
2.398082392240209	0.040720484333333334	1.1681935315583332
2.3998277214922035	0.043493173333333336	1.15646097775
2.4015730507441977	0.05089379	1.1697941678033332
2.403318379996192	0.04322473333333333	1.1782716277266667
2.4050637092481866	0.03545958666666666	1.1839926559833334
2.406809038500181	0.041311006666666664	1.2007606725966666
2.408554367752175	0.04989288333333333	1.2188925778433333
2.4102996970041692	0.041400237666666666	1.2098123115166666
2.4120450262561635	0.037229796999999995	1.1907117749579998
2.4137903555081577	0.04485968333333333	1.1834065180833333
2.415535684760152	0.04973201	1.1981584106866667
2.417281014012146	0.041053968999999996	1.22684684035
2.4190263432641403	0.03816484666666667	1.2578789536033332
2.4207716725161346	0.03774217333333334	1.2587630026699999
2.4225170017681297	0.036676972333333335	1.23790305161
2.424262331020124	0.03839203666666666	1.22928135621
2.426007660272118	0.04522020666666666	1.2430461569133333
2.4277529895241123	0.03826548	1.24639637491
2.4294983187761066	0.031794677333333334	1.2477146708836666
2.4312436480281012	0.040797969999999996	1.2650298927199999
2.4329889772800954	0.05113179999999999	1.2808084022433333
2.4347343065320897	0.038815397333333335	1.2609919934566667
2.436479635784084	0.029398956000000004	1.2342256223199999
2.438224965036078	0.034281147	1.2328173806233331
2.4399702942880728	0.03896690333333333	1.2574245991233333
2.441715623540067	0.032750970000000004	1.2806417836566668
2.443460952792061	0.0339347	1.2889099218966664
2.4452062820440554	0.037911393333333335	1.2717222979533331
2.4469516112960497	0.03859514333333333	1.2537287107966666
2.448696940548044	0.03612542333333333	1.2566805488166666
2.450442269800038	0.03839875333333333	1.2701507371766667
2.4521875990520323	0.03247889866666666	1.2567690592666665
2.4539329283040274	0.028666152	1.2347042274266666
2.4556782575560216	0.03855242333333333	1.2313051308066667
2.457423586808016	0.049608926666666664	1.23087488796
2.4591689160600105	0.03669075333333333	1.2030285325433332
2.4609142453120048	0.026149826333333334	1.18789420275
2.462659574563999	0.033967606666666664	1.2152837192166666
2.464404903815993	0.04217269333333332	1.2547531908833334
2.466150233067988	0.033310033333333336	1.2549708241866666
2.467895562319982	0.030945039666666667	1.2240011385366665
2.4696408915719763	0.03578289	1.18762490414
2.4713862208239705	0.036709816666666666	1.172172970566
2.4731315500759647	0.03228420666666666	1.1781328507466666
2.47487687932796	0.03520670333333334	1.1907422114266666
2.476622208579954	0.033160720000000005	1.1866792910633333
2.4783675378319483	0.030873472333333332	1.1865993141866666
2.4801128670839416	0.03547757	1.2004009667099997
2.481858196335936	0.041045519999999995	1.2037687352166666
2.4836035255879314	0.029289336666666665	1.1779580447733333
2.4853488548399256	0.02184895633333333	1.1724416826083333
2.48709418409192	0.03280108333333333	1.21009638091
2.488839513343914	0.04541214	1.2468018516966666
2.490584842595908	0.03578561333333333	1.23368422251
2.492330171847903	0.02922360666666667	1.2042747061399999
2.494075501099897	0.03531541	1.1927723269233335
2.4958208303518914	0.038076799999999994	1.19483749981
2.4975661596038856	0.029372773333333338	1.1908854922433332
2.49931148885588	0.029950023333333332	1.19131843064
2.501056818107874	0.03235853333333333	1.1987666745736667
2.5028021473598683	0.032801286666666665	1.2213539318683333
2.5045474766118625	0.034630013333333334	1.246503342751
2.5062928058638567	0.03933367	1.25171592443
2.508038135115851	0.03111293	1.2291468772849998
2.509783464367846	0.025340373333333333	1.2235830822199998
2.5115287936198403	0.03275321666666667	1.2443406603899998
2.5132741228718345	0.04102434	1.2498815648533335
2.5150194521238287	0.02987785	1.2155829503626665
2.516764781375823	0.023218825666666665	1.1945493705273333
2.5185101106278176	0.03155508333333333	1.2108240066390001
2.520255439879812	0.038607633333333335	1.2319344980966664
2.522000769131806	0.029028859999999997	1.2288431656433334
2.5237460983838007	0.025985054666666663	1.2313553602733331
2.525491427635795	0.03049975766666667	1.24790802989
2.527236756887789	0.03262664	1.26051471356
2.5289820861397834	0.03042026266666667	1.2493718782766665
2.5307274153917776	0.03416977266666666	1.2234468854029998
2.532472744643772	0.030442685333333334	1.192483504033
2.534218073895766	0.026260456	1.1831351475846665
2.535963403147761	0.028916997	1.191553715424
2.5377087323997554	0.03273499866666667	1.1927465486036666
2.5394540616517496	0.022993084333333334	1.1772908597436667
2.541199390903744	0.0187023028	1.1820659923049999
2.542944720155738	0.026355611333333334	1.20471540184
2.5446900494077327	0.03405927466666666	1.2092799991666665
2.546435378659727	0.026069125	1.183881287559
2.548180707911721	0.022464524666666666	1.1762899674463334
2.5499260371637154	0.028603702333333335	1.1966870764623334
2.5516713664157096	0.033891294	1.2126464194916666
2.5534166956677042	0.028029373666666666	1.199771537272
2.5551620249196985	0.02680249733333333	1.1838465085566665
2.5569073541716927	0.02684461233333333	1.1770606590833332
2.558652683423687	0.02555336	1.1805653878699998
2.560398012675681	0.023482357333333332	1.1855403089599998
2.5621433419276762	0.027919763333333333	1.1935801347666666
2.5638886711796696	0.026389332666666668	1.198612090454
2.565634000431664	0.02705461533333333	1.2128698691576665
2.567379329683658	0.03520834366666666	1.2267175404446666
2.5691246589356522	0.041230293333333334	1.2181673349633333
2.570869988187648	0.02862291733333333	1.1870169926299998
2.572615317439642	0.02073416643333333	1.1839882046999999
2.5743606466916362	0.02723177066666667	1.21343293116
2.57610597594363	0.03516986766666667	1.2315529595633334
2.5778513051956247	0.027652555666666665	1.21355578931
2.5795966344476193	0.025281155666666666	1.2046172362203331
2.5813419636996136	0.03339167566666666	1.2223147025273333
2.5830872929516078	0.037806785999999995	1.2380807588166667
2.584832622203602	0.028626923999999998	1.2299276841433333
2.586577951455596	0.028186445999999997	1.2297359402133332
2.5883232807075904	0.03182947533333333	1.2439943552233332
2.5900686099595847	0.033446909999999996	1.2561586392166666
2.591813939211579	0.03432364266666667	1.2457054397033334
2.593559268463574	0.03672563999999999	1.2189953221099998
2.595304597715568	0.026425599333333334	1.1921226754899998
2.5970499269675624	0.020028816666666664	1.197221122414
2.598795256219557	0.026877865	1.2216728179733334
2.6005405854715513	0.03526898333333333	1.2303159325533333
2.6022859147235455	0.026294751999999998	1.2141104132799998
2.6040312439755398	0.022071437	1.2160691049866668
2.6057765732275344	0.030138377666666667	1.2331396493666666
2.6075219024795286	0.034591312	1.2263381405433333
2.609267231731523	0.02234687533333333	1.1925134833866666
2.611012560983517	0.019024683333333334	1.1893591007333333
2.6127578902355113	0.027642541	1.2183493270099999
2.6145032194875055	0.033329428333333334	1.23028206253
2.6162485487394997	0.024867710333333334	1.2018365450233333
2.617993877991494	0.02167844833333333	1.1804308369666665
2.619739207243488	0.022806597666666668	1.1861682466066665
2.6214845364954824	0.02338846633333333	1.1994692355099998
2.6232298657474775	0.022783188	1.196500969993333
2.6249751949994717	0.028408513333333333	1.1915004299466665
2.626720524251466	0.026697256333333336	1.1927498496899998
2.62846585350346	0.024860991333333332	1.2053732550833334
2.6302111827554544	0.027705839	1.2099434377399998
2.631956512007449	0.0308721	1.1984415808733333
2.6337018412594433	0.021271682333333333	1.1835697032166665
2.6354471705114375	0.017609062666666665	1.19940601896
2.6371924997634317	0.027674147	1.2300371417033333
2.638937829015426	0.03765497666666666	1.2364251404533333
2.6406831582674206	0.027625255999999994	1.21283186519
2.642428487519415	0.023125880333333335	1.2134390089066667
2.644173816771409	0.03344029333333333	1.2415890773766667
2.6459191460234033	0.03930471666666666	1.25197623831
2.6476644752753975	0.026827999999999998	1.2305624591733333
2.6494098045273917	0.023082756666666666	1.23099956597
2.651155133779386	0.029046723	1.2596914629299998
2.652900463031381	0.032073452	1.2757450818799998
2.6546457922833753	0.027128103333333334	1.2552497925133332
2.6563911215353695	0.02895178	1.2334997708266666
2.658136450787364	0.029447709999999995	1.2274657480399997
2.6598817800393584	0.02948121966666667	1.2310765029233333
2.6616271092913526	0.03052567333333333	1.2246145817633334
2.663372438543347	0.033029666666666666	1.2130890916966666
2.665117767795341	0.024288383666666667	1.20560594609
2.6668630970473353	0.019267634666666665	1.217885347543333
2.66860842629933	0.025621183333333332	1.2307783079566668
2.6703537555513237	0.03307710666666667	1.2210938773399997
2.6720990848033184	0.022846833333333334	1.1905191873366665
2.673844414055312	0.01911378	1.1834992442266667
2.6755897433073077	0.03142912666666667	1.1968962871266666
2.677335072559302	0.038979299999999995	1.1901241622399998
2.679080401811296	0.0247027	1.1536368842066667
2.6808257310632904	0.019492129999999996	1.1418971891673333
2.6825710603152837	0.028831460000000003	1.1616543325573332
2.6843163895672792	0.03359872666666666	1.17283549058
2.6860617188192735	0.02238697333333333	1.15622677862
2.6878070480712677	0.019812796666666667	1.1557345386066666
2.689552377323262	0.02654294	1.1828421484516665
2.691297706575256	0.031368143333333334	1.2077498086533334
2.6930430358272504	0.027427116666666668	1.2029095493116666
2.694788365079245	0.029531476666666667	1.1924596502586664
2.696533694331239	0.030972299999999998	1.192139124645
2.6982790235832335	0.030418036666666665	1.2033699026586666
2.7000243528352272	0.029811643333333332	1.210926881672
2.701769682087222	0.03398727333333333	1.21477296727
2.703515011339216	0.028798549999999996	1.2144116607333333
2.7052603405912103	0.027804993333333333	1.2281426875133332
2.7070056698432046	0.039812306666666665	1.2471958511266668
2.708750999095199	0.04873939	1.2443353546213332
2.710496328347194	0.03300226333333333	1.2110517310786666
2.712241657599188	0.02380010666666666	1.1977030873603332
2.7139869868511823	0.033617466666666665	1.2153427403509998
2.7157323161031766	0.039691939999999995	1.2242472703046667
2.7174776453551712	0.024015219999999997	1.1980097056833332
2.7192229746071654	0.02016995333333333	1.180875213268
2.7209683038591597	0.03637799	1.1903143988666667
2.722713633111154	0.04514939666666666	1.1936255128
2.7244589623631486	0.028599169999999997	1.1642962082576664
2.7262042916151423	0.022413409999999998	1.1443537788113334
2.727949620867137	0.03239960333333333	1.153301818178
2.729694950119131	0.03710558	1.168099686617
2.7314402793711254	0.027027509999999998	1.1599279216283334
2.7331856086231197	0.02580623333333333	1.1468717021006667
2.734930937875114	0.030065513333333328	1.143353926831
2.736676267127109	0.03106739	1.1537867192283333
2.738421596379103	0.02578887	1.1630437964583333
2.7401669256310974	0.027434259999999995	1.1691773380769999
2.7419122548830916	0.028203656666666667	1.1685150313973334
2.743657584135086	0.03053691	1.1771386403666666
2.7454029133870805	0.03493143333333333	1.1933154957316665
2.7471482426390748	0.03913024666666666	1.2011830372996664
2.748893571891069	0.029677386666666666	1.185821410777
2.750638901143063	0.024353826666666665	1.1808651123826666
2.7523842303950574	0.032647289999999995	1.2028838549036664
2.754129559647052	0.04148338	1.2265363002396665
2.755874888899046	0.0294624	1.2159971368703333
2.7576202181510405	0.02641164	1.2035324473716664
2.7593655474030343	0.04418690333333333	1.2149370277516667
2.761110876655029	0.05166891	1.2260547528703332
2.762856205907024	0.028782956666666665	1.2052382899246665
2.7646015351590183	0.019726128666666665	1.1883087908199998
2.7663468644110116	0.03441491666666666	1.1967848218433332
2.768092193663006	0.04166741333333333	1.209978741969333
2.769837522915	0.025013649333333332	1.1966663165636664
2.7715828521669956	0.021279653	1.176326873361
2.77332818141899	0.03554698333333333	1.164387416536
2.775073510670984	0.04103601666666666	1.1611396899956665
2.7768188399229783	0.025532159999999998	1.1561904425893332
2.7785641691749725	0.02231109	1.1583575593503332
2.780309498426967	0.032066276666666664	1.158728201012
2.782054827678961	0.03605455333333333	1.1586313936633332
2.7838001569309556	0.02652733666666667	1.1617550093373332
2.7855454861829494	0.025185959999999997	1.174210509981
2.787290815434944	0.02844711333333333	1.1784188799076665
2.7890361446869383	0.029860623333333336	1.18032536605
2.7907814739389325	0.027667399999999998	1.1920161956246667
2.7925268031909276	0.03152323	1.211496663176
2.794272132442922	0.03070817666666667	1.20662287539
2.796017461694916	0.030419599999999998	1.1874714467693332
2.7977627909469107	0.03290811	1.1809277683413333
2.799508120198905	0.03547766333333333	1.1927900169463332
2.801253449450899	0.025231873333333328	1.192481201121
2.8029987787028934	0.021812895666666665	1.1876103713643333
2.8047441079548876	0.03357873	1.1976406073773334
2.8064894372068823	0.04224347666666667	1.218637203485
2.808234766458876	0.027082054666666668	1.2189246896449997
2.8099800957108707	0.021648802666666668	1.2106213207406666
2.8117254249628645	0.03501415166666666	1.2057498290993334
2.813470754214859	0.03929534	1.1987425892316665
2.8152160834668534	0.020327095333333333	1.1773176689756666
2.8169614127188476	0.015725506333333333	1.1622394862849998
2.818706741970842	0.030116114666666666	1.15572370469
2.820452071222836	0.03667719	1.1500194290573333
2.8221974004748303	0.020524816333333334	1.1399422678143332
2.8239427297268254	0.016489865666666666	1.1466573757273333
2.8256880589788196	0.02990827466666667	1.1613981962870001
2.827433388230814	0.036222196666666664	1.1688705949809999
2.829178717482808	0.022538680666666665	1.1682910186923332
2.8309240467348022	0.020939477	1.1838573669816665
2.832669375986797	0.03300985966666667	1.2029860641203332
2.834414705238791	0.03694335333333333	1.2063840010736666
2.8361600344907854	0.024053702	1.1943346482916666
2.8379053637427796	0.022498678833333334	1.1958426598793332
2.839650692994774	0.028904154	1.2009817865163335
2.841396022246768	0.032046572999999995	1.1957171448523332
2.8431413514987627	0.029282429	1.1825713633233332
2.8448866807507565	0.031425308666666665	1.1817490845123333
2.846632010002751	0.029762954999999997	1.186543020504
2.8483773392547453	0.02805940633333333	1.1956826444133333
2.8501226685067405	0.026415118666666668	1.201830543343
2.8518679977587347	0.0279875074	1.204879272026
2.853613327010729	0.02270259933333333	1.19645179217
2.855358656262723	0.02256496733333333	1.1888794620306666
2.8571039855147173	0.030639248733333336	1.1809022211633333
2.858849314766712	0.035094320666666665	1.1666939894756665
2.8605946440187062	0.021795807	1.1467838793583331
2.8623399732707004	0.017131482666666666	1.1522922051603333
2.8640853025226947	0.025623341666666667	1.174849008922
2.865830631774689	0.030176781	1.1828943480529999
2.8675759610266836	0.018668602	1.162644364158
2.8693212902786778	0.018247021333333332	1.1506238678383331
2.871066619530672	0.03160515833333333	1.1523036988673332
2.872811948782666	0.036836248999999995	1.1436338125916667
2.87455727803466	0.02019855	1.1188638256773333
2.8763026072866555	0.015739523666666665	1.1280771540663332
2.8780479365386498	0.029653565666666666	1.177922997099333
2.879793265790644	0.036719670999999995	1.2248318510533331
2.881538595042638	0.021584457376666664	1.2337773541533332
2.8832839242946324	0.020205537833333332	1.2360504090333333
2.885029253546627	0.036032146	1.2415286600666664
2.8867745827986213	0.03965524199999999	1.2263321625233332
2.8885199120506155	0.021701840566666665	1.1811013573216667
2.8902652413026098	0.018422304	1.1504895404289999
2.892010570554604	0.027670906599999996	1.1465427820763332
2.893755899806598	0.03099581833333333	1.1529536294923333
2.895501229058593	0.022011120266666663	1.1518022483469998
2.8972465583105866	0.02217303333333333	1.1576915980926668
2.8989918875625813	0.029074568999999998	1.171728118779
2.900737216814575	0.031367411	1.189436180837
2.9024825460665697	0.022626847763333333	1.1985545247386666
2.904227875318564	0.02250790443333333	1.203095636758
2.905973204570558	0.025887793333333332	1.192366207159
2.9077185338225524	0.027156975333333333	1.172471515306
2.9094638630745466	0.023750910599999998	1.1528202613229999
2.9112091923265417	0.02455924333333333	1.1449344529866665
2.912954521578536	0.022672783699999997	1.138046494533
2.91469985083053	0.023114474666666666	1.1391308662203332
2.916445180082525	0.024712995333333335	1.1527048237906665
2.918190509334519	0.028655724333333334	1.1752141694666665
2.9199358385865133	0.025224252000000003	1.1797169927609998
2.921681167838508	0.025620781999999998	1.1710265315576667
2.9234264970905017	0.030089359566666668	1.1623990474483332
2.9251718263424964	0.03234127866666667	1.1624778668766667
2.92691715559449	0.022089757999999994	1.159881973353
2.928662484846485	0.020546037333333333	1.1696907849809999
2.930407814098479	0.03243777466666667	1.199813563837
2.9321531433504733	0.039292436	1.2368939583736664
2.9338984726024675	0.02452346783333333	1.2485194577999998
2.9356438018544617	0.021797820333333332	1.2428228704789999
2.937389131106457	0.03496167133333333	1.2238729339066667
2.939134460358451	0.036221648	1.1911519747616666
2.9408797896104453	0.01670094533333333	1.1510128417963332
2.9426251188624395	0.01341782733333333	1.1351946815613332
2.9443704481144337	0.027465322566666665	1.1417106583523333
2.9461157773664284	0.033334054	1.154480375209
2.9478611066184226	0.017647599699999995	1.1617589272293332
2.949606435870417	0.016172113	1.1820924681523333
2.951351765122411	0.032654733	1.202731540191
2.9530970943744053	0.037095405666666664	1.1992669314936668
2.9548424236264	0.017771603333333334	1.1708601199426667
2.956587752878394	0.015319518333333332	1.1594936776009999
2.9583330821303884	0.03174787266666666	1.1683395006819999
2.960078411382382	0.036241733	1.175299899104
2.961823740634377	0.017776476666666666	1.1713387675236666
2.963569069886372	0.015824707333333334	1.18605671286
2.965314399138366	0.030969765666666666	1.2102849724936666
2.9670597283903604	0.03564088533333333	1.2192322534556665
2.9688050576423537	0.020802738733333333	1.2091597267473333
2.970550386894349	0.020603758	1.2125660877666666
2.9722957161463435	0.03548971633333334	1.2275562757033331
2.9740410453983377	0.039450479	1.2336688643866665
2.975786374650332	0.02222945733333333	1.2201059956273332
2.977531703902326	0.020627627333333332	1.2142892782313333
2.9792770331543204	0.031987097666666665	1.2136816654086666
2.981022362406315	0.034169639333333335	1.2086366812653333
2.982767691658309	0.025005058333333333	1.197580474384
2.9845130209103035	0.025262350999999995	1.18841191673
2.9862583501622977	0.027750428433333335	1.1698354299273332
2.988003679414292	0.026574758999999996	1.1553698561403334
2.989749008666286	0.01633394666666667	1.1574040203313332
2.9914943379182812	0.015290589666666667	1.179919027659
2.9932396671702755	0.021368776333333332	1.19286533697
2.9949849964222697	0.025942245333333336	1.1895369073466666
2.996730325674264	0.025196211	1.1855117262673334
2.9984756549262586	0.03015171033333333	1.191120302968
3.000220984178253	0.030891822	1.180470951411
3.001966313430247	0.029692632	1.1637730594179998
3.0037116426822412	0.02674588	1.1710725435883331
3.0054569719342354	0.028854473666666665	1.215860870727
3.00720230118623	0.027685279633333337	1.257342509596333
3.008947630438224	0.031083476333333335	1.2799552074660001
3.0106929596902186	0.039989346999999995	1.2990652348333334
3.0124382889422123	0.045130708666666665	1.3199218274966666
3.014183618194207	0.0335364598	1.3057923097966664
3.015928947446201	0.026785158333333337	1.2561502907133333
3.0176742766981954	0.02631755933333333	1.19995780602
3.0194196059501897	0.024102277999999998	1.1745231267733334
3.021164935202184	0.012575874933333332	1.1702384050826666
3.022910264454178	0.013554357533333334	1.1699043411746666
3.024655593706173	0.029466546333333333	1.1641340077516666
3.0264009229581674	0.037584816333333326	1.161987967021
3.0281462522101616	0.023246856733333335	1.1651032556153331
3.029891581462156	0.020239011	1.1835686468736668
3.03163691071415	0.02813054433333333	1.1986291188933333
3.0333822399661448	0.02840048333333333	1.20896730535
3.035127569218139	0.015485834333333332	1.22781176465
3.036872898470133	0.017796004333333334	1.2672763288433333
3.0386182277221274	0.03912445566666667	1.2954784704106665
3.040363556974122	0.04957607966666666	1.2815381059593332
3.042108886226116	0.029013316700000003	1.2384605371053334
3.0438542154781105	0.025000342	1.2298928621566667
3.0455995447301047	0.04237154966666666	1.2444294718799997
3.047344873982099	0.041378530999999996	1.230222309762
3.049090203234093	0.015767979	1.195350234886
3.0508355324860883	0.014743290666666667	1.2105902399523334
3.0525808617380825	0.037116828	1.2601922011966664
3.0543261909900767	0.042026089999999995	1.26034482571
3.056071520242071	0.01827435833333333	1.1907911665933333
3.057816849494065	0.013773026333333334	1.1462404058133333
3.05956217874606	0.028022102666666666	1.16190521252
3.061307507998054	0.028058696333333334	1.1824507372039998
3.0630528372500487	0.006472571333333333	1.1677331550003331
3.0647981665020425	0.007966554333333334	1.179031898378
3.0665434957540367	0.037477766999999995	1.2527001099856667
3.0682888250060314	0.04755559166666666	1.3210260299406666
3.0700341542580256	0.019704992666666667	1.306231080182
3.07177948351002	0.017165326666666664	1.2655690331999998
3.073524812762014	0.04154829333333333	1.267001133165
3.075270142014008	0.041644441	1.2941203266566665
3.0770154712660034	0.012220183666666665	1.29185113263
3.0787608005179976	0.012762339666666666	1.2763026557133332
3.080506129769992	0.04589217166666666	1.2780212833783333
3.082251459021986	0.05321541999999999	1.282267619133
3.0839967882739803	0.018458080666666668	1.2547585368946665
3.085742117525975	0.014226831666666665	1.2183550322106664
3.087487446777969	0.038647597333333325	1.1823079438989998
3.0892327760299634	0.035233266666666666	1.1564556071323333
3.0909781052819576	0.004977971999999999	1.1592872972866666
3.092723434533952	0.005793155333333333	1.1992104358823332
3.094468763785946	0.036581690666666666	1.2414064764816666
3.0962140930379407	0.04646574066666666	1.2656369482933334
3.0979594222899345	0.01764911233333333	1.296383500583333
3.099704751541929	0.016029360333333333	1.3794176207433333
3.101450080793923	0.047037101666666664	1.451139756916
3.1031954100459176	0.04914657	1.433191228496
3.104940739297912	0.009578109666666668	1.3825743582663332
3.106686068549906	0.007325807	1.4291640882953331
3.1084313978019003	0.05654287	1.5244922018729998
3.1101767270538954	0.06708824999999999	1.4887150000683331
3.1119220563058896	0.016182406	1.33232285758
3.113667385557884	0.013206426	1.30553273609
3.1154127148098785	0.05335199333333333	1.44763872536
3.1171580440618727	0.05217591666666666	1.51836178623
3.118903373313867	0.014997515533333332	1.3995661892433333
3.120648702565861	0.010452236333333332	1.3039489455933333
3.122394031817856	0.053200269999999994	1.4269871895366668
3.1241393610698496	0.07201586666666666	1.5765161052866665
3.1258846903218442	0.020967904333333332	1.4673417099666666
3.127630019573838	0.014643990333333332	1.3168717779466665
3.1293753488258327	0.08359295666666666	1.5374817108933334
3.131120678077827	0.09701627666666668	2.0271120711299995
3.132866007329821	0.034949695	2.27010926553
3.1346113365818153	0.025242193333333333	2.2200863616033333
3.1363566658338096	0.15119855	2.7404475473566663
3.1381019950858047	0.23498353333333336	4.472905906676666
3.139847324337799	0.17393913333333333	6.709853235823333
3.141592653589793	0.6754069333333332	8.361064506953333