# O(3P)+CO2(000; j=0) -> O(3P)+CO2(000; j') scattering, statistically averaged (3A2+3B2+3B1) potential energy surfaces
# Differential cross sections; packaged by M. Gacesa (marko.gacesa@nasa.gov), Apr 30 2019
# E = 2.75741 eV
# theta(rad)                 elastic DCS                total DCS (both in units of 1E-16 cm^2/Sr)
0.	3.610106333333333e6	3.6857541009034095e6
0.0017453292519943296	2.407636333333333e6	2.4502963812266667e6
0.003490658503988659	681184.0333333332	688510.6994596666
0.005235987755982989	142906.56666666668	150849.90248833332
0.006981317007977318	95243.17333333334	102836.83237156668
0.008726646259971648	46646.85666666667	51230.51679756667
0.010471975511965978	23447.33666666667	28416.728742433334
0.012217304763960305	14571.175333333333	18759.984633823333
0.013962634015954637	12603.637333333332	15074.64726771
0.015707963267948967	6343.956999999999	8293.018852323334
0.017453292519943295	2590.170733333333	5292.363173169999
0.019198621771937624	4864.455	7223.2072056100005
0.020943951023931956	3532.023333333333	4852.008094703333
0.02268928027592628	1198.8063666666667	2619.3585070599997
0.02443460952792061	1126.6346333333333	2800.42135393
0.02617993877991494	1150.5923	2368.6560403666663
0.027925268031909273	735.0411333333333	1581.5432916833333
0.029670597283903602	199.50628666666665	1147.714729802
0.031415926535897934	238.92666666666665	1231.1547872516667
0.03316125578789226	449.02509999999995	1127.7317583886665
0.03490658503988659	242.06949999999998	732.1489621786666
0.03665191429188092	89.55602999999999	706.2605483423332
0.03839724354387525	160.82543333333334	790.145795295
0.040142572795869566	143.13566666666668	581.7242999843332
0.04188790204786391	79.36517666666666	413.0995016283333
0.043633231299858244	85.20374999999999	450.83646855899997
0.04537856055185256	100.01409333333334	473.43678670633335
0.047123889803846894	91.35341666666666	401.5017185953334
0.04886921905584122	80.20752	342.74747689199995
0.05061454830783555	64.75378999999998	323.72996270899995
0.05235987755982988	66.56593333333333	312.9759519853333
0.054105206811824215	61.86118333333333	280.02183135366664
0.05585053606381855	52.52338333333333	259.5017049206666
0.05759586531581287	68.82888	271.4602301366666
0.059341194567807204	63.167379999999994	249.3781236723333
0.061086523819801536	43.23285666666667	216.23875156166665
0.06283185307179587	46.853633333333335	214.90851681566664
0.0645771823237902	41.686119999999995	202.11348179166663
0.06632251157578452	37.34254333333333	188.53822611766668
0.06806784082777885	38.77303333333333	181.34347223833333
0.06981317007977318	32.653893	170.80817699266666
0.0715584993317675	37.26209	173.21296245399998
0.07330382858376185	34.109336666666664	161.48463859999998
0.07504915783575618	25.532183333333336	146.74382041166666
0.0767944870877505	27.128846666666664	147.45642081833333
0.07853981633974483	20.932779	137.28215287433332
0.08028514559173913	18.72685333333333	131.40440046966665
0.08203047484373349	20.236226666666663	128.28083894446667
0.08377580409572782	16.84296833333333	120.11206810940001
0.08552113334772216	20.974586666666667	124.91385611
0.08726646259971649	17.81355	120.9307343516
0.08901179185171079	14.377782666666665	114.04535303826665
0.09075712110370512	16.769889999999997	112.1718142206
0.09250245035569944	10.348590666666666	100.04109446063333
0.09424777960769379	10.083984666666666	98.68653309963334
0.09599310885968812	12.014379999999997	100.78875620193334
0.09773843811168244	9.844629	95.62263567023334
0.09948376736367677	15.578143333333333	98.59932392393333
0.1012290966156711	13.135266666666666	92.59128951046667
0.10297442586766543	9.163825	86.46681772653332
0.10471975511965977	11.277834666666665	87.63934579343334
0.10646508437165408	6.701604666666666	79.87676293476667
0.10821041362364843	6.707953333333333	77.99069369623334
0.10995574287564276	8.272206333333333	77.91323102043333
0.1117010721276371	5.790475333333333	72.93553044306665
0.11344640137963143	9.901674333333332	76.238535015
0.11519173063162574	8.851947333333333	73.6298642326
0.11693705988362009	5.647336666666666	69.08563813143333
0.11868238913561441	6.407338666666666	68.63053820253333
0.12042771838760875	3.618772333333333	62.5060180895
0.12217304763960307	4.676223333333333	61.78227845836666
0.12391837689159738	6.058651333333334	62.75500267613334
0.12566370614359174	4.040824	59.87123823273333
0.12740903539558604	7.051506333333333	62.191355219399995
0.1291543646475804	7.007747999999999	59.84978226363333
0.13089969389957473	5.821150666666666	56.68734370419999
0.13264502315156904	6.3326199999999995	56.6267299084
0.1343903524035634	3.391157333333333	52.183198457433335
0.1361356816555577	4.344603333333333	51.75617282003333
0.13788101090755206	6.3330269999999995	52.5254136361
0.13962634015954636	4.957846	50.14636423483333
0.1413716694115407	6.580268666666666	51.760395163333335
0.143116998663535	5.823876666666667	49.8788433734
0.14486232791552936	4.587554333333333	47.16002051783333
0.1466076571675237	5.412304	47.36087377663333
0.148352986419518	3.0967493333333334	44.39594816186667
0.15009831567151236	2.764787333333333	43.8616937493
0.15184364492350666	4.201534333333333	44.585482491866664
0.153588974175501	3.3888869999999995	42.64148418453333
0.15533430342749535	4.225654	43.4911381014
0.15707963267948966	3.4037956666666664	42.44682131803333
0.158824961931484	1.9817406666666666	40.3572165956
0.16057029118347826	2.650187	40.3329285506
0.16231562043547265	1.8359329999999998	38.383635267866666
0.16406094968746698	1.5698699333333332	37.65447745629999
0.16580627893946132	2.2384663333333332	37.97730338346666
0.16755160819145565	1.838063	36.526158499333334
0.16929693744344992	2.8796653333333326	36.909534821899996
0.1710422666954443	2.7203866666666663	36.16360991616666
0.17278759594743864	1.7776668666666664	34.548161971966664
0.17453292519943298	2.1891473333333336	34.2985501257
0.17627825445142725	1.832057	32.757367742233335
0.17802358370342158	2.092799	32.16996133586666
0.17976891295541597	2.988086	32.820281619633334
0.18151424220741025	2.405507666666667	31.9000826316
0.18325957145940458	2.820193	31.940766289333332
0.18500490071139888	2.879481666666666	31.333423849833338
0.18675022996339324	2.020894	29.848463469566667
0.18849555921538758	2.1900856666666666	29.8574528217
0.1902408884673819	2.018894333333333	29.465847656733335
0.19198621771937624	1.786111	29.01401354053333
0.19373154697137057	2.397610333333333	29.4519958942
0.19547687622336488	1.983037333333333	28.705878502566666
0.19722220547535924	1.7408449999999998	28.316032919500003
0.19896753472735354	1.7750923333333333	28.1187325202
0.2007128639793479	1.2694698333333332	27.180166860866667
0.2024581932313422	1.2661406666666668	26.882771429433333
0.20420352248333656	1.4415833333333332	26.710962665066667
0.20594885173533087	1.2283447666666665	26.193390857733334
0.20769418098732523	1.4738623333333334	26.28959765633333
0.20943951023931953	1.3434633333333332	25.757545128533337
0.2111848394913139	1.0748668666666665	24.960494559866667
0.21293016874330817	1.1333087	24.517572075033332
0.21467549799530256	1.0757498666666667	23.981236993399996
0.21642082724729686	1.0348456333333333	23.743546382699996
0.2181661564992912	1.1957119999999999	23.761786824066665
0.21991148575128552	1.1336886666666666	23.240811472933334
0.22165681500327983	1.2897062666666665	22.8736397797
0.2234021442552742	1.2900569333333334	22.450164455933333
0.22514747350726852	1.1426207666666666	22.0236181577
0.22689280275926285	1.1975484	21.95308946623333
0.22863813201125716	1.2363554666666665	21.721209523800002
0.2303834612632515	1.2850668	21.327531822599997
0.23212879051524585	1.5318443333333331	21.265861930466663
0.23387411976724018	1.3230383333333333	20.841684821566666
0.23561944901923448	1.271021	20.577236482766665
0.23736477827122882	1.3736872333333334	20.43952446733333
0.23911010752322315	1.1295197	19.893927050366663
0.2408554367752175	1.0998336666666666	19.646300120666666
0.24260076602721184	1.2358719999999999	19.632086548533334
0.24434609527920614	1.0378364666666666	19.20216596143333
0.24609142453120048	1.2263882	19.165839098799996
0.24783675378319475	1.1361019333333333	18.859911897866667
0.24958208303518917	0.7266728666666668	18.277054904333333
0.25132741228718347	0.7826717666666667	18.214318330733335
0.2530727415391778	0.8045203666666666	18.018059809999997
0.2548180707911721	0.7386988999999999	17.762000262999997
0.25656340004316636	0.9552817666666666	17.891108025433333
0.2583087292951608	0.7287559	17.4804055673
0.26005405854715513	0.6811638666666666	17.237928543699997
0.26179938779914946	0.8048531999999998	17.1466436566
0.2635447170511437	0.5969747999999999	16.7169248927
0.26529004630313807	0.5760792333333332	16.660370487599998
0.26703537555513246	0.6258337333333333	16.62955794563333
0.2687807048071268	0.5731829666666666	16.36049470853333
0.270526034059121	0.8744719000000001	16.537277182233332
0.2722713633111154	0.7656564333333332	16.2766947255
0.2740166925631097	0.5681402	15.941684502066668
0.2757620218151041	0.6053329333333333	15.873266959599997
0.27750735106709834	0.47382196666666665	15.51746030673333
0.2792526803190927	0.5746641666666665	15.527714209699997
0.280998009571087	0.7231782999999999	15.719564355966668
0.2827433388230814	0.5350507	15.411145968833333
0.2844886680750758	0.7658201	15.4298458455
0.28623399732707	0.7758615999999999	15.162286250566666
0.28797932657906433	0.5642208	14.768385789
0.2897246558310587	0.6369802999999999	14.898072261466666
0.291469985083053	0.4863895333333333	14.704045085966666
0.2932153143350474	0.5431874999999999	14.515716771833333
0.29496064358704166	0.9593067999999999	14.6496180659
0.296705972839036	0.7816976	14.232319003
0.2984513020910303	0.7293303666666666	14.158011278499998
0.3001966313430247	0.7305246	14.166502361633334
0.301941960595019	0.46937166666666663	13.740508876833333
0.3036872898470133	0.6209081999999999	13.721768546333331
0.30543261909900765	0.6975791	13.623151321833333
0.307177948351002	0.5008938	13.290803281133332
0.3089232776029963	0.7185569999999999	13.457990418966666
0.3106686068549907	0.6432618333333333	13.231577534300001
0.312413936106985	0.4699638666666666	12.945426149066666
0.3141592653589793	0.48152963333333326	12.922947018299997
0.31590459461097364	0.2747814	12.587095361466666
0.317649923862968	0.3004984666666667	12.502474880966666
0.3193952531149623	0.5101607333333333	12.585782766733333
0.32114058236695653	0.39615103333333324	12.294062027666664
0.32288591161895097	0.4541903333333333	12.290729872666667
0.3246312408709453	0.38217033333333333	12.108287129766666
0.32637657012293964	0.25814023333333336	11.8187692148
0.32812189937493397	0.38155113333333335	11.881362016166666
0.32986722862692824	0.3165092333333333	11.722495158666664
0.33161255787892263	0.30425846666666667	11.601540012266668
0.3333578871309169	0.5224323333333333	11.724420869100001
0.3351032163829113	0.4446382	11.462751573066665
0.3368485456349056	0.5107964333333332	11.421094075866666
0.33859387488689985	0.5231302	11.386786058566665
0.34033920413889424	0.3168374666666667	11.067151384933332
0.3420845333908886	0.4200743	11.069445939100001
0.3438298626428829	0.5098621333333333	11.042838276233333
0.3455751918948773	0.43205403333333336	10.860446236399998
0.34732052114687156	0.6031993666666666	10.991721263266665
0.34906585039886595	0.5308122	10.804698688766665
0.3508111796508603	0.4175236	10.5775174174
0.3525565089028545	0.4566010333333333	10.578707920333333
0.3543018381548489	0.3219592666666667	10.405578488783332
0.35604716740684317	0.3235713333333333	10.39983323539
0.35779249665883756	0.49071756666666666	10.502425074766666
0.35953782591083194	0.41890493333333334	10.28299500381
0.3612831551628262	0.4238322666666666	10.25373796495
0.3630284844148205	0.34235953333333335	10.199739346463332
0.3647738136668149	0.2130549	10.089847577596666
0.36651914291880916	0.3034925	10.212162997093333
0.36826447217080355	0.32344766666666663	10.168472539483334
0.37000980142279777	0.25729403333333334	9.999134526759999
0.3717551306747922	0.31454703333333334	10.009192524709999
0.3735004599267865	0.24552726666666663	9.884502420519999
0.3752457891787809	0.27350611999999996	9.92093927776
0.37699111843077515	0.2977239666666667	10.003406167006666
0.3787364476827695	0.15729526333333332	9.822737374816665
0.3804817769347638	0.15003895666666667	9.676257690553332
0.38222710618675815	0.2317974	9.563777453253334
0.3839724354387525	0.23675459999999998	9.433835804276667
0.38571776469074687	0.32981463333333333	9.574402910403332
0.38746309394274114	0.2440032	9.547819615166667
0.3892084231947355	0.15105583333333333	9.336372951673333
0.39095375244672975	0.25196976666666665	9.16974953445
0.39269908169872414	0.2850391	8.948933656416665
0.39444441095071847	0.2826320333333333	8.895786794743332
0.3961897402027128	0.35459479999999993	9.060058275989999
0.3979350694547071	0.3013879	8.967221130573332
0.39968039870670136	0.3690188333333333	8.794121064726667
0.4014257279586958	0.4493113333333333	8.595970862483334
0.4031710572106902	0.3433527666666666	8.382200609853331
0.4049163864626844	0.30221533333333334	8.426970189869998
0.4066617157146788	0.3855808333333333	8.561156925513332
0.4084070449666731	0.41867356666666666	8.459101304659999
0.41015237421866746	0.4933675333333333	8.320321631186667
0.41189770347066174	0.41400143333333334	8.125562863376667
0.413643032722656	0.24324693333333328	8.02520693334
0.41538836197465046	0.24520733333333333	8.154019218713334
0.4171336912266447	0.3449784	8.253032411900001
0.41887902047863906	0.35857910000000004	8.156069631266666
0.42062434973063334	0.32018156666666664	8.013434331416667
0.4223696789826278	0.18135606666666665	7.850422879216666
0.4241150082346221	0.12628588666666668	7.880735490313334
0.42586033748661634	0.19615300000000002	8.052244683163332
0.4276056667386108	0.23153400333333332	8.104672050923334
0.4293509959906051	0.17470861666666665	7.977205703259999
0.43109632524259933	0.12216641333333333	7.790713079816666
0.4328416544945937	0.09187179999999998	7.65053514452
0.434586983746588	0.16543826666666667	7.76472286651
0.4363323129985824	0.19683773333333332	7.936625929596667
0.43807764225057666	0.13584646666666667	7.938772792830001
0.43982297150257105	0.09958885333333334	7.77669135707
0.44156830075456543	0.14387326666666667	7.56368778633
0.44331363000655966	0.20063586666666666	7.463059771816667
0.445058959258554	0.2610474666666666	7.627318863020001
0.4468042885105484	0.20005676666666666	7.7613507369366666
0.44854961776254265	0.1448672933333333	7.709190084276665
0.45029494701453704	0.2090418	7.52329513396
0.4520402762665313	0.28749986666666666	7.322818853076666
0.4537856055185257	0.2989716	7.313139636736666
0.45553093477052	0.28386823333333333	7.526505301213334
0.4572762640225143	0.2081283833333333	7.59852043478
0.45902159327450864	0.2430218333333333	7.478837365146667
0.460766922526503	0.3320951	7.236872352299999
0.46251225177849725	0.3107821	7.037719224643333
0.4642575810304917	0.24867616666666664	7.1236211843233335
0.46600291028248597	0.23123629999999998	7.361896768213333
0.46774823953448036	0.2200784	7.3783077954300005
0.4694935687864746	0.301108	7.20907556308
0.47123889803846897	0.2969424333333333	6.902537594646667
0.4729842272904633	0.17845746666666665	6.715233264226666
0.47472955654245763	0.13643586333333332	6.871456011993333
0.4764748857944519	0.17319466666666666	7.0952238801566665
0.4782202150464463	0.20502646333333333	7.0899261316099995
0.4799655442984406	0.24370453333333333	6.907045874743333
0.481710873550435	0.1513390633333333	6.5826812669666666
0.48345620280242924	0.06673387	6.466743781576666
0.4852015320544237	0.09652801	6.659654757689999
0.48694686130641796	0.13789003	6.8349146301233334
0.4886921905584123	0.15059366333333332	6.821804945616667
0.49043751981040656	0.13275964	6.623072965753332
0.49218284906240095	0.06382083	6.339284861593333
0.4939281783143953	0.10539444999999999	6.346540781
0.4956735075663895	0.15139858	6.5408127863433325
0.4974188368183839	0.13546963333333334	6.655289980913333
0.49916416607037833	0.12349349999999999	6.60720537932
0.5009094953223726	0.09571524666666666	6.354529546799999
0.5026548245743669	0.11556242666666666	6.147452315283333
0.5044001538263612	0.23381016666666665	6.28258841796
0.5061454830783556	0.21352866666666664	6.4703518847399994
0.5078908123303499	0.15388696666666665	6.55388733535
0.5096361415823442	0.14806824666666665	6.440778336413333
0.5113814708343385	0.12886862999999998	6.1181078405600005
0.5131268000863327	0.19420513333333334	5.99442359633
0.5148721293383272	0.27877179999999996	6.208502093569999
0.5166174585903216	0.1927874333333333	6.399863973173333
0.5183627878423158	0.16403731	6.482260159300001
0.5201081170943103	0.1758571	6.280346426226666
0.5218534463463045	0.1468456	5.9021382880866655
0.5235987755982989	0.1908074333333333	5.828478597316666
0.5253441048502931	0.2000018	6.043594184876666
0.5270894341022874	0.12840946	6.248912029496666
0.5288347633542818	0.17814126666666666	6.34095617939
0.5305800926062761	0.18425323333333332	6.072912237003334
0.5323254218582705	0.13366021666666666	5.706719067693332
0.5340707511102649	0.13571676666666666	5.65924069762
0.5358160803622593	0.10217792666666665	5.83064140474
0.5375614096142536	0.09759550666666666	6.04316182184
0.5393067388662478	0.18652689999999997	6.1147554452033335
0.541052068118242	0.15740946666666666	5.82438465007
0.5427973973702365	0.10327805333333331	5.543609756123333
0.5445427266222308	0.08233449666666667	5.527277928553333
0.5462880558742251	0.049449469999999995	5.674746359753333
0.5480333851262194	0.08972124	5.87892692817
0.5497787143782138	0.14364816333333333	5.878197616793333
0.5515240436302082	0.09215373666666667	5.58543074123
0.5532693728822025	0.07664587	5.392678405033333
0.5550147021341967	0.06250347666666667	5.3938297966799995
0.5567600313861911	0.054792806666666666	5.545904439786666
0.5585053606381855	0.09427663666666666	5.716622107893333
0.5602506898901798	0.08760440666666666	5.619594521876666
0.561996019142174	0.06318860333333332	5.339263370106666
0.5637413483941685	0.10869229999999999	5.197082571046666
0.5654866776461628	0.10842740666666667	5.198187827656666
0.5672320068981571	0.12101654333333331	5.3649030197766665
0.5689773361501516	0.12861633333333333	5.483873272423333
0.5707226654021459	0.08158371	5.3261571942099994
0.57246799465414	0.10379339333333333	5.1013849773399995
0.5742133239061344	0.17581879999999997	5.010571012016666
0.5759586531581287	0.1694215	5.043247721433333
0.5777039824101231	0.1832615333333333	5.235152104276666
0.5794493116621174	0.15504843333333332	5.298396830393333
0.5811946409141118	0.09984165666666667	5.122782258196667
0.582939970166106	0.14428513333333332	4.9608193677033325
0.5846852994181004	0.19185313333333331	4.915727687056666
0.5864306286700948	0.17149466666666663	5.00818337478
0.5881759579220891	0.18274093333333333	5.223705584223333
0.5899212871740833	0.13946659333333333	5.24734295742
0.5916666164260775	0.09946085333333332	5.08514780748
0.593411945678072	0.1313373	4.950861977833334
0.5951572749300664	0.13451496666666668	4.909840195529999
0.5969026041820606	0.1127584	5.02589043255
0.5986479334340549	0.12470276666666665	5.2174871242766665
0.6003932626860494	0.0882773	5.21357392818
0.6021385919380438	0.07236668333333332	5.088745318496667
0.603883921190038	0.07736969333333332	4.96630346274
0.6056292504420324	0.054255743333333335	4.913281850253334
0.6073745796940266	0.047613376666666665	5.005032897363333
0.609119908946021	0.06077508666666666	5.116997975079999
0.6108652381980153	0.04630518	5.080637076626667
0.6126105674500095	0.05985767666666667	4.992023602403333
0.614355896702004	0.05059067666666667	4.88748337446
0.6161012259539983	0.03211890333333333	4.847420059353333
0.6178465552059926	0.04620115333333333	4.912060072013333
0.6195918844579871	0.05864220666666667	4.942949469199999
0.6213372137099814	0.06933417666666666	4.878389614963333
0.6230825429619757	0.10538464666666666	4.800669206113334
0.62482787221397	0.08862264333333332	4.698833918489999
0.6265732014659642	0.07857682666666665	4.669454583426666
0.6283185307179586	0.09716021666666666	4.707017116783332
0.630063859969953	0.10302149333333332	4.692676695876666
0.6318091892219473	0.1279427	4.635909005476666
0.6335545184739415	0.16604200000000002	4.579904528203333
0.635299847725936	0.13556151	4.491757882476667
0.6370451769779303	0.11919207333333333	4.467031545329999
0.6387905062299246	0.12430767999999999	4.472103173763333
0.6405358354819191	0.12026356666666667	4.436941028730001
0.6422811647339131	0.14292143333333332	4.40750693183
0.6440264939859075	0.1666489	4.388570817163334
0.6457718232379019	0.12736407666666666	4.334045811403333
0.6475171524898962	0.10808871666666665	4.31492036579
0.6492624817418906	0.10397460666666666	4.291894141166666
0.6510078109938849	0.09422892999999999	4.254331064776666
0.6527531402458793	0.10381099	4.2629198383533335
0.6544984694978735	0.11219123999999998	4.29615768513
0.6562437987498679	0.08315551666666667	4.28867798958
0.6579891280018623	0.07918655999999999	4.26776750712
0.6597344572538565	0.07751446333333334	4.200868775156667
0.6614797865058508	0.06386106666666666	4.135539035733333
0.6632251157578453	0.05930051333333333	4.150565116279999
0.6649704450098396	0.06360356333333332	4.221749716053333
0.6667157742618338	0.05781762666666666	4.26364807662
0.668461103513828	0.07258078	4.254944217753333
0.6702064327658226	0.07078330666666666	4.163845889249999
0.6719517620178169	0.05043711000000001	4.07137582828
0.6736970912698113	0.03958639333333333	4.068648941739999
0.6754424205218055	0.05181349	4.14183985494
0.6771877497737997	0.06412376666666667	4.198162815473333
0.6789330790257941	0.07969506999999999	4.189235559466667
0.6806784082777885	0.06774696333333333	4.093094952533333
0.6824237375297828	0.04685915833333333	4.008007632926667
0.6841690667817772	0.043963404	4.015604249516667
0.6859143960337715	0.06894124039999999	4.098243169606667
0.6876597252857658	0.08759095333333333	4.156071977433333
0.6894050545377601	0.08888130333333333	4.124684470646667
0.6911503837897546	0.06685104	4.008618933276667
0.6928957130417489	0.05907522333333333	3.9359805231866667
0.6946410422937431	0.06781301666666667	3.970928384513333
0.6963863715457373	0.09353747666666665	4.080478565926667
0.6981317007977319	0.11156750333333333	4.153285502286667
0.6998770300497262	0.10650118	4.096862604326667
0.7016223593017206	0.09098382666666667	3.9405456741633333
0.7033676885537148	0.10689140999999999	3.8564224245266665
0.705113017805709	0.11432695	3.8981722809033332
0.7068583470577035	0.11553064333333332	4.025455456536666
0.7086036763096978	0.12565373333333332	4.123871275619999
0.710349005561692	0.12655229666666665	4.064444861863333
0.7120943348136863	0.12580903999999998	3.8837106934066665
0.7138396640656808	0.15723286666666664	3.7836189078666664
0.7155849933176751	0.14746668333333332	3.8061517272666667
0.7173303225696694	0.11231032333333332	3.9139972301866663
0.7190756518216639	0.10982529999999999	4.006401975196667
0.7208209810736581	0.11482808	3.94301250581
0.7225663103256524	0.11521366	3.769341612283333
0.7243116395776467	0.13880325333333332	3.689072020326667
0.726056968829641	0.11181465666666668	3.718814608663333
0.7278022980816354	0.06441752333333334	3.811791689403333
0.7295476273336298	0.06252878	3.8689197540133335
0.7312929565856241	0.07033865666666667	3.7699994564633332
0.7330382858376183	0.06344501333333333	3.59301753149
0.7347836150896128	0.06840303666666665	3.532686950293333
0.7365289443416071	0.03957632666666666	3.5897146935466666
0.7382742735936013	0.014878328	3.703291880863333
0.7400196028455955	0.02689873	3.7463759520333335
0.7417649320975901	0.03728249066666667	3.6225856656333333
0.7435102613495844	0.03177385066666666	3.44283742335
0.7452555906015788	0.030256411666666667	3.3799808511033334
0.747000919853573	0.01626772333333333	3.442922817763333
0.7487462491055674	0.026123589999999995	3.5778186181599994
0.7504915783575618	0.043251532999999995	3.6264439934599997
0.752236907609556	0.045634913519999994	3.5141513379333333
0.7539822368615503	0.04767330433333333	3.3620073520366667
0.7557275661135445	0.05196389333333333	3.2982579811366666
0.757472895365539	0.0555474	3.3486680360666665
0.7592182246175333	0.0867787	3.4820579332133335
0.7609635538695276	0.09144125666666666	3.529094894483333
0.7627088831215221	0.07787746333333333	3.4454260065433333
0.7644542123735163	0.08639771666666665	3.3422646928799997
0.7661995416255106	0.09544903	3.2917991001766667
0.767944870877505	0.10542822333333332	3.3304036872966662
0.7696902001294994	0.13715983333333331	3.4415690232566662
0.7714355293814937	0.1210462633333333	3.46301113136
0.773180858633488	0.09459736666666665	3.39118986179
0.7749261878854823	0.10424056666666666	3.32282372299
0.7766715171374765	0.10869134666666666	3.2888745845733327
0.778416846389471	0.11534242	3.332358704873333
0.7801621756414653	0.14062332333333333	3.4299112873533333
0.7819075048934595	0.11452853333333332	3.42636717694
0.7836528341454538	0.08828548666666666	3.3493769445866666
0.7853981633974483	0.09399216333333334	3.278163268583333
0.7871434926494427	0.08523658666666667	3.232712826726666
0.7888888219014369	0.08414214333333332	3.272905273616667
0.7906341511534312	0.10420946999999998	3.3658582763233333
0.7923794804054256	0.08264294666666666	3.3667962914033334
0.7941248096574199	0.06833296266666666	3.3092830743499997
0.7958701389094142	0.07113527566666666	3.2388609241866666
0.7976154681614087	0.05470530199999999	3.1767669869599997
0.7993607974134027	0.05074805433333333	3.1976149402633336
0.8011061266653973	0.06435946	3.2686678766766666
0.8028514559173916	0.04779875	3.27560336408
0.8045967851693858	0.04303823333333333	3.24676203748
0.8063421144213804	0.04395325	3.189664249123333
0.8080874436733746	0.035750033333333334	3.1328669551933332
0.8098327729253688	0.043665876666666666	3.1491244457566663
0.8115781021773631	0.05343651	3.2023608310333334
0.8133234314293576	0.039420956666666666	3.2166353629633333
0.815068760681352	0.03902189266666667	3.20784907381
0.8168140899333463	0.03633214333333333	3.1522203848099997
0.8185594191853405	0.04124517933333333	3.0978904891
0.8203047484373349	0.06289845866666667	3.1113474226599998
0.8220500776893291	0.06617772033333333	3.1518241510566662
0.8237954069413235	0.05398663933333332	3.178693326176666
0.8255407361933177	0.06207382333333333	3.18990796847
0.827286065445312	0.06103810666666666	3.1352148021899997
0.8290313946973066	0.07455380666666667	3.0819031852766665
0.8307767239493009	0.09632685333333335	3.0889685009533334
0.8325220532012951	0.08216519333333333	3.1141307745700004
0.8342673824532894	0.06641365666666665	3.1457628897566665
0.8360127117052839	0.08506508999999998	3.1680050715166663
0.8377580409572781	0.09106812666666665	3.1143807927166667
0.8395033702092725	0.10829295666666666	3.0622248142800004
0.8412486994612667	0.12264169999999999	3.061561697686667
0.8429940287132611	0.09263044	3.0740162694833337
0.8447393579652556	0.07193934333333332	3.1075064209166667
0.8464846872172498	0.09299312666666666	3.138030450033333
0.8482300164692442	0.09673891666666667	3.092426017496667
0.8499753457212386	0.10601456	3.04318832242
0.8517206749732327	0.11286533333333333	3.02844125658
0.853466004225227	0.08457966	3.021473442003333
0.8552113334772216	0.06903472999999999	3.044909989203333
0.8569566627292158	0.08555565999999999	3.076950881223333
0.8587019919812102	0.07574150666666667	3.0494552221699998
0.8604473212332044	0.06711373	3.0162619310366665
0.8621926504851987	0.06720852999999999	2.99584703967
0.8639379797371932	0.05448027466666667	2.97294554152
0.8656833089891874	0.05265147566666667	2.9767336187533333
0.8674286382411818	0.06378165333333333	2.993712840363333
0.869173967493176	0.04405896666666667	2.9736010016466663
0.8709192967451702	0.027201965999999998	2.9525178213733327
0.8726646259971648	0.028846391	2.9319127832666667
0.8744099552491591	0.033775861666666664	2.9087226334933334
0.8761552845011533	0.039865153333333334	2.9090906825999996
0.8779006137531478	0.04040891666666667	2.920008597853333
0.8796459430051421	0.018461929	2.90573560759
0.8813912722571363	0.011120048333333334	2.88617090043
0.8831366015091309	0.025359576666666665	2.853635349596667
0.8848819307611251	0.043929656666666664	2.824389824693333
0.8866272600131193	0.048691156666666666	2.8254936434999998
0.8883725892651138	0.03622483666666666	2.842360074906667
0.890117918517108	0.018329141333333333	2.846566113546667
0.8918632477691024	0.027946074333333328	2.839649790856666
0.8936085770210968	0.050878349999999996	2.8028078099999996
0.895353906273091	0.069196412	2.7673284097233335
0.8970992355250853	0.06787978766666666	2.764629766173333
0.8988445647770799	0.05247618666666666	2.780968341953333
0.9005898940290741	0.049399853333333334	2.7950729592399997
0.9023352232810684	0.07606472666666667	2.79895001301
0.9040805525330626	0.09243094999999998	2.764571312833333
0.9058258817850569	0.08830769000000001	2.7285397013733332
0.9075712110370514	0.07263619666666667	2.7247200794399995
0.9093165402890456	0.060751139999999995	2.739031629236667
0.91106186954104	0.07544803666666666	2.7545692859199997
0.9128071987930344	0.11546282	2.7638702475166665
0.9145525280450286	0.12112376999999999	2.7346836104433336
0.9162978572970231	0.09120581333333333	2.6983984065233333
0.9180431865490173	0.061143590000000005	2.6874204615233332
0.9197885158010117	0.05042779666666667	2.6899679458066665
0.921533845053006	0.06763509333333333	2.6946315903399993
0.9232791743050003	0.10420648333333334	2.7031962153566664
0.9250245035569945	0.10180544666666666	2.6860400452333337
0.9267698328089891	0.06618025333333333	2.66172335151
0.9285151620609834	0.04187112333333333	2.6523466651299996
0.9302604913129776	0.03938659	2.646436854986667
0.9320058205649719	0.04852045	2.6363871734199997
0.9337511498169662	0.06490082333333333	2.633474843723333
0.9354964790689607	0.05255508333333332	2.616966262203333
0.9372418083209549	0.02631248333333333	2.59918839872
0.9389871375729492	0.02237856766666667	2.5943403385800003
0.9407324668249435	0.03445463666666666	2.5928358696533333
0.9424777960769379	0.038441869999999996	2.58873378709
0.9442231253289324	0.03725262066666666	2.5914261126266664
0.9459684545809266	0.01990713933333333	2.579592095393333
0.9477137838329208	0.008469254866666666	2.5612889339566665
0.9494591130849153	0.021069093999999997	2.5478024509266666
0.9512044423369096	0.03722764766666666	2.53799103502
0.9529497715889038	0.034621099999999995	2.5371876919200003
0.9546951008408984	0.025356276666666667	2.553988589333333
0.9564404300928926	0.012598217333333332	2.5597648745533332
0.9581857593448869	0.018678966666666665	2.5541415655499997
0.9599310885968813	0.040521409999999994	2.539361260603333
0.9616764178488755	0.04894856333333334	2.515779020666667
0.96342174710087	0.036721753333333336	2.5027925043466666
0.9651670763528643	0.025197142999999998	2.5165514517566665
0.9669124056048585	0.018725964666666664	2.52879394002
0.9686577348568528	0.03616894666666666	2.5377820321133333
0.9704030641088474	0.05995726333333333	2.5357912288233333
0.9721483933608416	0.058776743333333326	2.51389466871
0.9738937226128359	0.043354630000000005	2.4953386539999998
0.9756390518648301	0.037674419699999996	2.499530296403333
0.9773843811168246	0.03489130666666666	2.5009188207633333
0.9791297103688189	0.05097089666666666	2.5059042746366664
0.9808750396208131	0.06777957999999999	2.5066787764900003
0.9826203688728073	0.05907264333333333	2.48820208381
0.9843656981248019	0.048968383333333323	2.4752252986966665
0.9861110273767961	0.05604558	2.4850461934266663
0.9878563566287906	0.054567933333333325	2.4874173882933333
0.9896016858807848	0.05886882666666666	2.4917784465066664
0.991347015132779	0.06254871666666667	2.490155939526667
0.9930923443847736	0.04864174333333333	2.4634567136899994
0.9948376736367678	0.04646145266666667	2.442404171123333
0.9965830028887621	0.06653149333333333	2.450522670003333
0.9983283321407567	0.06632138333333333	2.4575647028133334
1.0000736613927508	0.05788616666666666	2.4728066840599996
1.0018189906447452	0.04946403666666666	2.4828080056766666
1.0035643198967397	0.03306365333333333	2.4576224103433333
1.0053096491487339	0.03495958666666667	2.4271620857733334
1.007054978400728	0.06034895999999999	2.423905168533333
1.0088003076527223	0.06184265	2.4258350930933332
1.0105456369047165	0.04907848633333334	2.4452744699166664
1.0122909661567112	0.037917766666666665	2.4654405230666665
1.0140362954087054	0.024793906666666664	2.44632488169
1.0157816246606999	0.026642801	2.4105116938366664
1.017526953912694	0.04566101433333333	2.3951367303333333
1.0192722831646883	0.043973072700000004	2.3892780606699997
1.0210176124166828	0.0333120834	2.4092029056666666
1.022762941668677	0.028493261299999996	2.4362197961133334
1.0245082709206712	0.025342726	2.42531772167
1.0262536001726654	0.029323995	2.3898603264933334
1.02799892942466	0.03770713666666667	2.3647725076399997
1.0297442586766543	0.028079283333333333	2.3492172815366663
1.0314895879286488	0.01963425333333333	2.36398281284
1.0332349171806432	0.021105086666666665	2.38873752545
1.0349802464326374	0.026281216666666666	2.3804391798966664
1.0367255756846316	0.03529491333333333	2.34897216687
1.0384709049366259	0.03880530333333333	2.32255134387
1.0402162341886205	0.024843625666666664	2.30618416997
1.041961563440615	0.021472339999999996	2.32533362434
1.043706892692609	0.02864803666666666	2.3536690360099994
1.0454522219446034	0.03543967666666667	2.3467807883766665
1.0471975511965979	0.046114880000000004	2.3149386526799995
1.048942880448592	0.04845944	2.27974146667
1.0506882097005863	0.03201005333333333	2.2507176897866668
1.0524335389525805	0.03352893633333333	2.267568990913333
1.0541788682045747	0.04761417	2.3051233388399996
1.0559241974565694	0.05320470666666666	2.3115548480766663
1.0576695267085636	0.06166443	2.293283794003333
1.059414855960558	0.06574558	2.2628084947566665
1.0611601852125523	0.04870931333333334	2.22362435187
1.0629055144645467	0.04974184666666666	2.2266832605366664
1.064650843716541	0.06533745999999999	2.2578462635
1.0663961729685352	0.06444720333333333	2.2623292027099997
1.0681415022205298	0.06327234666666666	2.2461660866966664
1.069886831472524	0.06888415333333332	2.2236590645133334
1.0716321607245185	0.05817781666666666	2.19067226515
1.0733774899765127	0.060083023333333326	2.19407714223
1.0751228192285072	0.07399166666666666	2.225459150673333
1.0768681484805014	0.06564977633333333	2.2283029278599997
1.0786134777324956	0.05144211833333333	2.2056849084166665
1.0803588069844898	0.05369545166666667	2.1796851813933333
1.082104136236484	0.049984790333333334	2.1478563350933335
1.0838494654884787	0.053265291	2.149180589023333
1.085594794740473	0.06294102466666665	2.178565006356666
1.0873401239924672	0.051716146666666664	2.1855323476999997
1.0890854532444616	0.033620791	2.1682182624866666
1.0908307824964558	0.03465428233333333	2.1468583535666665
1.0925761117484503	0.03658960666666666	2.1202190312699996
1.0943214410004445	0.041073759999999994	2.1190653282866667
1.0960667702524387	0.044481773333333335	2.1388773300866664
1.0978120995044334	0.03211136233333334	2.1433916253166663
1.0995574287564276	0.017932586666666667	2.1330707931066666
1.101302758008422	0.01985542	2.120415859023333
1.1030480872604165	0.023512902333333335	2.1027245541166666
1.1047934165124107	0.03077910066666667	2.1053570296666666
1.106538745764405	0.03408098233333333	2.119196944423333
1.1082840750163991	0.025918166666666666	2.1182509338266664
1.1100294042683934	0.020069616999999998	2.109933900033333
1.111774733520388	0.020806128	2.100586527566666
1.1135200627723822	0.016216886333333333	2.0872295421366664
1.1152653920243765	0.020789301	2.0966779531933333
1.117010721276371	0.02831186933333333	2.1137078651733336
1.1187560505283651	0.030710677666666665	2.1114929438533334
1.1205013797803596	0.038310734666666665	2.1008827599066664
1.1222467090323538	0.041228016666666666	2.085602574883333
1.123992038284348	0.025825823666666668	2.0656916875866664
1.1257373675363422	0.021556530999999997	2.076815650616666
1.127482696788337	0.029222760333333334	2.1023770716633328
1.1292280260403311	0.03818065666666667	2.1070032388433333
1.1309733552923256	0.05579983333333333	2.0971576521533333
1.13271868454432	0.06468790666666666	2.07432812594
1.1344640137963142	0.04721243333333333	2.0415200739666663
1.1362093430483085	0.039572218666666666	2.04512587196
1.1379546723003031	0.04718619666666666	2.074341361366667
1.139700001552297	0.055323449999999996	2.0865816646866664
1.1414453308042918	0.06983155666666667	2.080677420013333
1.143190660056286	0.07667508	2.0572528358
1.14493598930828	0.059872783333333325	2.02042414606
1.1466813185602747	0.05567736399999999	2.02027356335
1.1484266478122689	0.06889400999999999	2.05098990105
1.150171977064263	0.07844028333333333	2.06517218687
1.1519173063162573	0.08546144666666666	2.05413748892
1.1536626355682515	0.08241791999999999	2.0224314478666665
1.1554079648202462	0.06061976333333333	1.9813824242499998
1.1571532940722404	0.05557214666666666	1.9838871539533334
1.1588986233242349	0.07130124666666666	2.027223751403333
1.160643952576229	0.08431471333333332	2.0583186230966666
1.1623892818282235	0.09041826666666666	2.054019561976667
1.1641346110802178	0.08333903666666666	2.013868056243333
1.165879940332212	0.05843047333333333	1.9549744526866668
1.1676252695842066	0.04961182	1.9390736260233332
1.1693705988362009	0.06127724999999999	1.9769034541033332
1.171115928088195	0.07246274666666666	2.0214472637166665
1.1728612573401895	0.07884513666666666	2.0398149193666666
1.1746065865921838	0.07405058333333334	2.0176908460166665
1.1763519158441782	0.05188937666666667	1.9619284387433331
1.1780972450961724	0.042923983666666665	1.9321610378166665
1.1798425743481666	0.052101826999999996	1.9505921587066664
1.1815879036001609	0.05954821766666666	1.9823326080566668
1.183333232852155	0.06318650633333332	1.9989125419633331
1.18507856210415	0.06105948133333334	1.9860420250066666
1.186823891356144	0.043940248	1.9422157740666668
1.1885692206081382	0.03633919033333333	1.91738167581
1.1903145498601329	0.044834219999999994	1.9362923738566666
1.192059879112127	0.04923759866666666	1.96705113729
1.1938052083641213	0.04789524533333332	1.980423592093333
1.1955505376161155	0.04719352366666667	1.9658871165500003
1.1972958668681097	0.036793534999999995	1.9193452305100003
1.1990411961201044	0.03136745533333333	1.88391666162
1.2007865253720988	0.038827159	1.89292175557
1.2025318546240933	0.040988025	1.9248370664433332
1.2042771838760875	0.03453643703333333	1.9492515129866668
1.2060225131280817	0.033282293666666664	1.9531190491733332
1.207767842380076	0.028756679666666667	1.92196955378
1.2095131716320702	0.025364153666666667	1.88191687215
1.2112585008840648	0.031163629666666668	1.8699358851599999
1.213003830136059	0.032825569	1.8825082461099998
1.2147491593880533	0.024415445666666667	1.8994520257666665
1.2164944886400477	0.02271227533333333	1.913590525543333
1.218239817892042	0.022579982666666668	1.90628707443
1.2199851471440364	0.020767667333333333	1.88374603947
1.2217304763960306	0.024434764	1.8734411049033333
1.2234758056480248	0.02654038833333333	1.8787207644333332
1.225221134900019	0.018886187	1.8843572699733333
1.2269664641520137	0.017034030999999998	1.88951322283
1.228711793404008	0.019734911666666667	1.8827435488166666
1.2304571226560024	0.019643674	1.8643701976066664
1.2322024519079966	0.021891906666666662	1.8565336061966669
1.233947781159991	0.025759530333333336	1.8673581031566666
1.2356931104119853	0.021695298666666668	1.8804398905833333
1.23743843966398	0.020009183333333333	1.8900624242733333
1.2391837689159741	0.02269154	1.8863785442733332
1.240929098167968	0.02295615	1.8665439119033334
1.2426744274199628	0.023974156666666666	1.8487139146533331
1.244419756671957	0.03006097333333333	1.8484339483933332
1.2461650859239515	0.03165229666666666	1.8559969447466664
1.2479104151759457	0.03140017333333334	1.8660277495366666
1.24965574442794	0.03230309333333333	1.8720054944533333
1.2514010736799341	0.031520686666666665	1.8682063521366665
1.2531464029319284	0.03122962	1.8607061829233333
1.254891732183923	0.03823669666666667	1.85902993646
1.2566370614359172	0.04397793666666667	1.8546627546399999
1.2583823906879115	0.044906633333333335	1.8465870147399999
1.260127719939906	0.04374118	1.8400799294099999
1.2618730491919004	0.04174787333333333	1.8377269381766665
1.2636183784438946	0.040498434	1.8415566811799997
1.2653637076958888	0.04733353433333333	1.8538480162633333
1.267109036947883	0.05457435766666666	1.8594684426366666
1.2688543661998777	0.05488500599999999	1.8522576182266666
1.270599695451872	0.05123465333333333	1.8404051009166666
1.2723450247038663	0.04805459533333334	1.8307164869933334
1.2740903539558606	0.04612194106666666	1.8261920687999997
1.2758356832078548	0.05294871933333334	1.8335201062633333
1.2775810124598492	0.06125413316666667	1.8406037693933333
1.2793263417118435	0.06009032866666667	1.8381693743433332
1.2810716709638381	0.052790611999999994	1.83352384161
1.282817000215832	0.04722228299999999	1.8313172334033334
1.2845623294678261	0.04397121066666666	1.82892142405
1.286307658719821	0.050955427	1.834659796383333
1.288052987971815	0.06167724066666667	1.84040416429
1.2897983172238097	0.061436587	1.8337854084566667
1.2915436464758039	0.052221366666666665	1.822801440553333
1.293288975727798	0.04451349333333333	1.8172241410533332
1.2950343049797923	0.03919131666666666	1.8150110942233333
1.296779634231787	0.04420001333333333	1.8259380709633333
1.2985249634837812	0.054967623333333326	1.8429118970199998
1.3002702927357757	0.05627471333333334	1.8444454748066665
1.3020156219877699	0.04877982	1.8305140621433331
1.3037609512397643	0.04262174333333333	1.8136761590466666
1.3055062804917585	0.03756209333333333	1.7980692079799998
1.3072516097437528	0.041031806666666656	1.801226283983333
1.308996938995747	0.05011614666666667	1.8230704220533334
1.3107422682477412	0.051077519999999994	1.8372387212299999
1.3124875974997359	0.04528180333333333	1.83242828676
1.31423292675173	0.04143398333333333	1.8156546977633332
1.3159782560037245	0.03663398666666667	1.79109040005
1.3177235852557188	0.03909242633333333	1.7825128084133333
1.319468914507713	0.04832953333333333	1.7996648000433333
1.3212142437597074	0.049449389999999996	1.8164342967766667
1.3229595730117016	0.043975516666666666	1.8153878023066667
1.3247049022636959	0.04228521666666667	1.80109004533
1.3264502315156905	0.03828605	1.77502374158
1.3281955607676847	0.038876930000000004	1.7614726433099999
1.3299408900196792	0.048087689999999995	1.778523650813333
1.3316862192716734	0.049016889999999994	1.8001142851299998
1.3334315485236676	0.04031954333333333	1.8014838293533333
1.3351768777756619	0.03912543499999999	1.78816330722
1.336922207027656	0.039371626	1.7605331330233334
1.338667536279651	0.03954869	1.7378319859366667
1.3404128655316452	0.047014106666666666	1.7482702562799999
1.3421581947836396	0.04831788666666666	1.7752485387399999
1.3439035240356338	0.03626119633333333	1.7864701757266666
1.345648853287628	0.032825833666666665	1.78329234644
1.3473941825396225	0.037335129	1.7629127981233332
1.3491395117916167	0.036753309666666664	1.7315433296566667
1.350884841043611	0.037650627666666665	1.7235997687666664
1.3526301702956052	0.038968041999999994	1.7452940304966669
1.3543754995475994	0.029638531333333332	1.7657203166733333
1.356120828799594	0.025787594399999995	1.7761161925466666
1.3578661580515883	0.032656973666666665	1.7690504422300002
1.3596114873035827	0.03171707666666666	1.7368999927833333
1.361356816555577	0.02428942	1.7102079731599997
1.3631021458075712	0.022773150666666665	1.717817269003333
1.3648474750595656	0.01893878933333333	1.7400670087033332
1.3665928043115598	0.016089053	1.7578090090266667
1.3683381335635545	0.021181765999999998	1.7601541864699999
1.3700834628155487	0.0215264	1.7354426202333333
1.371828792067543	0.013243220333333333	1.7048804732533331
1.3735741213195374	0.010763146333333334	1.70486759753
1.3753194505715316	0.011198773666666665	1.7274373771133331
1.377064779823526	0.009777494	1.7476708643733334
1.3788101090755203	0.01053606	1.7501962015199999
1.3805554383275145	0.010782468666666666	1.7260132835033333
1.3823007675795091	0.007145079333333333	1.6913307140466665
1.384046096831503	0.006484837	1.6811512449433332
1.3857914260834978	0.007701432666666667	1.6993095346266665
1.387536755335492	0.008715054666666666	1.7275967071066667
1.3892820845874863	0.010165509666666666	1.7461960221133332
1.3910274138394805	0.010659072333333333	1.7387673534066668
1.3927727430914747	0.010344529	1.7113081348833332
1.3945180723434691	0.011653260666666667	1.6909434304833333
1.3962634015954638	0.010994233666666665	1.6886022059733332
1.398008730847458	0.012515655	1.7032890035800001
1.3997540600994525	0.018159524	1.72446660074
1.4014993893514467	0.019806760333333333	1.7302120744066667
1.4032447186034411	0.018141273	1.7166146018966666
1.4049900478554354	0.021089624666666668	1.7049547356199999
1.4067353771074296	0.022477151	1.7033492282466665
1.4084807063594238	0.023793242666666665	1.7138246397633332
1.410226035611418	0.030857738333333332	1.73413945714
1.4119713648634127	0.032557779999999995	1.7412762603966665
1.413716694115407	0.025742159333333334	1.7239963961166667
1.4154620233674011	0.027596221666666663	1.707013924603333
1.4172073526193956	0.034698443333333336	1.7026218072133332
1.4189526818713898	0.03681653666666666	1.7089246047933333
1.420698011123384	0.040337479999999995	1.7289756584633331
1.4224433403753782	0.04161811	1.745765235873333
1.4241886696273727	0.03247401333333333	1.7373015551299997
1.4259339988793673	0.031204573333333332	1.7219060121266665
1.4276793281313616	0.04191935333333333	1.71578461652
1.429424657383356	0.04493912333333333	1.7116648845199998
1.4311699866353502	0.04203209333333333	1.7153930546966667
1.4329153158873444	0.042906316666666666	1.7276292177666666
1.4346606451393389	0.03785517933333333	1.7248121303400001
1.436405974391333	0.034318575	1.71182028245
1.4381513036433278	0.04254464533333333	1.7074956172066664
1.439896632895322	0.0445843	1.7043855160499999
1.4416419621473162	0.035874034	1.7038088249499999
1.4433872913993107	0.03556899266666667	1.7178044204166665
1.4451326206513049	0.03823253066666667	1.7242942999833333
1.446877949903299	0.036654782866666666	1.7096364334066667
1.4486232791552933	0.04052052833333333	1.69277512843
1.4503686084072875	0.041854193	1.6801734737233334
1.452113937659282	0.031625932999999995	1.6747385733566666
1.4538592669112762	0.02776227133333333	1.6929709587166664
1.4556045961632709	0.032166014666666666	1.7165378779866667
1.457349925415265	0.03198350566666666	1.7144787489066666
1.4590952546672595	0.0326373242	1.6954009880166665
1.460840583919254	0.03544618468333333	1.6773297213433331
1.4625859131712482	0.030426606866666664	1.6675438145600001
1.4643312424232424	0.026366124299999995	1.6813789566366666
1.4660765716752366	0.028676926666666665	1.7077418205066666
1.4678219009272309	0.0282479883	1.7124862910866665
1.4695672301792255	0.027201438666666668	1.6942676079699999
1.4713125594312197	0.029580369	1.6746391672299998
1.4730578886832142	0.027487363	1.6642223600266668
1.4748032179352084	0.024402611999999997	1.6752568309766664
1.4765485471872026	0.026093199	1.701994677643333
1.478293876439197	0.027280397666666668	1.71299109875
1.480039205691191	0.02834361333333333	1.6988509453166665
1.481784534943186	0.03189506	1.6778378088466666
1.4835298641951802	0.030301203333333335	1.66118207076
1.4852751934471744	0.026317590000000002	1.6614679501799998
1.4870205226991688	0.027378019999999996	1.6818968584166667
1.488765851951163	0.028324277666666665	1.6969363923633332
1.4905111812031575	0.028587746	1.69050949482
1.4922565104551517	0.03448369366666666	1.6753404187633332
1.494001839707146	0.037814748999999995	1.6581750475133332
1.4957471689591406	0.03537229066666667	1.6471166956633332
1.4974924982111348	0.03620930993333333	1.6564060199466666
1.4992378274631293	0.03629945799999999	1.6733464358799996
1.5009831567151235	0.031676592399999995	1.67670265951
1.5027284859671177	0.035680575	1.6722385823933332
1.504473815219112	0.04477108133333333	1.66133026751
1.5062191444711062	0.04409981066666666	1.6403700299133332
1.5079644737231006	0.041234986999999994	1.6308860136299999
1.5097098029750948	0.042392142333333334	1.6442670866099998
1.511455132227089	0.03940191033333333	1.6605524094300002
1.5132004614790837	0.041775936666666666	1.6721853293333333
1.514945790731078	0.05382031333333333	1.6757837435800003
1.5166911199830724	0.05466247	1.6559472895533331
1.5184364492350666	0.04460103666666666	1.6283445829133332
1.520181778487061	0.04387892	1.62669143862
1.5219271077390553	0.04692188333333333	1.6433800101199998
1.5236724369910495	0.04706872666666667	1.6571100055966668
1.5254177662430441	0.053200086666666674	1.6644952614033333
1.5271630954950384	0.05635914333333334	1.6557914125999997
1.5289084247470326	0.04823669333333334	1.6330290635966667
1.530653753999027	0.047555929999999996	1.6277683838899997
1.5323990832510213	0.0563072	1.6444668156966666
1.5341444125030157	0.055255106666666665	1.6542504265533333
1.53588974175501	0.048650229999999996	1.65022043039
1.537635071007004	0.04839170333333333	1.6399488138666665
1.5393804002589988	0.04688646666666666	1.6212481331333333
1.541125729510993	0.045189850000000004	1.6074169622766665
1.5428710587629875	0.05109845666666667	1.6139957252166666
1.5446163880149817	0.05289559	1.62644763324
1.546361717266976	0.04495974333333334	1.6313070746599998
1.5481070465189704	0.04303587666666667	1.63586339543
1.5498523757709646	0.04688727933333334	1.6345299879066666
1.5515977050229588	0.043054878666666664	1.61757340373
1.553343034274953	0.03736394333333333	1.5996969168899997
1.5550883635269477	0.037292149999999996	1.5938141068866667
1.556833692778942	0.03538486	1.5943410250666665
1.5585790220309363	0.03337443	1.6010443553433333
1.5603243512829306	0.03664446433333333	1.6119585395933334
1.5620696805349248	0.035630514	1.6124590732800002
1.563815009786919	0.0283558	1.6031337017399996
1.5655603390389135	0.026882586666666666	1.5999343073033334
1.5673056682909077	0.02910078	1.60197610084
1.5690509975429023	0.025453019999999996	1.5995478222566668
1.5707963267948966	0.020533532333333333	1.5943986178833331
1.5725416560468908	0.019395120333333335	1.5887030320066666
1.5742869852988854	0.018350776666666666	1.5825088787566666
1.5760323145508797	0.01809188566666667	1.5829937184066667
1.5777776438028739	0.020357881	1.59164717569
1.579522973054868	0.019373101	1.5973374114166667
1.5812683023068623	0.013970900333333335	1.59480470392
1.583013631558857	0.011898511333333334	1.58976317692
1.5847589608108512	0.013984129333333333	1.5852351800766666
1.5865042900628454	0.013094908999999998	1.5808576227366666
1.5882496193148399	0.009958136333333333	1.5795088919566667
1.589994948566834	0.009769643666666666	1.58109625135
1.5917402778188283	0.010305745666666666	1.5804551192533332
1.5934856070708228	0.009633608666666665	1.5774644103966664
1.5952309363228174	0.011135359333333332	1.5772775234933332
1.5969762655748112	0.012551357999999999	1.5803347861366666
1.5987215948268054	0.010504954666666667	1.5846287574133333
1.6004669240788003	0.009812404666666667	1.5894160138966669
1.6022122533307945	0.011914890999999999	1.58985209999
1.603957582582789	0.010498463333333333	1.5804200469133332
1.6057029118347832	0.007222440333333333	1.5670863968933333
1.6074482410867772	0.008801596333333333	1.5617531563966667
1.6091935703387716	0.012743029666666666	1.5682018041133334
1.6109388995907659	0.0140115926	1.5813790546766668
1.6126842288427607	0.014883658766666665	1.5938775809466668
1.614429558094755	0.015645767799999998	1.5964142027866668
1.6161748873467492	0.013788128299999997	1.5845853340233333
1.6179202165987434	0.013175784166666666	1.5673059234700002
1.6196655458507376	0.016524147599999997	1.5580895296299997
1.621410875102732	0.016768860999999996	1.55955407633
1.6231562043547263	0.013603842533333334	1.5687315448199999
1.624901533606721	0.016003763866666666	1.5819497198466665
1.6266468628587152	0.022115378999999998	1.5881459536333333
1.6283921921107094	0.02347566233333333	1.5785136541866667
1.630137521362704	0.023239535	1.56345052461
1.6318828506146983	0.023566587	1.5564321349733332
1.6336281798666925	0.02065069	1.5586939549866665
1.6353735091186867	0.02014829233333333	1.5684845131466667
1.637118838370681	0.026673126999999998	1.5793961801766667
1.6388641676226756	0.029252624666666664	1.5754684997733333
1.6406094968746698	0.026219188999999997	1.5578765904933332
1.642354826126664	0.02905493766666667	1.5479415586499998
1.6441001553786583	0.03476648533333333	1.55297118884
1.6458454846306525	0.034036649	1.5638607469599999
1.647590813882647	0.033254964666666664	1.5767843017733334
1.6493361431346412	0.03426247133333333	1.5821393027
1.6510814723866354	0.031027735333333334	1.56888298285
1.6528268016386303	0.03145738333333333	1.5499287083799997
1.654572130890624	0.040451450666666666	1.5429002587166665
1.6563174601426187	0.04298908733333333	1.5429125008866666
1.6580627893946132	0.03862744333333333	1.5488038039033332
1.6598081186466074	0.041465127	1.5650252433666667
1.6615534478986018	0.04552450166666666	1.5745560224533333
1.663298777150596	0.04166471333333333	1.5630638324033335
1.6650441064025903	0.04013139266666667	1.5453807499466665
1.6667894356545845	0.04092834666666666	1.5318351091466664
1.6685347649065787	0.037677915333333326	1.5237856922066666
1.6702800941585736	0.041470357666666666	1.5328705183366664
1.6720254234105678	0.053023039333333334	1.5531750300599998
1.673770752662562	0.05265657333333333	1.5554808102666666
1.6755160819145563	0.04388253	1.53927100152
1.6772614111665505	0.04317730533333333	1.5256402256799997
1.679006740418545	0.045087608333333334	1.5176478112999998
1.6807520696705391	0.044054040333333336	1.5166694524733333
1.6824973989225334	0.047862909999999995	1.5301743140533333
1.684242728174528	0.04935863033333333	1.5410377808833333
1.6859880574265222	0.04268380033333333	1.5335131657133332
1.6877333866785167	0.042708214	1.5224060656833331
1.6894787159305111	0.05124334666666667	1.5170237042533332
1.6912240451825054	0.05093822433333334	1.5099617323866668
1.6929693744344996	0.04556546833333334	1.5114454210033332
1.6947147036864938	0.045579084	1.52622956059
1.6964600329384885	0.0429389062	1.5327803733999998
1.6982053621904827	0.037191963866666664	1.52359796407
1.6999506914424771	0.039189647333333334	1.5121510185866667
1.7016960206944713	0.040910449999999994	1.4984732983399998
1.7034413499464653	0.037561069	1.4885913289700001
1.7051866791984598	0.04068266799999999	1.49872915726
1.706932008450454	0.045132719999999994	1.5162441035566667
1.708677337702449	0.037186185	1.5169343827266666
1.7104226669544431	0.027834948999999998	1.5076270086366668
1.7121679962064373	0.025749213333333333	1.4973938693533333
1.7139133254584316	0.025013150666666668	1.4846842780666667
1.7156586547104258	0.028443958	1.4802171318066666
1.7174039839624204	0.03616142333333333	1.4876973921633332
1.7191493132144147	0.033841079999999996	1.4891557949466665
1.7208946424664089	0.02437674	1.4843379964766665
1.722639971718403	0.020994533333333332	1.4849811936033332
1.7243853009703973	0.02151753333333333	1.485964913003333
1.726130630222392	0.022365989666666662	1.48491955929
1.7278759594743864	0.02738247533333333	1.4916157238233334
1.7296212887263807	0.029352809666666663	1.4988893599366666
1.7313666179783749	0.024521376333333334	1.4974844269866667
1.733111947230369	0.022100412666666666	1.4930936547566667
1.7348572764823635	0.023943758666666662	1.4856968661566665
1.7366026057343578	0.023641671999999996	1.4721600984666665
1.738347934986352	0.025317094999999998	1.4690553660066668
1.7400932642383462	0.029465043999999996	1.4843351995499998
1.7418385934903404	0.0292007902	1.5025544581933332
1.7435839227423353	0.027478716066666665	1.5121229615299998
1.7453292519943295	0.030074181666666665	1.5092164706166664
1.7470745812463238	0.02971365933333333	1.4867470534999998
1.7488199104983182	0.027846263	1.4601642186466668
1.7505652397503124	0.033373515	1.4555920524699997
1.7523105690023066	0.03939738133333333	1.4691177574833332
1.7540558982543013	0.03737070433333333	1.48145087971
1.7558012275062955	0.03588850366666666	1.48887375012
1.75754655675829	0.03494228233333333	1.4840136947866664
1.7592918860102842	0.031443041	1.4654890087699999
1.7610372152622784	0.03697549666666666	1.4553296381699998
1.7627825445142726	0.05032531666666666	1.4621193403566668
1.7645278737662669	0.05113427999999999	1.4670892332399998
1.7662732030182617	0.04371751333333333	1.4700317249699997
1.768018532270256	0.04244558333333333	1.4777879918033332
1.7697638615222502	0.04184453333333333	1.4773798775699998
1.7715091907742444	0.04104783399999999	1.4670804935299997
1.7732545200262386	0.04894100999999999	1.4640464747466666
1.7749998492782333	0.053283830000000004	1.4659889418266667
1.7767451785302275	0.04813419666666666	1.4711366108666666
1.7784905077822217	0.049936996666666664	1.4911318102533333
1.780235837034216	0.05735902333333333	1.5118202709699997
1.7819811662862102	0.052750556666666656	1.5041041427266664
1.7837264955382048	0.04576435666666667	1.4788905522233335
1.785471824790199	0.04849682666666666	1.4607066389466665
1.7872171540421935	0.05085666	1.4534645943366666
1.7889624832941877	0.05031968333333332	1.4613497130433333
1.790707812546182	0.054765166666666656	1.48560113934
1.7924531417981764	0.05338147	1.4997555332366668
1.7941984710501706	0.04427485666666667	1.4914573088366665
1.7959438003021653	0.04549379333333334	1.4793430444000002
1.7976891295541597	0.05423570666666667	1.4684312664633332
1.7994344588061533	0.05049398666666667	1.4495098624733331
1.8011797880581482	0.04237495333333333	1.4377073065900001
1.8029251173101424	0.04252697666666667	1.4434829652033332
1.8046704465621368	0.04260731999999999	1.4529482336900001
1.806415775814131	0.040283266666666664	1.460152699283333
1.8081611050661253	0.04342152666666666	1.4687979826833333
1.8099064343181195	0.04257518666666666	1.4666891491466665
1.8116517635701137	0.03489221666666666	1.4543281181399998
1.8133970928221086	0.034968559999999996	1.4507394168133332
1.8151424220741028	0.04108311666666666	1.4557958353133333
1.816887751326097	0.03658719333333333	1.4545098988833332
1.8186330805780913	0.028552598	1.4535127518
1.8203784098300855	0.028689421666666666	1.4594721324166664
1.82212373908208	0.029869515666666666	1.4633711939833332
1.8238690683340746	0.02715504133333333	1.4631395534466665
1.8256143975860688	0.02752808333333333	1.4655906292699998
1.827359726838063	0.026703703333333332	1.4647352937566664
1.8291050560900572	0.021876235999999997	1.4601061034566665
1.830850385342052	0.021655156	1.4614320268266665
1.8325957145940461	0.025479471666666663	1.466156866593333
1.8343410438460404	0.02142934033333333	1.4623442701766667
1.8360863730980346	0.014295463666666668	1.454398610323333
1.8378317023500288	0.0135806376	1.4484981502666667
1.8395770316020235	0.015451650999999999	1.4422104914466667
1.8413223608540177	0.014066385666666667	1.4362382300899998
1.843067690106012	0.013814159	1.437523253543333
1.8448130193580063	0.014924544999999999	1.4443985305633333
1.8465583486100006	0.014781934333333333	1.4526490209466667
1.8483036778619948	0.013918096333333333	1.4581426529266666
1.850049007113989	0.014127366666666665	1.4558457232166666
1.8517943363659835	0.011823322333333332	1.44209250531
1.8535396656179781	0.008297736	1.42492979479
1.8552849948699723	0.009133566	1.416394404893333
1.8570303241219668	0.013961840999999997	1.42227278547
1.858775653373961	0.014163532000000001	1.43669902841
1.8605209826259552	0.011345071333333333	1.4529223577533332
1.8622663118779497	0.011709800666666667	1.4636470937333332
1.8640116411299439	0.013312719	1.4615097545066666
1.865756970381938	0.011877737333333332	1.445066128783333
1.8675022996339323	0.012225846333333333	1.4271478527666668
1.8692476288859265	0.013999316333333333	1.4196516963799999
1.8709929581379214	0.013807099333333333	1.42649491792
1.8727382873899157	0.013711449333333334	1.4438974524966666
1.8744836166419099	0.015619115333333333	1.4613810086533334
1.876228945893904	0.013323928666666667	1.46267702325
1.8779742751458983	0.009758236933333332	1.4472909210066665
1.8797196043978928	0.013498738566666665	1.4307216566666665
1.881464933649887	0.021978133666666667	1.4249071957
1.8832102629018816	0.024479201	1.4283084585433334
1.8849555921538759	0.023494810366666664	1.43942619197
1.88670092140587	0.0231785231	1.4504580823133335
1.8884462506578648	0.020828828	1.4487134596366666
1.890191579909859	0.018161502333333333	1.4336237946233332
1.8919369091618532	0.02222571833333333	1.4194307207333332
1.8936822384138474	0.02657963966666666	1.4113489625166666
1.8954275676658416	0.02804240133333333	1.4125777815299998
1.8971728969178363	0.03372350466666667	1.4274178154799997
1.8989182261698305	0.040099621333333335	1.4450146126733332
1.900663555421825	0.03517645666666667	1.4449337306833332
1.9024088846738192	0.02786788833333333	1.4300398648933332
1.9041542139258134	0.028503917666666663	1.41229641431
1.9058995431778076	0.031768185666666664	1.3958942346766667
1.9076448724298019	0.033932733	1.3884648926066667
1.9093902016817967	0.038789036666666665	1.4008284969633333
1.911135530933791	0.03948227666666666	1.4224678038666667
1.9128808601857852	0.03530805299999999	1.4382330829433334
1.9146261894377794	0.03680648533333333	1.443419585793333
1.9163715186897738	0.04395039866666667	1.4336881619566668
1.9181168479417683	0.04442309466666666	1.40717910117
1.9198621771937625	0.04227658899999999	1.38696520876
1.9216075064457567	0.04530743366666666	1.3934246183466668
1.923352835697751	0.04752181	1.41623596949
1.9250981649497452	0.043910816666666665	1.4331229331266666
1.92684349420174	0.043346247333333324	1.4364509166166668
1.9285888234537343	0.04580362266666666	1.4224229894333331
1.9303341527057285	0.048002246666666665	1.3993809979733334
1.9320794819577227	0.05431286666666666	1.3885642369233333
1.933824811209717	0.06238401666666667	1.3963591649666667
1.9355701404617114	0.05881852333333333	1.40496408678
1.9373154697137056	0.04917323633333333	1.4084314368766666
1.9390607989656998	0.046140427666666664	1.409533370913333
1.9408061282176947	0.04710131666666667	1.4022930784999998
1.9425514574696887	0.045781765	1.3844261627566667
1.9442967867216832	0.04740210633333334	1.3706029002833333
1.9460421159736774	0.04992227466666666	1.3675881856333334
1.9477874452256718	0.048946623333333335	1.3746534669666666
1.949532774477666	0.04767081199999999	1.3925558960666669
1.9512781037296603	0.048594029	1.4145379914466665
1.953023432981655	0.04492497766666666	1.4209607501633332
1.9547687622336491	0.03964026899999999	1.4088966369633333
1.9565140914856434	0.04028312966666667	1.3915923595166666
1.9582594207376378	0.04355253066666666	1.3780534349966667
1.960004749989632	0.04100818566666667	1.3716385411433332
1.9617500792416263	0.038407057	1.3824128838833334
1.9634954084936205	0.039831343	1.4063563630533331
1.9652407377456147	0.04161635733333333	1.4252995051333333
1.9669860669976096	0.042902144333333336	1.42909356713
1.9687313962496038	0.04589964766666667	1.4214192155199998
1.970476725501598	0.04351915199999999	1.4039119953
1.9722220547535922	0.03675138033333333	1.3870750608233333
1.9739673840055865	0.03402467866666667	1.3834124283966667
1.9757127132575811	0.035038191999999996	1.3890062433666668
1.9774580425095754	0.032701609	1.3897391789966669
1.9792033717615696	0.03153051753333333	1.3875338638133332
1.9809487010135638	0.033898127	1.3870772566499998
1.982694030265558	0.034966846999999995	1.3858291136233334
1.9844393595175527	0.03194392433333333	1.3820129394733334
1.9861846887695471	0.029148698666666667	1.3807431590266666
1.9879300180215413	0.025529101999999998	1.3799753901599998
1.9896753472735356	0.021573644333333336	1.3788900145233332
1.9914206765255298	0.021119294666666667	1.3815576932966664
1.9931660057775242	0.024047868666666666	1.3875400845466666
1.9949113350295185	0.022294887666666666	1.3867553151666665
1.9966566642815133	0.018580315	1.3814409191766668
1.9984019935335076	0.019327632666666667	1.3797251010133333
2.0001473227855016	0.021632671333333332	1.3808797785433333
2.0018926520374962	0.01970990833333333	1.38090615118
2.0036379812894904	0.018711485	1.3861855072266667
2.0053833105414847	0.018567311666666666	1.3948393503999998
2.0071286397934793	0.01652526433333333	1.3986702007799998
2.0088739690454736	0.015239539666666666	1.3954423952633335
2.0106192982974678	0.01684232533333333	1.3874037614899999
2.012364627549462	0.014981500666666665	1.3718325561699998
2.014109956801456	0.012502482999999998	1.3566578459633334
2.0158552860534504	0.014909492333333333	1.3525103513599999
2.0176006153054447	0.018644300333333332	1.3577914590266664
2.019345944557439	0.016681410333333334	1.36277678948
2.021091273809433	0.013899771	1.3686292586033333
2.022836603061428	0.013508823333333331	1.3748465269499999
2.0245819323134224	0.013560374466666667	1.37497854969
2.0263272615654166	0.013171362666666667	1.3658455343466667
2.028072590817411	0.015228600333333332	1.3541690810833331
2.029817920069405	0.015344808000000001	1.3429227787766664
2.0315632493213998	0.013484465666666667	1.33811655343
2.033308578573394	0.014778816	1.3468818559866667
2.035053907825388	0.0185960074	1.3652058932166666
2.036799237077383	0.017158292333333332	1.3764810060066666
2.0385445663293766	0.014934326666666668	1.3771642918266667
2.0402898955813713	0.016947010666666665	1.3716053949333333
2.0420352248333655	0.019344533666666663	1.3617224116433333
2.0437805540853597	0.018099068	1.3506541399633332
2.045525883337354	0.018247052333333333	1.3488093965266668
2.047271212589348	0.018984270999999997	1.3546577812033331
2.0490165418413424	0.01900649	1.3597877225133335
2.0507618710933366	0.02073484333333333	1.3603050236666665
2.052507200345331	0.02460274733333333	1.3571673307833332
2.054252529597326	0.023310706666666667	1.3476563847166665
2.05599785884932	0.020005996666666664	1.3391254343399999
2.0577431881013144	0.021885065	1.3407100651166666
2.0594885173533086	0.02618245333333333	1.3490542887833332
2.0612338466053033	0.024913315666666665	1.35321223595
2.0629791758572975	0.023519674999999997	1.3558115450333335
2.0647245051092917	0.02496687066666666	1.3580949290866666
2.0664698343612864	0.025482615	1.3543928460399999
2.0682151636132806	0.024746063	1.3438617180733332
2.069960492865275	0.02693031833333333	1.3359788855799999
2.071705822117269	0.027178853666666662	1.3337887374233333
2.0734511513692633	0.026343426000000003	1.3414083368866667
2.0751964806212575	0.030028014	1.36087739331
2.0769418098732517	0.035514625	1.3810189993066668
2.078687139125246	0.033286732666666666	1.38284330423
2.080432468377241	0.028936643666666668	1.3694744647133332
2.0821777976292353	0.030158100666666663	1.3553399219233333
2.08392312688123	0.03367099266666666	1.3464152671399998
2.0856684561332237	0.033217717	1.3413860294233333
2.087413785385218	0.033889116999999996	1.34466906863
2.0891591146372126	0.035247059666666664	1.3514382395766669
2.090904443889207	0.033673290999999994	1.3543833976733333
2.0926497731412015	0.03239357333333333	1.3557110201100002
2.0943951023931957	0.03487323266666666	1.3593944314466668
2.0961404316451895	0.03265832566666667	1.35660656383
2.097885760897184	0.028876051666666666	1.34947120559
2.0996310901491784	0.032298323999999996	1.3479517940366663
2.1013764194011726	0.03704890766666666	1.35033119493
2.103121748653167	0.032746012	1.3484827851766668
2.104867077905161	0.028045110666666664	1.34905670855
2.1066124071571553	0.02815649633333333	1.3526064700833333
2.1083577364091495	0.028944688333333333	1.3511836430233333
2.1101030656611446	0.029478085	1.3453828335666667
2.111848394913139	0.033456349999999996	1.3458132513833334
2.113593724165133	0.03529658933333333	1.35105381922
2.1153390534171272	0.03404971866666666	1.35784501814
2.1170843826691215	0.03434273266666667	1.36499841293
2.118829711921116	0.03589689766666666	1.3669272639433334
2.1205750411731104	0.031263006999999995	1.3557207772166664
2.1223203704251046	0.027005253666666666	1.3435707153566665
2.124065699677099	0.031407478333333336	1.3434990254333332
2.1258110289290935	0.037838365	1.348907038743333
2.1275563581810877	0.03586947766666666	1.3476298666133335
2.129301687433082	0.03236459	1.3457307506033331
2.131047016685076	0.030356394666666665	1.3464122840333332
2.1327923459370703	0.027116144999999998	1.3476940271866664
2.1345376751890646	0.025473697999999996	1.3512651029466665
2.1362830044410597	0.028446238000000002	1.3569229073899998
2.138028333693054	0.027524499666666664	1.35409873949
2.139773662945048	0.024774819666666663	1.34752696233
2.141518992197043	0.027104778333333333	1.3490576188333332
2.143264321449037	0.030422489999999996	1.3558968745133333
2.1450096507010312	0.02612079333333333	1.3562492011466667
2.1467549799530254	0.021682926666666665	1.3549166936466666
2.1485003092050197	0.023480769999999998	1.3570536616999997
2.1502456384570143	0.027339047999999994	1.3591368394733332
2.1519909677090086	0.027364549666666668	1.3585516144233332
2.1537362969610028	0.02807152666666667	1.3612963375
2.155481626212997	0.028727393666666663	1.3633001277366665
2.157226955464991	0.026706862666666664	1.3599053041033333
2.1589722847169854	0.025106201666666668	1.3552070207566667
2.1607176139689797	0.027194813333333335	1.352927577853333
2.162462943220974	0.025021059999999998	1.3460271895533333
2.164208272472968	0.02154485333333333	1.3402890667199998
2.1659536017249623	0.024851889999999995	1.3441657730599998
2.1676989309769574	0.02918577333333333	1.34964444406
2.1694442602289516	0.023884303333333332	1.34515666705
2.171189589480946	0.018211879333333333	1.3409441741266666
2.17293491873294	0.018691988666666666	1.343540838623333
2.1746802479849343	0.019898325333333335	1.3471100613833333
2.176425577236929	0.018477813333333332	1.34810247764
2.178170906488923	0.019711863333333333	1.3503990929366667
2.179916235740918	0.020429746666666665	1.3490938598666666
2.1816615649929116	0.01934647333333333	1.3451005492333332
2.183406894244906	0.020290226666666664	1.3456701484
2.1851522234969005	0.023108443333333333	1.3499488048033332
2.1868975527488947	0.01937961	1.3469076908333335
2.188642882000889	0.014371446999999999	1.3415550434433332
2.190388211252883	0.01636689	1.3418851905866664
2.1921335405048774	0.020286069999999996	1.3425127721833334
2.1938788697568716	0.01657487	1.335622443523333
2.1956241990088667	0.013136387333333333	1.3304905191133334
2.197369528260861	0.014955096666666664	1.33075417063
2.199114857512855	0.016739133333333333	1.3308784541566665
2.20086018676485	0.014806246666666665	1.3288960671033334
2.202605516016844	0.01429589	1.3303986411166666
2.2043508452688383	0.013501649999999999	1.3325351164033332
2.206096174520833	0.011642719999999999	1.3342937452666668
2.207841503772827	0.010981212999999998	1.3367426225999997
2.2095868330248214	0.012261183333333332	1.33798875463
2.2113321622768156	0.009668907	1.3324162372466666
2.21307749152881	0.0066895259999999995	1.3277265898466664
2.214822820780804	0.008548909666666667	1.3313588320433332
2.2165681500327983	0.012135423	1.3383702883099997
2.2183134792847925	0.009481689	1.3377725966766667
2.2200588085367867	0.006500513333333333	1.33325975897
2.221804137788781	0.008421518	1.3295835375199998
2.223549467040776	0.011083210666666666	1.32571756746
2.2252947962927703	0.008593375333333333	1.3194109462266665
2.2270401255447645	0.006697501333333333	1.3161394445666665
2.2287854547967587	0.0076297840000000006	1.3154098582333331
2.230530784048753	0.008554317333333334	1.3143061398833331
2.2322761133007476	0.006902080999999999	1.31168554683
2.234021442552742	0.006571235333333332	1.3112765258833332
2.235766771804736	0.006224111333333332	1.3109700804166666
2.2375121010567303	0.0057806129333333334	1.3109709524433333
2.239257430308725	0.007396825333333333	1.3129322418399998
2.241002759560719	0.011414295666666666	1.3171687311366664
2.2427480888127134	0.011013998333333332	1.31856062538
2.2444934180647076	0.009361384356666665	1.3207342431
2.246238747316702	0.01140008705	1.3259053886866665
2.247984076568696	0.013696142566666666	1.3281484987899999
2.2497294058206903	0.009554702591333333	1.3200657693966669
2.2514747350726845	0.005861577099999999	1.3096803244366666
2.2532200643246787	0.0074349817	1.3048832518366666
2.254965393576674	0.010817162666666666	1.3059149106166665
2.256710722828668	0.010319494613333334	1.3074722353333332
2.2584560520806622	0.010723175366666666	1.3107387287533334
2.260201381332657	0.014172227866666666	1.3139955089933333
2.261946710584651	0.017110707066666665	1.313502547343333
2.2636920398366454	0.015661650099999997	1.3071205865733333
2.26543736908864	0.014827617393333334	1.3012704805133333
2.2671826983406342	0.014404986533333332	1.2966358118233332
2.2689280275926285	0.013766793	1.29274314264
2.2706733568446227	0.014963960899999998	1.2912640534833333
2.272418686096617	0.0184856605	1.2943044747033332
2.274164015348611	0.01700119463333333	1.2960379964966666
2.2759093446006062	0.014238246999999999	1.2983695947333331
2.2776546738525996	0.016685515799999998	1.304135997613333
2.279400003104594	0.020880626899999997	1.3077063062233334
2.281145332356588	0.0182164126	1.3003262173066665
2.2828906616085836	0.01612148833333333	1.2918621933533332
2.284635990860578	0.02117405733333333	1.2918362934899998
2.286381320112572	0.026678928999999997	1.2943399235766666
2.288126649364566	0.023668989	1.2890942021399998
2.28987197861656	0.020295439	1.2836398572933332
2.291617307868555	0.020719762666666666	1.2831439409666665
2.2933626371205493	0.020663492	1.28465009399
2.2951079663725436	0.019648514666666665	1.2869061686266667
2.2968532956245378	0.023155406666666663	1.2933517048166665
2.2985986248765315	0.025519518666666664	1.2964176377633332
2.300343954128526	0.026356367666666665	1.2954404903133332
2.3020892833805204	0.03033066966666667	1.2973912416766666
2.3038346126325147	0.033882947999999996	1.3013165238266666
2.305579941884509	0.027786492	1.2966017451599998
2.307325271136503	0.021064846666666664	1.2895691170733332
2.309070600388498	0.022898933	1.2888335092633332
2.3108159296404924	0.027700055	1.2896093173166667
2.3125612588924866	0.026020340000000003	1.2842927175533332
2.314306588144481	0.025885970999999997	1.2838319813733332
2.316051917396475	0.03216096633333333	1.2928045460133333
2.3177972466484698	0.036823335	1.3000368360533332
2.319542575900464	0.033245854666666665	1.2976820695033333
2.321287905152458	0.030462977000000002	1.2962532233
2.3230332344044524	0.030263791666666665	1.2974892413433334
2.324778563656447	0.029821816333333334	1.29606374365
2.3265238929084413	0.030799272666666662	1.29119105655
2.3282692221604355	0.03451320533333333	1.2847513288833332
2.3300145514124297	0.032448305	1.2719717307266665
2.331759880664424	0.028449088666666667	1.2626754479966666
2.333505209916418	0.030540442	1.2682838677400001
2.3352505391684133	0.034260839333333334	1.2804559710166665
2.3369958684204075	0.029553344666666665	1.28197895426
2.3387411976724017	0.026224583333333332	1.2809273739466667
2.340486526924396	0.03254865033333333	1.28744914636
2.34223185617639	0.03923599366666666	1.29255609426
2.343977185428385	0.035501817	1.2852257048200002
2.345722514680379	0.03149094633333333	1.2767260423066666
2.3474678439323733	0.03219272266666666	1.2729185461466666
2.3492131731843675	0.03147130166666666	1.2693432817766666
2.3509585024363617	0.028006114999999998	1.26709213744
2.3527038316883564	0.028821115666666664	1.2731447980433332
2.3544491609403506	0.029384810666666667	1.2788168025366666
2.356194490192345	0.028918982333333332	1.2797752861833334
2.357939819444339	0.031734125	1.2810287054799998
2.3596851486963333	0.03501006833333333	1.2825387971766666
2.3614304779483275	0.02959960066666667	1.2767732943966665
2.3631758072003217	0.023785017333333332	1.2734610391766665
2.364921136452316	0.02602476666666667	1.2800804132933332
2.36666646570431	0.029871412666666666	1.2852874258266664
2.3684117949563044	0.025653798666666665	1.2767760896966664
2.3701571242083	0.023109791566666666	1.2681696907366666
2.371902453460294	0.028259901566666665	1.2688651233166666
2.373647782712288	0.032640285666666664	1.2696049523533335
2.375393111964282	0.029377974833333334	1.2630495687166665
2.3771384412162764	0.027722564800000002	1.2607808984466664
2.3788837704682715	0.028919605233333333	1.2655929410166666
2.3806290997202657	0.028800214999999997	1.272757255863333
2.38237442897226	0.027578427966666666	1.2803432407733333
2.384119758224254	0.027934822133333332	1.2871549767966666
2.3858650874762484	0.024433802966666668	1.2833049288966665
2.3876104167282426	0.02048683863333333	1.27260014247
2.389355745980237	0.02170703073333333	1.2653719582233331
2.391101075232231	0.02490980812	1.2611508968466667
2.3928464044842253	0.02148454210333333	1.2518625666066665
2.3945917337362195	0.018800509566666665	1.2479356811599998
2.3963370629882146	0.023151985173333334	1.2571856441633333
2.398082392240209	0.027177507566666665	1.2686832191066666
2.3998277214922035	0.022224447013333332	1.270268609563333
2.4015730507441977	0.018357168033333333	1.2721106297966664
2.403318379996192	0.02010261059	1.2779367792066667
2.4050637092481866	0.021425172666666666	1.27931082894
2.406809038500181	0.019537471089999998	1.2735610372966666
2.408554367752175	0.020253401733333332	1.2698455770566666
2.4102996970041692	0.020522872169999998	1.2671021204733333
2.4120450262561635	0.019579706223	1.2648753458966666
2.4137903555081577	0.019440760366666664	1.2655977869533332
2.415535684760152	0.020247530333333333	1.2683427033366668
2.417281014012146	0.017387038	1.2656367519933334
2.4190263432641403	0.015230912466666666	1.2623566063933331
2.4207716725161346	0.016833896366666667	1.2638094865066667
2.4225170017681297	0.019046707333333333	1.2657853180866665
2.424262331020124	0.015514495366666667	1.2606095731133333
2.426007660272118	0.012583332233333331	1.2574459347833333
2.4277529895241123	0.014728539333333332	1.2620280948133333
2.4294983187761066	0.017263623666666665	1.2662412749066665
2.4312436480281012	0.014718905	1.2619393181066665
2.4329889772800954	0.014556557999999999	1.2583654227833332
2.4347343065320897	0.017751372	1.2583273596133333
2.436479635784084	0.019920402999999996	1.2572913627166666
2.438224965036078	0.019109364666666667	1.25386574727
2.4399702942880728	0.018590133666666665	1.2531206510333335
2.441715623540067	0.01585671233333333	1.25231004951
2.443460952792061	0.013185520000000001	1.25304012654
2.4452062820440554	0.013309713	1.2584289387866665
2.4469516112960497	0.015731583	1.26657821686
2.448696940548044	0.014969851666666667	1.2685960161966667
2.450442269800038	0.014682264666666667	1.2677121536299998
2.4521875990520323	0.017385070666666665	1.2682842130833332
2.4539329283040274	0.01933513	1.2676021967433333
2.4556782575560216	0.015272070666666665	1.261757826063333
2.457423586808016	0.012439768666666665	1.26094711923
2.4591689160600105	0.013379327333333333	1.26750259289
2.4609142453120048	0.014592923333333334	1.27313675092
2.462659574563999	0.013912932333333333	1.2724160121933332
2.464404903815993	0.015366322000000002	1.27186996608
2.466150233067988	0.016133759666666667	1.2708369243499997
2.467895562319982	0.016172353333333334	1.26720778315
2.4696408915719763	0.01655384	1.2602193772066665
2.4713862208239705	0.017750336666666665	1.2523458093533333
2.4731315500759647	0.016564093333333335	1.2437255205166666
2.47487687932796	0.016872548	1.2418598203599998
2.476622208579954	0.02009445333333333	1.25005646602
2.4783675378319483	0.023482626666666666	1.2625986776799998
2.4801128670839416	0.021637536666666665	1.2679183650766666
2.481858196335936	0.019271160333333332	1.26825688499
2.4836035255879314	0.019304369	1.2685466641233332
2.4853488548399256	0.01953349	1.2682807151933333
2.48709418409192	0.01654014133333333	1.263319785323333
2.488839513343914	0.016421107999999997	1.2595446318699999
2.490584842595908	0.01974641	1.2577698342933332
2.492330171847903	0.023044996666666668	1.25506416758
2.494075501099897	0.02353577	1.2515765402233332
2.4958208303518914	0.024448163	1.2544199128066666
2.4975661596038856	0.023790582666666664	1.2597660042199998
2.49931148885588	0.02237589333333333	1.2620817439533332
2.501056818107874	0.022337721999999997	1.2607482560533332
2.5028021473598683	0.024619536666666667	1.2607758668399998
2.5045474766118625	0.02412845533333333	1.2618562209833333
2.5062928058638567	0.024967300999999997	1.2683263675799998
2.508038135115851	0.03023314533333333	1.2795614954166665
2.509783464367846	0.03448723166666666	1.2867213337499999
2.5115287936198403	0.030668880333333332	1.2816622809566667
2.5132741228718345	0.027350897333333332	1.2750157157066666
2.5150194521238287	0.028722922999999997	1.2734205710533333
2.516764781375823	0.029811756666666665	1.2708619349466665
2.5185101106278176	0.026419612666666665	1.26032834356
2.520255439879812	0.025512699666666666	1.2506637300266665
2.522000769131806	0.027906704999999993	1.2480125778466666
2.5237460983838007	0.030080652	1.2519154104433332
2.525491427635795	0.029365022999999997	1.2581110216166664
2.527236756887789	0.03039021833333333	1.2668004039033334
2.5289820861397834	0.03218125133333333	1.2719543842166665
2.5307274153917776	0.034085356666666664	1.2706685263066666
2.532472744643772	0.03650947	1.2654284083066667
2.534218073895766	0.04018883333333333	1.2617799273033334
2.535963403147761	0.03973497666666667	1.25656838904
2.5377087323997554	0.038318359999999996	1.2517437568466665
2.5394540616517496	0.03926226666666666	1.25093456237
2.541199390903744	0.039750636666666665	1.2546446172999999
2.542944720155738	0.03451943166666666	1.25768331091
2.5446900494077327	0.03156431866666666	1.2632598189933333
2.546435378659727	0.035200386666666666	1.2699392611466664
2.548180707911721	0.039357246666666665	1.2691772087433333
2.5499260371637154	0.03635323	1.2558306655766664
2.5516713664157096	0.03486575	1.244610488233333
2.5534166956677042	0.039373843333333325	1.2439483284666666
2.5551620249196985	0.04231752	1.2459096425666667
2.5569073541716927	0.03804933666666667	1.24219857195
2.558652683423687	0.03693990366666666	1.2425220980299998
2.560398012675681	0.040590666666666664	1.2498591007699997
2.5621433419276762	0.04361556	1.2581925560466667
2.5638886711796696	0.04411553333333333	1.2618574666833333
2.565634000431664	0.04569532999999999	1.2624831999633332
2.567379329683658	0.04527500333333333	1.2578265176133332
2.5691246589356522	0.044018433333333336	1.2517138324533332
2.570869988187648	0.04318938666666666	1.2492927812966665
2.572615317439642	0.04357660333333333	1.2529460843899998
2.5743606466916362	0.04225834333333334	1.2555452596599999
2.57610597594363	0.042293856666666664	1.2550541965233333
2.5778513051956247	0.04526839	1.2523657347833332
2.5795966344476193	0.04875082333333333	1.2488532768466665
2.5813419636996136	0.04606981666666666	1.24193378345
2.5830872929516078	0.043712393333333335	1.2389571735033331
2.584832622203602	0.04689806666666666	1.2429889568999999
2.586577951455596	0.049597586666666665	1.2467884473166664
2.5883232807075904	0.045097226666666664	1.2441451312999998
2.5900686099595847	0.04431824666666667	1.2472080615399999
2.591813939211579	0.05103522666666666	1.2594233893866664
2.593559268463574	0.05624315333333333	1.2685050614966666
2.595304597715568	0.0529833	1.2636002372466666
2.5970499269675624	0.05027738999999999	1.2539912106333333
2.598795256219557	0.05118888	1.2462615092466667
2.6005405854715513	0.050183163333333336	1.2386106498966665
2.6022859147235455	0.04368419666666666	1.2292393400866666
2.6040312439755398	0.04084232333333333	1.2267349180633333
2.6057765732275344	0.04294026333333334	1.2303336913199998
2.6075219024795286	0.04553604666666666	1.2345426927733332
2.609267231731523	0.046718876666666666	1.2377545133899999
2.611012560983517	0.05008574666666667	1.2446569521466666
2.6127578902355113	0.051832876666666666	1.2510114208766665
2.6145032194875055	0.05226572333333333	1.2547092512699998
2.6162485487394997	0.05269565	1.2551611344033333
2.617993877991494	0.05284042666666666	1.2530122715399998
2.619739207243488	0.049256329999999994	1.246653420983333
2.6214845364954824	0.04734961	1.24319671745
2.6232298657474775	0.04946138666666666	1.2456976155566664
2.6249751949994717	0.052217669999999994	1.2497306258966665
2.626720524251466	0.049823023333333334	1.2475092548166666
2.62846585350346	0.048734229999999996	1.2453001416833334
2.6302111827554544	0.05252764333333333	1.2475682263933332
2.631956512007449	0.05510138333333334	1.2489167744966667
2.6337018412594433	0.04943584666666666	1.2425861440066666
2.6354471705114375	0.04595251	1.2391186889766668
2.6371924997634317	0.049601856666666666	1.2427707071466667
2.638937829015426	0.05201872333333333	1.2447662962766666
2.6406831582674206	0.04697517	1.2391655580466667
2.642428487519415	0.04559853	1.2378254770033332
2.644173816771409	0.05030637333333333	1.2430241663233335
2.6459191460234033	0.053175313333333335	1.2457772819733335
2.6476644752753975	0.04986606	1.2408940365499999
2.6494098045273917	0.04848947333333334	1.2379337319666668
2.651155133779386	0.04963520666666666	1.23968518584
2.652900463031381	0.04947761666666667	1.2433909125333333
2.6546457922833753	0.04585335	1.2463486361099998
2.6563911215353695	0.04470159	1.2522711964966666
2.658136450787364	0.045900090000000004	1.2570859256733333
2.6598817800393584	0.047283200000000004	1.25641821406
2.6616271092913526	0.047287699999999995	1.2495958488766665
2.663372438543347	0.04857350666666666	1.2422918615266665
2.665117767795341	0.04760041999999999	1.2344711938233335
2.6668630970473353	0.04595835666666667	1.2300340697599998
2.66860842629933	0.04613120666666666	1.2310293161
2.6703537555513237	0.0466138	1.2347051555166666
2.6720990848033184	0.04268209666666667	1.2353147560799997
2.673844414055312	0.04188582333333333	1.2402459888466666
2.6755897433073077	0.046911386666666666	1.2517966799566667
2.677335072559302	0.05168054666666667	1.2611521378033332
2.679080401811296	0.050057920000000006	1.2587350408266667
2.6808257310632904	0.04887191	1.2525909914733333
2.6825710603152837	0.05053642333333333	1.2490853413533334
2.6843163895672792	0.04958319666666666	1.24563575622
2.6860617188192735	0.04071863666666667	1.2379369651199998
2.6878070480712677	0.035397083333333336	1.2353297837533335
2.689552377323262	0.03896944666666666	1.2382333397433332
2.691297706575256	0.04265967666666666	1.2361307939133332
2.6930430358272504	0.04025024666666667	1.2262402875566665
2.694788365079245	0.042583066666666655	1.2251174271699998
2.696533694331239	0.049943589999999996	1.2356914117733333
2.6982790235832335	0.05344743999999999	1.2457950144366665
2.7000243528352272	0.048862586666666666	1.2464367772766665
2.701769682087222	0.04436556666666667	1.2459515113166666
2.703515011339216	0.04266019	1.2490446273866667
2.7052603405912103	0.04114089666666666	1.2530926463166667
2.7070056698432046	0.03671989	1.2519776598199999
2.708750999095199	0.03665236	1.2477754241466665
2.710496328347194	0.04039532333333333	1.2382590209199997
2.712241657599188	0.04218709333333333	1.2246720758033331
2.7139869868511823	0.04069005666666666	1.2149761611066667
2.7157323161031766	0.04030593666666667	1.21758809492
2.7174776453551712	0.037194936666666664	1.225277965903333
2.7192229746071654	0.03411917666666667	1.2336183992866667
2.7209683038591597	0.03384358	1.2413687848233332
2.722713633111154	0.03478208333333333	1.2485042796433332
2.7244589623631486	0.034284296666666665	1.2539496211299999
2.7262042916151423	0.037380906666666665	1.2623643799166664
2.727949620867137	0.04229566666666666	1.2687392037666667
2.729694950119131	0.045238379999999995	1.26505858135
2.7314402793711254	0.04179339333333333	1.2500043276199997
2.7331856086231197	0.03727493999999999	1.2395747969
2.734930937875114	0.03635656666666666	1.2426199422000002
2.736676267127109	0.035718599999999996	1.2492526302566667
2.738421596379103	0.02914366666666667	1.244558908353333
2.7401669256310974	0.02772142	1.2366764700533333
2.7419122548830916	0.03514639	1.2332237792233331
2.743657584135086	0.040776346666666664	1.2299682138566665
2.7454029133870805	0.03838800666666667	1.22364578432
2.7471482426390748	0.038288546666666666	1.2242323295433333
2.748893571891069	0.041377043333333335	1.2300502956466666
2.750638901143063	0.04048124	1.2323067218033332
2.7523842303950574	0.03205582	1.2301080252233332
2.754129559647052	0.027471116666666663	1.23689909472
2.755874888899046	0.030678953333333335	1.2512152421833331
2.7576202181510405	0.033517483333333334	1.2572643028766666
2.7593655474030343	0.030159776666666666	1.2466076397899999
2.761110876655029	0.030660466666666667	1.23375943067
2.762856205907024	0.03495578333333333	1.2272242253666665
2.7646015351590183	0.03575115333333333	1.2256247783599998
2.7663468644110116	0.03122430333333333	1.2258829086933334
2.768092193663006	0.02863692	1.2308285659466665
2.769837522915	0.027811333333333334	1.2369066845799999
2.7715828521669956	0.027378513333333333	1.2430095427866665
2.77332818141899	0.02566489	1.2489912948966666
2.775073510670984	0.02676601333333333	1.2560787836533334
2.7768188399229783	0.029382506666666662	1.2573290663999999
2.7785641691749725	0.031215799999999995	1.2503310620799999
2.780309498426967	0.030988419999999996	1.23802592871
2.782054827678961	0.03119342	1.2270832474166664
2.7838001569309556	0.028444266666666666	1.2179623416699998
2.7855454861829494	0.026025773333333328	1.2157641480766666
2.787290815434944	0.026491043333333332	1.2193336349233332
2.7890361446869383	0.02730715033333333	1.2208347483033333
2.7907814739389325	0.024158746666666665	1.2156191370766667
2.7925268031909276	0.023882913333333332	1.21600441903
2.794272132442922	0.027195570000000002	1.2255648108333332
2.796017461694916	0.02873118	1.23458379333
2.7977627909469107	0.02452067	1.2346423199366665
2.799508120198905	0.02246264033333333	1.23578442587
2.801253449450899	0.024594583333333336	1.243039608843333
2.8029987787028934	0.025378416666666667	1.2501983025666665
2.8047441079548876	0.020183649999999997	1.2505566656499998
2.8064894372068823	0.01875429333333333	1.25180152871
2.808234766458876	0.02353583333333333	1.2527108032933332
2.8099800957108707	0.026370933333333332	1.2433464217199999
2.8117254249628645	0.02182233	1.2228309070933332
2.813470754214859	0.02060033	1.2100331814233334
2.8152160834668534	0.024796866666666667	1.2097450317133331
2.8169614127188476	0.025777446666666665	1.2099152344366666
2.818706741970842	0.01924246333333333	1.2041568834233334
2.820452071222836	0.01687422	1.2066299515233334
2.8221974004748303	0.020345286666666663	1.2209735943333333
2.8239427297268254	0.02153883	1.23761970444
2.8256880589788196	0.016979793333333333	1.2483702058199997
2.827433388230814	0.016508099999999998	1.2570575072833332
2.829178717482808	0.020569399999999998	1.26048261598
2.8309240467348022	0.022766206666666667	1.2549459354466665
2.832669375986797	0.019789216666666665	1.24283041297
2.834414705238791	0.019602376666666664	1.2347001650866665
2.8361600344907854	0.02222571	1.22955595071
2.8379053637427796	0.02257137666666667	1.2224264519433332
2.839650692994774	0.018564193333333333	1.2130106743933333
2.841396022246768	0.017072537	1.2101609278466665
2.8431413514987627	0.01712384	1.2144324107866666
2.8448866807507565	0.01665342	1.2239377777066667
2.846632010002751	0.014881821	1.2335736412966667
2.8483773392547453	0.015149221333333332	1.2396332934199998
2.8501226685067405	0.01571462066666667	1.2379870826066668
2.8518679977587347	0.01672624	1.2344896174266666
2.853613327010729	0.01689542	1.2324845709733332
2.855358656262723	0.01753459	1.2309265420366666
2.8571039855147173	0.016188232	1.2249908227666666
2.858849314766712	0.015076751666666666	1.2198553460233332
2.8605946440187062	0.015215520333333333	1.21828777991
2.8623399732707004	0.015783644333333333	1.2180817931533332
2.8640853025226947	0.013255102	1.2167792450366666
2.865830631774689	0.013282301666666666	1.2239155964633333
2.8675759610266836	0.01636889133333333	1.2383383968966666
2.8693212902786778	0.01818732	1.24777124085
2.871066619530672	0.015493296999999998	1.2453018523733332
2.872811948782666	0.014880580333333334	1.2431831643066666
2.87455727803466	0.016929376666666666	1.2461071341566665
2.8763026072866555	0.017259527333333333	1.246616408513333
2.8780479365386498	0.011976378999999999	1.237406189903333
2.879793265790644	0.010048481333333333	1.22740688809
2.881538595042638	0.013848556333333333	1.2189334299933334
2.8832839242946324	0.015774289333333334	1.2064207415866666
2.885029253546627	0.011473419	1.1923895783166665
2.8867745827986213	0.011391197	1.1941521630066667
2.8885199120506155	0.01534614333333333	1.2087712577266667
2.8902652413026098	0.015830086666666666	1.21867400993
2.892010570554604	0.010474761333333332	1.2185319208099998
2.893755899806598	0.008318854333333334	1.2256344650733333
2.895501229058593	0.010438877666666666	1.2456229249933335
2.8972465583105866	0.011312146666666665	1.2661751460966664
2.8989918875625813	0.006871911	1.27214648568
2.900737216814575	0.0069395253333333325	1.2669427951033334
2.9024825460665697	0.013029238333333332	1.2546863286533334
2.904227875318564	0.016437156666666664	1.2378073603966666
2.905973204570558	0.013095016666666664	1.22277043344
2.9077185338225524	0.013159769333333331	1.2209220270666665
2.9094638630745466	0.016277166666666665	1.2239138811066668
2.9112091923265417	0.01572498	1.2193698504466666
2.912954521578536	0.009693833999999998	1.2105109763366666
2.91469985083053	0.007701160333333333	1.2150847100266664
2.916445180082525	0.010128903666666668	1.2322884298466668
2.918190509334519	0.010809648333333333	1.2461524025933333
2.9199358385865133	0.007017933666666665	1.2435426679733332
2.921681167838508	0.006999144	1.23147879113
2.9234264970905017	0.009856004666666666	1.2209709471899999
2.9251718263424964	0.011240488	1.22156760893
2.92691715559449	0.009445817666666665	1.2313351346066668
2.928662484846485	0.009459561333333333	1.24236290688
2.930407814098479	0.010732987	1.2436977592299998
2.9321531433504733	0.01157669	1.2375471397400002
2.9338984726024675	0.009573607	1.2324931467033333
2.9356438018544617	0.010068059666666665	1.2365237521066665
2.937389131106457	0.011974479333333333	1.2422595057999999
2.939134460358451	0.011740509	1.24139227548
2.9408797896104453	0.009152741333333332	1.2322054012066666
2.9426251188624395	0.008831965999999998	1.2224311821166665
2.9443704481144337	0.0076950000000000005	1.21768297378
2.9461157773664284	0.007419813666666665	1.2250417359233332
2.9478611066184226	0.007966077333333332	1.2378939796266666
2.949606435870417	0.008451007	1.2436795620266667
2.951351765122411	0.007997912	1.23865206787
2.9530970943744053	0.009386291	1.2352891479766666
2.9548424236264	0.009764537333333333	1.2369506686033334
2.956587752878394	0.009942583666666666	1.2377308708266668
2.9583330821303884	0.008180566	1.2305453170166667
2.960078411382382	0.006660708000000001	1.2228986944433333
2.961823740634377	0.006960637333333333	1.221187267
2.963569069886372	0.0077322703999999996	1.2250101142599998
2.965314399138366	0.0051124226666666665	1.2329170670166665
2.9670597283903604	0.005640570666666667	1.2530453985499999
2.9688050576423537	0.008758477	1.2777470695499997
2.970550386894349	0.010863973333333332	1.28931931018
2.9722957161463435	0.010712863333333331	1.2801333736433333
2.9740410453983377	0.011462399333333333	1.26299195241
2.975786374650332	0.011607660333333334	1.2462265069866665
2.977531703902326	0.010608217333333333	1.23074741183
2.9792770331543204	0.005474405666666666	1.2176550276899998
2.981022362406315	0.0036123270000000002	1.2200734431733333
2.982767691658309	0.007185726	1.2355946486333333
2.9845130209103035	0.007994525333333332	1.2473578904366667
2.9862583501622977	0.003072960333333333	1.2504807313033333
2.988003679414292	0.0038156316666666666	1.2590067111599998
2.989749008666286	0.008142776333333332	1.2675486301466665
2.9914943379182812	0.010520352	1.2614000999866666
2.9932396671702755	0.009425370999999998	1.24023136831
2.9949849964222697	0.008818865	1.2245698936333334
2.996730325674264	0.009929174666666667	1.2258121838099998
2.9984756549262586	0.010438379	1.2360143685066665
3.000220984178253	0.004914854333333333	1.2411763222933332
3.001966313430247	0.004463893666666666	1.2483881199566667
3.0037116426822412	0.010887728999999999	1.2590986335233332
3.0054569719342354	0.011267440666666666	1.2639966642566667
3.00720230118623	0.004527841666666667	1.2656108118600002
3.008947630438224	0.005013908333333332	1.2772452640133332
3.0106929596902186	0.008905012	1.2854207280333334
3.0124382889422123	0.009621487666666666	1.2726607305799997
3.014183618194207	0.006548849999999999	1.2436076888666665
3.015928947446201	0.005092589666666666	1.2219034982233332
3.0176742766981954	0.006910601666666666	1.2168045806633332
3.0194196059501897	0.008631512333333334	1.22070756359
3.021164935202184	0.004741214333333334	1.2269013596099998
3.022910264454178	0.0051687316666666665	1.2489960142099998
3.024655593706173	0.010454119	1.2867979613666665
3.0264009229581674	0.010339476333333333	1.3190049668600001
3.0281462522101616	0.0039258466666666665	1.3282165900766665
3.029891581462156	0.003386903	1.318489446673333
3.03163691071415	0.007020888	1.2923002517533333
3.0333822399661448	0.0075747220333333325	1.2553971054233333
3.035127569218139	0.0026777209999999997	1.2219660314233334
3.036872898470133	0.002718842333333333	1.2106190939066668
3.0386182277221274	0.008899898666666666	1.2163151598866666
3.040363556974122	0.011959980666666665	1.2216070565866666
3.042108886226116	0.008435023333333333	1.22232660039
3.0438542154781105	0.009002166666666665	1.2322730815633334
3.0455995447301047	0.011329414999999999	1.2482410292866666
3.047344873982099	0.009444527666666667	1.25970911529
3.049090203234093	0.003997541666666667	1.26787510227
3.0508355324860883	0.0027967109666666664	1.2875250129366664
3.0525808617380825	0.0055143029	1.31903551085
3.0543261909900767	0.006407288333333334	1.3464682689599998
3.056071520242071	0.0013462168666666667	1.3509572800299998
3.057816849494065	0.002261353333333333	1.33550670078
3.05956217874606	0.010571751333333332	1.30781904946
3.061307507998054	0.01429818933333333	1.2733166399533333
3.0630528372500487	0.009652569	1.2405481271933332
3.0647981665020425	0.008564942333333334	1.2238324774166665
3.0665434957540367	0.010142673	1.2198339140699999
3.0682888250060314	0.008188656333333332	1.2211137201766666
3.0700341542580256	0.0029327095633333335	1.2277646059766667
3.07177948351002	0.0038991181	1.2444054853633333
3.073524812762014	0.008424168999999999	1.2615660188533333
3.075270142014008	0.008718113999999999	1.2744215537466665
3.0770154712660034	0.005219788	1.2931409485799998
3.0787608005179976	0.007718789666666667	1.3319620102733332
3.080506129769992	0.013302557333333333	1.3774853325333334
3.082251459021986	0.01577191433333333	1.3998342430966668
3.0839967882739803	0.010966507666666667	1.380137687113333
3.085742117525975	0.006693211666666667	1.3388613292666665
3.087487446777969	0.008736561333333333	1.30838743381
3.0892327760299634	0.009685948666666666	1.2973306724033333
3.0909781052819576	0.0029727723333333334	1.2887973880333332
3.092723434533952	0.002993774666666666	1.2754406613666665
3.094468763785946	0.007268419666666666	1.2616707303399999
3.0962140930379407	0.005885726666666667	1.2700035353433332
3.0979594222899345	0.006199668333333333	1.3127316206533335
3.099704751541929	0.013197321	1.3564266593299998
3.101450080793923	0.01692067	1.3490685162333333
3.1031954100459176	0.017724479333333334	1.2997858449866664
3.104940739297912	0.012116462666666664	1.27692970884
3.106686068549906	0.009519122666666666	1.3494371162099998
3.1084313978019003	0.021156005999999998	1.4941884615733332
3.1101767270538954	0.02556205166666667	1.5864054347366665
3.1119220563058896	0.010605449999999999	1.5362973676133334
3.113667385557884	0.005361356999999999	1.40975633145
3.1154127148098785	0.008117505666666667	1.3478184838799998
3.1171580440618727	0.009293811999999999	1.4283922252399999
3.118903373313867	0.01934374933333333	1.569735674593333
3.120648702565861	0.024744528333333335	1.5906400968366665
3.122394031817856	0.016293597	1.4390453611866665
3.1241393610698496	0.012170035999999999	1.29450757492
3.1258846903218442	0.005005213333333333	1.3621974472666667
3.127630019573838	0.013793912666666667	1.6460128999133332
3.1293753488258327	0.05251252433333334	1.8855886407
3.131120678077827	0.05391678933333333	1.7963067597200002
3.132866007329821	0.019439559999999998	1.5240159601799999
3.1346113365818153	0.025494066333333332	1.6744149422166665
3.1363566658338096	0.04695506133333333	2.7521849493966664
3.1381019950858047	0.09689817666666667	4.665631111643333
3.139847324337799	0.28403449	6.649056048816666
3.141592653589793	0.5802512	7.690417636833333