# O(3P)+CO2(000; j=0) -> O(3P)+CO2(000; j') scattering, statistically averaged (3A2+3B2+3B1) potential energy surfaces
# Differential cross sections; packaged by M. Gacesa (marko.gacesa@nasa.gov), Apr 30 2019
# E = 4.61717 eV
# theta(rad)                 elastic DCS                total DCS (both in units of 1E-16 cm^2/Sr)
0.	3.872905333333333e6	3.9424681399941025e6
0.0017453292519943296	2.268742e6	2.30276855509e6
0.003490658503988659	386093.2333333333	391866.4229396666
0.005235987755982989	123500.37	132012.49533489998
0.006981317007977318	68129.97666666665	73954.94221246666
0.008726646259971648	27123.11333333333	34775.653934899994
0.010471975511965978	30375.520999999997	34216.80506776666
0.012217304763960305	6141.368333333333	9338.793985163333
0.013962634015954637	7520.295999999999	12186.714451423331
0.015707963267948967	3540.6206666666667	5743.66994972
0.017453292519943295	1070.9109733333332	3070.2523542599997
0.019198621771937624	708.9810333333332	2809.67504845
0.020943951023931956	683.0964666666666	2036.2805609333332
0.02268928027592628	551.6386333333332	1776.9436242456668
0.02443460952792061	231.4954433333333	1465.9755925733334
0.02617993877991494	674.7079333333332	1562.8606482766668
0.027925268031909273	349.0344333333333	1147.6034743579999
0.029670597283903602	274.5935666666667	1171.1784990833332
0.031415926535897934	361.2723	1005.1668466533333
0.03316125578789226	85.56883333333333	622.0308385953333
0.03490658503988659	193.4675	785.2914991813333
0.03665191429188092	90.72857666666667	544.2398352863333
0.03839724354387525	78.08838999999999	478.1364276596667
0.040142572795869566	124.9294	507.5998709416666
0.04188790204786391	79.87814666666665	420.0180067506667
0.043633231299858244	122.56989999999999	454.75465433666665
0.04537856055185256	103.56896666666667	402.7011419566666
0.047123889803846894	110.08231333333333	400.25131382
0.04886921905584122	101.61546666666666	378.5627429103333
0.05061454830783555	70.58442666666667	328.56466615299996
0.05235987755982988	84.03456666666666	328.4932757826666
0.054105206811824215	43.42647666666666	267.6431852903333
0.05585053606381855	47.59169	270.17676420299995
0.05759586531581287	39.26447666666667	240.1374048953333
0.059341194567807204	30.429913666666668	221.09227857566668
0.061086523819801536	44.55659333333333	239.16498795866667
0.06283185307179587	27.96258333333333	207.79696638066665
0.0645771823237902	42.97051	216.2783597383333
0.06632251157578452	37.06772333333333	203.15205490666668
0.06806784082777885	28.681636666666666	190.9772797643333
0.06981317007977318	34.644756666666666	189.48273902166665
0.0715584993317675	16.752263666666668	159.062617031
0.07330382858376185	22.191729999999996	164.534036808
0.07504915783575618	12.841718666666665	148.27820184466668
0.0767944870877505	12.224398333333335	140.67648291766665
0.07853981633974483	20.589370000000002	145.37788503899998
0.08028514559173913	10.99598933333333	132.167295334
0.08203047484373349	25.188643333333335	144.7022366833333
0.08377580409572782	19.571876666666668	131.51181997100002
0.08552113334772216	16.69594433333333	126.95850446933332
0.08726646259971649	19.64885	127.29132398333334
0.08901179185171079	8.661995000000001	110.80740273836666
0.09075712110370512	12.663532333333333	112.684364347
0.09250245035569944	5.3545370000000005	98.9791958794
0.09424777960769379	6.515551333333333	97.65380718596666
0.09599310885968812	10.135019	99.52915518693334
0.09773843811168244	4.838680333333333	91.31635098176667
0.09948376736367677	13.993786666666667	98.7027448304
0.1012290966156711	9.923746	90.25709066606666
0.10297442586766543	11.689330333333332	91.53414010383332
0.10471975511965977	11.825109999999999	89.46974115883332
0.10646508437165408	7.4021349999999995	81.73776598636667
0.10821041362364843	10.533999000000001	83.3066480337
0.10995574287564276	3.3054761333333333	72.06253727213333
0.1117010721276371	5.604176333333333	72.74928534236666
0.11344640137963143	6.3650536666666655	72.21730063673333
0.11519173063162574	3.439263333333333	68.37905443083332
0.11693705988362009	9.366131333333332	72.39185453813333
0.11868238913561441	5.950495666666666	65.50241628143333
0.12042771838760875	8.670923666666667	69.44117329243333
0.12217304763960307	7.295964666666666	67.4870193308
0.12391837689159738	4.579717666666667	62.39867873819999
0.12566370614359174	6.303950666666666	62.477774077233335
0.12740903539558604	1.4598919333333333	55.62844291163333
0.1291543646475804	3.161622333333333	57.053358364766666
0.13089969389957473	2.773436666666666	54.36458851289999
0.13264502315156904	1.6173942	51.890837133666665
0.1343903524035634	4.782959666666667	55.220168629933326
0.1361356816555577	2.9882056666666665	51.575564581933335
0.13788101090755206	5.940856999999999	53.90563377073333
0.13962634015954636	4.338866333333333	51.095441169633325
0.1413716694115407	3.7025879999999995	49.58766611233333
0.143116998663535	4.9233199999999995	50.19141186723333
0.14486232791552936	1.6108472666666664	45.1191345062
0.1466076571675237	2.7100609999999996	45.709468899066664
0.148352986419518	1.848122333333333	43.85658658949999
0.15009831567151236	1.7605823666666667	43.250879923199996
0.15184364492350666	3.8197003333333335	44.84101298723333
0.153588974175501	2.213301333333333	41.56361870863333
0.15533430342749535	4.8071399999999995	44.02218161276666
0.15707963267948966	3.6977813333333334	42.658923095700004
0.158824961931484	2.7076016666666662	40.985704388066665
0.16057029118347826	3.4899186666666666	40.515439384666664
0.16231562043547265	1.3706475666666667	37.20082278183333
0.16406094968746698	1.785947333333333	37.97539158866667
0.16580627893946132	1.5826156666666666	36.8682158909
0.16755160819145565	1.4287038666666665	35.68938570816667
0.16929693744344992	2.655325	36.93301446616667
0.1710422666954443	1.5384474999999997	35.460867198399995
0.17278759594743864	2.6805776666666663	36.38187529546666
0.17453292519943298	2.304333333333333	34.88437443616667
0.17627825445142725	2.0512889999999997	34.061025781199994
0.17802358370342158	2.2449923333333333	34.27929686893333
0.17976891295541597	1.2010067333333332	32.14785112096666
0.18151424220741025	1.7015124333333331	31.77455197706667
0.18325957145940458	1.333337933333333	30.725539072799997
0.18500490071139888	1.1662186333333333	30.3129607085
0.18675022996339324	2.3303606666666665	31.340175382733335
0.18849555921538758	1.497474	29.4588696489
0.1902408884673819	2.3676263333333334	29.683464547166665
0.19198621771937624	2.076938333333333	29.04108527733333
0.19373154697137057	1.2363416666666665	28.090896866633333
0.19547687622336488	1.5343496666666665	27.897758096666667
0.19722220547535924	0.8927662666666667	26.17415588073333
0.19896753472735354	1.0118548333333333	26.267427592333334
0.2007128639793479	1.2338263333333332	26.514028462633327
0.2024581932313422	0.8949216333333332	25.655815002233332
0.20420352248333656	1.8287643333333332	26.193294178800002
0.20594885173533087	1.2539822333333333	25.27222179303333
0.20769418098732523	1.3179789333333334	25.522699232266667
0.20943951023931953	1.390901	25.090117740466667
0.2111848394913139	0.9067485666666666	23.74883745206666
0.21293016874330817	0.992698	23.787944796799998
0.21467549799530256	0.6270176333333333	23.190438586766664
0.21642082724729686	0.7420688999999998	22.992997422733332
0.2181661564992912	1.0971945333333333	22.960628582233333
0.21991148575128552	0.6325036666666667	22.103699940333332
0.22165681500327983	1.3678812999999999	22.952964292166662
0.2234021442552742	1.0539649666666666	22.423774794899998
0.22514747350726852	1.0071938999999999	22.09429972923333
0.22689280275926285	1.0704831333333333	21.8341585079
0.22863813201125716	0.5351048999999999	20.885764869699997
0.2303834612632515	0.8164041333333333	21.112452621566664
0.23212879051524585	0.5409305333333332	20.512145557433332
0.23387411976724018	0.5312971	20.07959339403333
0.23561944901923448	1.430688	20.752905323466667
0.23736477827122882	0.9350565999999999	20.072114107833332
0.23911010752322315	1.4096893333333331	20.44917650833333
0.2408554367752175	1.3026203333333333	19.796644452733332
0.24260076602721184	0.9103174666666667	19.092388254933333
0.24434609527920614	1.0747486666666666	19.249038557066665
0.24609142453120048	0.4559053	18.2566319126
0.24783675378319475	0.6229367	18.134852569866666
0.24958208303518917	0.9215919333333332	18.215891991166668
0.25132741228718347	0.4890051333333333	17.7637689568
0.2530727415391778	0.9897309000000001	18.2605310904
0.2548180707911721	0.6532005000000001	17.53131775403333
0.25656340004316636	0.7171711333333333	17.61465099013333
0.2583087292951608	0.6547245333333332	17.558033407699998
0.26005405854715513	0.2982800333333333	16.883585657833333
0.26179938779914946	0.46896733333333335	16.8158171324
0.2635447170511437	0.16910218333333332	16.24338343433333
0.26529004630313807	0.28938529999999996	16.372252930833334
0.26703537555513246	0.6629468333333333	16.701581325866666
0.2687807048071268	0.3786273333333333	16.129382908766665
0.270526034059121	0.8911438	16.537217833166665
0.2722713633111154	0.7132835666666667	16.065329653566664
0.2740166925631097	0.8870684666666666	16.0068643342
0.2757620218151041	0.9153352666666665	15.871395409166666
0.27750735106709834	0.3212682	15.0028149164
0.2792526803190927	0.6243650333333333	15.204016946966664
0.280998009571087	0.5800894333333333	14.989520716066666
0.2827433388230814	0.4467109333333333	14.6804131192
0.2844886680750758	0.9848488666666665	15.035025621566664
0.28623399732707	0.6117389	14.467850864966666
0.28797932657906433	0.7662915	14.742289842866668
0.2897246558310587	0.5847087	14.410795116866666
0.291469985083053	0.27464316666666666	13.786314065166666
0.2932153143350474	0.40064246666666664	13.7514507303
0.29496064358704166	0.12670079333333334	13.272798194499998
0.296705972839036	0.16144238333333333	13.257014885233332
0.2984513020910303	0.3131991333333333	13.234927535266666
0.3001966313430247	0.19165476666666664	12.913680981866666
0.301941960595019	0.5284369999999999	13.323399872566664
0.3036872898470133	0.3293503	12.911165053633333
0.30543261909900765	0.5511915333333333	12.845542255033331
0.307177948351002	0.5311435	12.681072750166665
0.3089232776029963	0.22697166666666668	12.265310657166665
0.3106686068549907	0.4190208	12.390798102766666
0.312413936106985	0.2939344	12.0404547782
0.3141592653589793	0.3217524666666666	11.942163672533333
0.31590459461097364	0.6693753	12.326987236499999
0.317649923862968	0.4678233666666666	12.0405466123
0.3193952531149623	0.7330344333333333	12.211927291133332
0.32114058236695653	0.5617830333333333	11.859836238066666
0.32288591161895097	0.4141328333333333	11.6473538414
0.3246312408709453	0.5243237333333333	11.800826284266666
0.32637657012293964	0.24699885	11.388497190166667
0.32812189937493397	0.25943703333333334	11.239222831566666
0.32986722862692824	0.40024879999999996	11.200518280466667
0.33161255787892263	0.2850623333333333	11.004343260299999
0.3333578871309169	0.5064093333333333	11.2404791238
0.3351032163829113	0.28664826666666665	10.779714929433334
0.3368485456349056	0.2881686	10.585885447666666
0.33859387488689985	0.2857666666666666	10.495797954466667
0.34033920413889424	0.08392798666666668	10.149638197813333
0.3420845333908886	0.1470909	10.05653975682
0.3438298626428829	0.15951929999999998	9.858031372773333
0.3455751918948773	0.12242520333333332	9.829400379656665
0.34732052114687156	0.30261234666666664	10.122344602746667
0.34906585039886595	0.2121485	9.836042993743334
0.3508111796508603	0.36893339999999997	9.810469713793331
0.3525565089028545	0.29920313333333326	9.733068102369998
0.3543018381548489	0.23885516666666665	9.765302218093332
0.35604716740684317	0.33465063333333334	9.866173901526667
0.35779249665883756	0.25623351666666666	9.570444736686667
0.35953782591083194	0.2720099333333333	9.502644685433332
0.3612831551628262	0.40941826666666664	9.734102720473333
0.3630284844148205	0.36275373333333333	9.706623653689999
0.3647738136668149	0.5379865666666667	9.809807239366666
0.36651914291880916	0.38806589999999996	9.48116421848
0.36826447217080355	0.35694196666666667	9.410798343973333
0.37000980142279777	0.4121528	9.530975868546665
0.3717551306747922	0.24967730000000002	9.29756557587
0.3735004599267865	0.23455789999999999	9.145464565206666
0.3752457891787809	0.29506146666666666	9.075615443363333
0.37699111843077515	0.22313799999999998	9.03628756072
0.3787364476827695	0.36971536666666666	9.2977062495
0.3804817769347638	0.21263503333333333	9.007794884153332
0.38222710618675815	0.1807152333333333	8.814353782463332
0.3839724354387525	0.17556466333333334	8.768397070533332
0.38571776469074687	0.04817054333333333	8.65809950626
0.38746309394274114	0.09042846666666667	8.683008926886666
0.3892084231947355	0.13718511333333333	8.54288478387
0.39095375244672975	0.09270661999999999	8.40368528842
0.39269908169872414	0.23230556666666669	8.616000956616666
0.39444441095071847	0.17216956666666663	8.4813467846
0.3961897402027128	0.2770966	8.428212647733332
0.3979350694547071	0.2556597	8.26781625809
0.39968039870670136	0.17407736333333335	8.146839128906667
0.4014257279586958	0.2600194	8.233417766143333
0.4031710572106902	0.26496780899999994	8.079013053086666
0.4049163864626844	0.27316034	7.909579338346667
0.4066617157146788	0.38952926666666665	7.956275141416666
0.4084070449666731	0.30925610000000003	7.87263250897
0.41015237421866746	0.4469727333333333	8.041518504026666
0.41189770347066174	0.35971226666666667	7.835224231986666
0.413643032722656	0.2522559333333333	7.56299718126
0.41538836197465046	0.28703436666666665	7.52930186766
0.4171336912266447	0.1843337	7.430638523343333
0.41887902047863906	0.19392276999999997	7.50782853095
0.42062434973063334	0.2835917	7.556561532603333
0.4223696789826278	0.17050306666666665	7.320725291626666
0.4241150082346221	0.2845222833333333	7.418592837783334
0.42586033748661634	0.17639644999999998	7.317008788433332
0.4276056667386108	0.10001669333333332	7.267100593046665
0.4293509959906051	0.11956755	7.237147472769999
0.43109632524259933	0.02586772	7.006423946853333
0.4328416544945937	0.05692933	6.991948820286667
0.434586983746588	0.12061377666666667	7.022853222746666
0.4363323129985824	0.06403558333333333	6.917888280653334
0.43807764225057666	0.17527466666666663	6.979586618969998
0.43982297150257105	0.12282205000000002	6.79241043215
0.44156830075456543	0.18346173333333332	6.806335793626666
0.44331363000655966	0.16193398666666664	6.771288672323333
0.445058959258554	0.08841472	6.57988460926
0.4468042885105484	0.17466976666666667	6.5474152060433335
0.44854961776254265	0.16513047333333333	6.466359796493333
0.45029494701453704	0.1649317	6.493769405466667
0.4520402762665313	0.3038911333333333	6.6645441015
0.4537856055185257	0.22357046666666663	6.4655742720700005
0.45553093477052	0.33157866666666663	6.490876503383333
0.4572762640225143	0.26108359999999997	6.431037022189999
0.45902159327450864	0.12062523333333333	6.297507772393333
0.460766922526503	0.19828043333333334	6.308608102879999
0.46251225177849725	0.15911098666666665	6.156333445256665
0.4642575810304917	0.14454886666666666	6.163015974636666
0.46600291028248597	0.25629959999999996	6.35720675754
0.46774823953448036	0.16151376666666664	6.213324306333334
0.4694935687864746	0.24731716666666664	6.1964090642533325
0.47123889803846897	0.17511316666666665	6.0544067434399995
0.4729842272904633	0.06372522	5.98852277314
0.47472955654245763	0.11147425	6.070055452483333
0.4764748857944519	0.06979753666666666	5.90723048088
0.4782202150464463	0.06374369999999999	5.813480118876667
0.4799655442984406	0.14596464999999997	5.927113365613334
0.481710873550435	0.07386137333333333	5.935434164356666
0.48345620280242924	0.12153653666666665	6.013692593886667
0.4852015320544237	0.067192	5.795952448186666
0.48694686130641796	0.05937504333333333	5.663470049163333
0.4886921905584123	0.07623901	5.747040329583332
0.49043751981040656	0.032551707666666665	5.765556572669999
0.49218284906240095	0.05840052	5.766818334553332
0.4939281783143953	0.09472451999999999	5.7074778725133335
0.4956735075663895	0.09651783	5.667821999873333
0.4974188368183839	0.2067486	5.865692247656666
0.49916416607037833	0.14152773333333335	5.776771876343333
0.5009094953223726	0.1852174	5.6828055673266675
0.5026548245743669	0.18934069999999997	5.646336565376666
0.5044001538263612	0.09814089	5.62710922425
0.5061454830783556	0.1617192	5.723470362153333
0.5078908123303499	0.20493696666666664	5.646309191469999
0.5096361415823442	0.16967923333333335	5.494298739083334
0.5113814708343385	0.26266063333333334	5.650137946400001
0.5131268000863327	0.17769306666666665	5.657714759706666
0.5148721293383272	0.17820569999999997	5.6204812292
0.5166174585903216	0.17419306666666667	5.45656634641
0.5183627878423158	0.07322276	5.2762458275499995
0.5201081170943103	0.09714599333333332	5.39120013833
0.5218534463463045	0.1451093	5.484210165636666
0.5235987755982989	0.09313746333333334	5.348563705929999
0.5253441048502931	0.13420030666666666	5.288467170286666
0.5270894341022874	0.07285596333333333	5.180424934186666
0.5288347633542818	0.06981918333333333	5.231278513106666
0.5305800926062761	0.05897960333333333	5.211338338119999
0.5323254218582705	0.01810767	5.03560356548
0.5340707511102649	0.03810387666666667	4.9761909400999995
0.5358160803622593	0.06343676333333333	5.01331174241
0.5375614096142536	0.04199327333333334	5.023933596843333
0.5393067388662478	0.09249365	5.0509817224699995
0.541052068118242	0.07409886333333332	4.920096638786667
0.5427973973702365	0.11777637666666665	4.926882196976667
0.5445427266222308	0.09382180333333331	4.936830963053333
0.5462880558742251	0.05964816333333334	4.862247739466666
0.5480333851262194	0.11292710333333333	4.83823888524
0.5497787143782138	0.13848851666666667	4.840092993463333
0.5515240436302082	0.12026555333333333	4.85733658669
0.5532693728822025	0.18290098333333332	4.919214873503333
0.5550147021341967	0.15245476666666666	4.7826363892099995
0.5567600313861911	0.1830029333333333	4.752245827633333
0.5585053606381855	0.15388239999999997	4.768090116596666
0.5602506898901798	0.07699888666666667	4.724062215003333
0.561996019142174	0.10703949666666668	4.698743190523333
0.5637413483941685	0.14183856666666667	4.657306855553333
0.5654866776461628	0.09598162666666667	4.6449415109066665
0.5672320068981571	0.12671505666666666	4.755376214789999
0.5689773361501516	0.07188407666666666	4.669825333423333
0.5707226654021459	0.06093079333333333	4.60379301284
0.57246799465414	0.04952944666666666	4.597419506586666
0.5742133239061344	0.011828266666666667	4.5940007168033326
0.5759586531581287	0.030658339999999996	4.61568035325
0.5777039824101231	0.05326989666666666	4.575633584753334
0.5794493116621174	0.022575666666666667	4.532060058013333
0.5811946409141118	0.08258654	4.669759005603333
0.582939970166106	0.06463377	4.65651327225
0.5846852994181004	0.06330300333333333	4.57282923874
0.5864306286700948	0.05131653	4.486335155673332
0.5881759579220891	0.04033427666666666	4.484715220806667
0.5899212871740833	0.09895593	4.6270774301
0.5916666164260775	0.12627742	4.659112212503333
0.593411945678072	0.08155135999999999	4.5060701576
0.5951572749300664	0.14812016666666664	4.49956728066
0.5969026041820606	0.1462930033333333	4.514763513636667
0.5986479334340549	0.15381248333333333	4.57461189104
0.6003932626860494	0.12859413333333333	4.51287803534
0.6021385919380438	0.07363461666666665	4.33799615199
0.603883921190038	0.13098659666666665	4.353507694599999
0.6056292504420324	0.18713153333333332	4.464319506173333
0.6073745796940266	0.12570708	4.413276101506666
0.609119908946021	0.15850314999999998	4.3453606774799995
0.6108652381980153	0.12222199	4.2024451705466666
0.6126105674500095	0.09815837666666667	4.21880389666
0.614355896702004	0.09700698333333332	4.2922815636
0.6161012259539983	0.05021335666666667	4.184922826036666
0.6178465552059926	0.06825062333333333	4.087209169776667
0.6195918844579871	0.11792907666666666	4.121265408246666
0.6213372137099814	0.053376433333333334	4.154385780916666
0.6230825429619757	0.06538810333333334	4.211169653363333
0.62482787221397	0.04437345666666666	4.082317500149999
0.6265732014659642	0.022873643333333332	3.998739625206666
0.6283185307179586	0.02078323633333333	4.064523946206666
0.630063859969953	0.00672327	4.094701066133333
0.6318091892219473	0.01780286	4.051184300879999
0.6335545184739415	0.04456316666666667	3.989550933776666
0.635299847725936	0.016064999333333333	3.970865411526667
0.6370451769779303	0.05379344666666666	4.101463968636667
0.6387905062299246	0.045765186666666666	4.061856839723333
0.6405358354819191	0.05727406999999999	3.9370982854433336
0.6422811647339131	0.05015191333333333	3.8582448594433334
0.6440264939859075	0.029656086666666664	3.8569716581399995
0.6457718232379019	0.08701782	3.9514018079699995
0.6475171524898962	0.12365909999999998	3.943639686413333
0.6492624817418906	0.08851291	3.80118919059
0.6510078109938849	0.16157639999999998	3.839520465613333
0.6527531402458793	0.14799476666666667	3.8509664621266664
0.6544984694978735	0.12873163333333332	3.8286439134266663
0.6562437987498679	0.12980480666666666	3.76293448217
0.6579891280018623	0.09069478333333332	3.643630685703333
0.6597344572538565	0.15416796666666666	3.7108957940366665
0.6614797865058508	0.23379416666666666	3.848574890323333
0.6632251157578453	0.14562804	3.7541115657366664
0.6649704450098396	0.15245208	3.681759611426666
0.6667157742618338	0.14786496666666665	3.6200234288566664
0.668461103513828	0.11820572333333332	3.6500896326199994
0.6702064327658226	0.12824357333333333	3.7341956506200003
0.6719517620178169	0.08790888	3.6355325624733332
0.6736970912698113	0.07564367333333333	3.5269003725466668
0.6754424205218055	0.14887634333333333	3.6230432460533333
0.6771877497737997	0.08942392666666665	3.6885204966833336
0.6789330790257941	0.043453678333333336	3.701446981186667
0.6806784082777885	0.028860203333333334	3.56010781972
0.6824237375297828	0.02844713633333333	3.4485156448066663
0.6841690667817772	0.04418938	3.55571776702
0.6859143960337715	0.032031165	3.6681341118366664
0.6876597252857658	0.010807899666666666	3.6169759907400003
0.6894050545377601	0.048509703333333334	3.52471896654
0.6911503837897546	0.035137796666666665	3.4595897943699994
0.6928957130417489	0.04620386633333333	3.5675054215933333
0.6946410422937431	0.034077179	3.5967112839866666
0.6963863715457373	0.023814738333333335	3.4598486578933327
0.6981317007977319	0.037431737	3.3673868031566667
0.6998770300497262	0.039276233333333334	3.413928966566666
0.7016223593017206	0.053107679	3.5130925026833335
0.7033676885537148	0.10695124333333333	3.5302322944599998
0.705113017805709	0.07183268666666667	3.3490515126066662
0.7068583470577035	0.06817870333333333	3.2858554770699997
0.7086036763096978	0.06973816333333333	3.357327606196667
0.710349005561692	0.06316720666666667	3.3946550101066664
0.7120943348136863	0.08458244999999999	3.3439018916000003
0.7138396640656808	0.09292601333333333	3.255634147473333
0.7155849933176751	0.08458811666666666	3.2711804003199996
0.7173303225696694	0.1312998333333333	3.41818101843
0.7190756518216639	0.09290865	3.3654177570000003
0.7208209810736581	0.06544372	3.2096734960166664
0.7225663103256524	0.08393506666666667	3.15477050548
0.7243116395776467	0.09593146333333333	3.2500476904066664
0.726056968829641	0.09993073666666666	3.384842235353333
0.7278022980816354	0.09626838666666666	3.3506622282633334
0.7295476273336298	0.06725672	3.1669208514400005
0.7312929565856241	0.11166120666666665	3.1747067480933326
0.7330382858376183	0.10524987	3.28180308434
0.7347836150896128	0.06216132666666666	3.3185464510533333
0.7365289443416071	0.053000145	3.224616956846667
0.7382742735936013	0.07804259666666666	3.12430249935
0.7400196028455955	0.09355837566666667	3.1901492487166667
0.7417649320975901	0.08944040333333332	3.3261382321133333
0.7435102613495844	0.04255852066666666	3.2531709884866666
0.7452555906015788	0.06607938333333332	3.1165981236033327
0.747000919853573	0.08228432399999999	3.0755977675333335
0.7487462491055674	0.06147415600000001	3.1806720535433333
0.7504915783575618	0.03671947666666667	3.251469340723333
0.752236907609556	0.0409649	3.1345507702066664
0.7539822368615503	0.06563899	3.0018704175666664
0.7557275661135445	0.09127658999999999	3.0770512599266664
0.757472895365539	0.04248495	3.1672158901500005
0.7592182246175333	0.03997198666666667	3.1441544672666666
0.7609635538695276	0.05684438	2.9902102799100003
0.7627088831215221	0.049903743333333334	2.9233792958766665
0.7644542123735163	0.04696467333333333	3.0659840134666667
0.7661995416255106	0.05489313533333333	3.172988873423333
0.767944870877505	0.050663606666666666	3.0468327989466664
0.7696902001294994	0.08064379666666666	2.923717699153333
0.7714355293814937	0.04811287	2.93255215635
0.773180858633488	0.026708257766666667	3.077255473356667
0.7749261878854823	0.04797985766666666	3.1252701998066663
0.7766715171374765	0.05100470666666666	2.9751952971033333
0.778416846389471	0.043406016	2.88115456383
0.7801621756414653	0.06350618166666666	2.999471291176667
0.7819075048934595	0.047841199933333335	3.0966841952699995
0.7836528341454538	0.05867420666666667	3.067036041673333
0.7853981633974483	0.043468061	2.916614886343333
0.7871434926494427	0.0255855257	2.8780453823033327
0.7888888219014369	0.04715552966666667	3.0180524869133327
0.7906341511534312	0.06119178983333333	3.088966510446666
0.7923794804054256	0.045081173333333335	2.9815889914966665
0.7941248096574199	0.06545282633333334	2.898386412306666
0.7958701389094142	0.06017417333333333	2.9175521136633336
0.7976154681614087	0.06896747	3.042577935263333
0.7993607974134027	0.054619756666666665	3.0480627911366662
0.8011061266653973	0.03360207333333333	2.9088005140999997
0.8028514559173916	0.06988009333333334	2.86684320365
0.8045967851693858	0.10777993333333333	2.970598729363333
0.8063421144213804	0.07637262	3.03692977067
0.8080874436733746	0.07444358666666667	3.0087532456833337
0.8098327729253688	0.060395069999999995	2.8684493849066666
0.8115781021773631	0.06902492666666667	2.8462246448466666
0.8133234314293576	0.08240122666666666	2.9616108177866662
0.815068760681352	0.05163966666666665	2.98513243217
0.8168140899333463	0.04306175333333333	2.8900801605933335
0.8185594191853405	0.08632195333333333	2.8325234980399996
0.8203047484373349	0.06599663866666666	2.8525453405100003
0.8220500776893291	0.04606618633333333	2.95361676414
0.8237954069413235	0.02620488239333333	2.9178819301899996
0.8255407361933177	0.029274062999999996	2.773902094666666
0.827286065445312	0.053084854333333334	2.7425252034333334
0.8290313946973066	0.043317884	2.8417279726799998
0.8307767239493009	0.02187154733333333	2.9234066899699997
0.8325220532012951	0.052165116666666664	2.8866494622099994
0.8342673824532894	0.046702959999999995	2.72775006156
0.8360127117052839	0.04389273333333333	2.713876584696667
0.8377580409572781	0.026170646666666665	2.8185291119366664
0.8395033702092725	0.01598001	2.852312425873333
0.8412486994612667	0.05236597666666666	2.78899417396
0.8429940287132611	0.06656076	2.703135763833333
0.8447393579652556	0.03960266333333333	2.708363913316667
0.8464846872172498	0.06776150333333333	2.8324029616733335
0.8482300164692442	0.05918697333333334	2.8051355917633334
0.8499753457212386	0.05079575	2.67971769689
0.8517206749732327	0.05630125666666667	2.6370751006166664
0.853466004225227	0.03999237333333333	2.6880913918800005
0.8552113334772216	0.06468759666666665	2.7800698564233333
0.8569566627292158	0.10900334	2.782237364083333
0.8587019919812102	0.06491463333333332	2.6381355945
0.8604473212332044	0.05683315133333333	2.61889246839
0.8621926504851987	0.05740919666666666	2.6954710720133335
0.8639379797371932	0.042587053333333326	2.7151787342600002
0.8656833089891874	0.06435809333333332	2.6758837773666664
0.8674286382411818	0.07257482666666666	2.6141102338033333
0.869173967493176	0.04867129666666667	2.6179848058666666
0.8709192967451702	0.07048720666666666	2.724837548659999
0.8726646259971648	0.04712925333333333	2.7064965655366664
0.8744099552491591	0.023107418033333334	2.601708615913333
0.8761552845011533	0.03575639033333333	2.5629927932500003
0.8779006137531478	0.03912464	2.612762756426666
0.8796459430051421	0.033162476999999996	2.6783777713199997
0.8813912722571363	0.040397270666666665	2.66153654131
0.8831366015091309	0.021936080933333338	2.55505505404
0.8848819307611251	0.027405072666666662	2.5480977684766666
0.8866272600131193	0.024263716999999997	2.61225163944
0.8883725892651138	0.01782686	2.6425388853399996
0.890117918517108	0.017879786666666668	2.5869455539966664
0.8918632477691024	0.025055375666666664	2.5141987138
0.8936085770210968	0.027207886666666667	2.5269754082099998
0.895353906273091	0.029664466666666667	2.601148734313333
0.8970992355250853	0.018508258333333333	2.5924607603266665
0.8988445647770799	0.03670231233333333	2.5432479462033335
0.9005898940290741	0.03335082733333333	2.49734748307
0.9023352232810684	0.02677562333333333	2.5152141862299997
0.9040805525330626	0.03229859066666666	2.55720661351
0.9058258817850569	0.031026359999999996	2.526543713256667
0.9075712110370514	0.041838669	2.474561491476667
0.9093165402890456	0.07502914666666666	2.50573587334
0.91106186954104	0.051253574	2.5200358575366666
0.9128071987930344	0.044282722100000005	2.509144584456666
0.9145525280450286	0.04960288066666666	2.45434475716
0.9162978572970231	0.03891905033333333	2.3961686099966664
0.9180431865490173	0.06053665666666667	2.4445619894166666
0.9197885158010117	0.08841739333333333	2.5268827965366665
0.921533845053006	0.059402755333333335	2.4880544122733332
0.9232791743050003	0.06266584966666666	2.427895021363333
0.9250245035569945	0.056734137	2.3840064049866663
0.9267698328089891	0.040081235666666666	2.3950733112666667
0.9285151620609834	0.06258535333333333	2.4588192993166667
0.9302604913129776	0.07835016	2.4569313054766666
0.9320058205649719	0.06081694666666666	2.38827301694
0.9337511498169662	0.07200541666666666	2.39117192302
0.9354964790689607	0.052831462333333336	2.407735554523333
0.9372418083209549	0.03943500766666667	2.4184774661266664
0.9389871375729492	0.059689783333333336	2.40620594536
0.9407324668249435	0.06934397599999999	2.3624983389066667
0.9424777960769379	0.05975564333333333	2.355532058543333
0.9442231253289324	0.061021403333333335	2.39848034967
0.9459684545809266	0.04659431333333333	2.388064791383333
0.9477137838329208	0.05925218	2.365754604456667
0.9494591130849153	0.06673554999999999	2.3479476695233332
0.9512044423369096	0.05292716333333334	2.3503658239666665
0.9529497715889038	0.044291706666666666	2.36709712514
0.9546951008408984	0.056625533333333325	2.3553736068299997
0.9564404300928926	0.06561374799999999	2.3220797226566665
0.9581857593448869	0.07249975333333333	2.3434747465466663
0.9599310885968813	0.04597801866666666	2.36316306911
0.9616764178488755	0.039616168	2.3628216390766665
0.96342174710087	0.05546746766666666	2.32957081017
0.9651670763528643	0.06326494599999999	2.2953252752599997
0.9669124056048585	0.05894665133333333	2.32186126429
0.9686577348568528	0.05631084333333333	2.3821239316666665
0.9704030641088474	0.04588064166666667	2.372191251563333
0.9721483933608416	0.06345893799999999	2.3381215708333327
0.9738937226128359	0.05819220966666667	2.3053667067999997
0.9756390518648301	0.03853088503333334	2.3101328726566663
0.9773843811168246	0.04594157966666666	2.3506363952766662
0.9791297103688189	0.06215186333333332	2.3581004537766663
0.9808750396208131	0.05559822833333332	2.3228554214899995
0.9826203688728073	0.05547320666666667	2.3315179578933334
0.9843656981248019	0.033483619	2.3393578889166666
0.9861110273767961	0.02880831066666667	2.3336892728499996
0.9878563566287906	0.046395989	2.3120085271
0.9896016858807848	0.04724724933333333	2.2805001318933336
0.991347015132779	0.03402831666666666	2.2881977726166665
0.9930923443847736	0.038167334666666664	2.34244244854
0.9948376736367678	0.025166618333333335	2.339043912863333
0.9965830028887621	0.025853130000000002	2.2992864385900003
0.9983283321407567	0.03190947366666666	2.2590489341133333
1.0000736613927508	0.029413417333333334	2.2512095566333334
1.0018189906447452	0.026733122999999998	2.28831743972
1.0035643198967397	0.030941227819999993	2.3198453410399997
1.0053096491487339	0.023098331666666666	2.28624249014
1.007054978400728	0.03393159	2.254883727963333
1.0088003076527223	0.034462033333333336	2.24457131991
1.0105456369047165	0.025776943666666666	2.26550431049
1.0122909661567112	0.025619232999999998	2.2894108704433336
1.0140362954087054	0.03782252	2.2746135152599996
1.0157816246606999	0.04210037666666667	2.2386445651199995
1.017526953912694	0.043687656666666665	2.2458448160933333
1.0192722831646883	0.02612848	2.25940825575
1.0210176124166828	0.03060546	2.267125743713333
1.022762941668677	0.04930515666666666	2.2454512885666666
1.0245082709206712	0.05154430666666666	2.217630996803333
1.0262536001726654	0.035934999333333335	2.234454555356667
1.02799892942466	0.033326464666666666	2.271902823543333
1.0297442586766543	0.040812550999999996	2.24780273827
1.0314895879286488	0.06418219333333333	2.2034121375966667
1.0332349171806432	0.05250527333333333	2.1734338732233334
1.0349802464326374	0.025300912666666668	2.1974378078499996
1.0367255756846316	0.029962673333333332	2.24551256603
1.0384709049366259	0.056918991	2.23083580066
1.0402162341886205	0.06606838333333333	2.1642847816833335
1.041961563440615	0.05951061	2.15168737467
1.043706892692609	0.028075883333333333	2.1729165515966664
1.0454522219446034	0.03516377666666666	2.20510109501
1.0471975511965979	0.06529714666666667	2.1949676153766666
1.048942880448592	0.06108196	2.1390395608966664
1.0506882097005863	0.04844864333333333	2.1342514675599995
1.0524335389525805	0.05754909666666667	2.188442710566666
1.0541788682045747	0.05463480999999999	2.191347460516667
1.0559241974565694	0.07061424333333333	2.1723538151899997
1.0576695267085636	0.06211651666666666	2.1427755449
1.059414855960558	0.035149763333333334	2.1367073971666666
1.0611601852125523	0.05993216333333333	2.1940527149966664
1.0629055144645467	0.09116279	2.219840595953333
1.064650843716541	0.07128587666666666	2.1641029212566663
1.0663961729685352	0.06711299666666666	2.147923400193333
1.0681415022205298	0.05278775	2.1567017718866666
1.069886831472524	0.04940156	2.1806469756499998
1.0716321607245185	0.08260980666666665	2.21404521819
1.0733774899765127	0.08015246666666666	2.1831255467133333
1.0751228192285072	0.05258031	2.1357048860733334
1.0768681484805014	0.07122686666666667	2.1679813731666666
1.0786134777324956	0.06404810333333333	2.18427584325
1.0803588069844898	0.04909671666666666	2.1742520557500002
1.082104136236484	0.05436329666666667	2.1559542207666667
1.0838494654884787	0.04536003333333333	2.1179363705366665
1.085594794740473	0.05039821	2.12707896462
1.0873401239924672	0.07616697333333333	2.1816922923833326
1.0890854532444616	0.04732884999999999	2.161021103543333
1.0908307824964558	0.02518148666666667	2.11329810831
1.0925761117484503	0.032886803333333325	2.08629260959
1.0943214410004445	0.03480613	2.0846722419266666
1.0960667702524387	0.04367757	2.1225338767833333
1.0978120995044334	0.05070801	2.13851338387
1.0995574287564276	0.021166943333333334	2.079782093553333
1.101302758008422	0.015112387666666666	2.0508698057099997
1.1030480872604165	0.022247129999999997	2.067609105563333
1.1047934165124107	0.01793521	2.088043262823333
1.106538745764405	0.018296066666666666	2.085887620633333
1.1082840750163991	0.021232615333333333	2.0489873193133334
1.1100294042683934	0.007971555333333333	2.017050549626666
1.111774733520388	0.00911605713333333	2.0522956110233332
1.1135200627723822	0.009562990666666667	2.0826390821166667
1.1152653920243765	0.008511406666666665	2.0630385043399997
1.117010721276371	0.009479709333333333	2.0197443303766662
1.1187560505283651	0.012551362	2.00633230045
1.1205013797803596	0.009281932066666667	2.0364432188099997
1.1222467090323538	0.012197404666666668	2.0705943818666666
1.123992038284348	0.015137093333333332	2.0509813519266666
1.1257373675363422	0.021702809999999996	2.0191473056866664
1.127482696788337	0.01776877	2.01224643741
1.1292280260403311	0.019317313333333332	2.035899956123333
1.1309733552923256	0.025024796666666668	2.0490519884866667
1.13271868454432	0.030805113333333335	2.031324339933333
1.1344640137963142	0.03708523333333333	2.0133395193866663
1.1362093430483085	0.04292293333333333	2.0289732367699997
1.1379546723003031	0.030494063333333335	2.03507548538
1.139700001552297	0.03509430333333333	2.02831159374
1.1414453308042918	0.04827247333333333	2.01106150716
1.143190660056286	0.050545690000000004	2.0000378980033333
1.14493598930828	0.049964549999999996	2.0149584085066667
1.1466813185602747	0.04965048	2.031404074286667
1.1484266478122689	0.03914441666666666	2.0072339790533333
1.150171977064263	0.04951864	1.9892362400899997
1.1519173063162573	0.05367591333333333	1.9837195470533333
1.1536626355682515	0.04169810333333333	1.9851576778499997
1.1554079648202462	0.040154819999999994	1.9992446086333335
1.1571532940722404	0.048513709999999995	2.0041568598999997
1.1588986233242349	0.045106270000000004	1.9829803117766664
1.160643952576229	0.04648588733333332	1.9780796283366666
1.1623892818282235	0.03489246733333333	1.9714716284333333
1.1641346110802178	0.025769459	1.9637190201466663
1.165879940332212	0.03659671566666667	1.9725007864766666
1.1676252695842066	0.04447040233333333	1.9806442868533332
1.1693705988362009	0.031275005999999994	1.9735762061
1.171115928088195	0.02730184733333333	1.976164476873333
1.1728612573401895	0.025103219333333333	1.9670306179133334
1.1746065865921838	0.027834520666666668	1.9631738562133334
1.1763519158441782	0.029416344333333334	1.97753756975
1.1780972450961724	0.020611709	1.9843402659566665
1.1798425743481666	0.013672094999999999	1.97306972978
1.1815879036001609	0.027144666666666668	1.965643709913333
1.183333232852155	0.027349982666666665	1.9516896925733331
1.18507856210415	0.018439474999999997	1.9581864924099996
1.186823891356144	0.011196343666666667	1.9746997600533334
1.1885692206081382	0.012908099333333332	1.969149713436667
1.1903145498601329	0.027041243333333333	1.9547252432966664
1.192059879112127	0.036430580000000004	1.9501863315566665
1.1938052083641213	0.017076839666666666	1.9357322946366664
1.1955505376161155	0.014476127666666666	1.9373031549166666
1.1972958668681097	0.027696909999999998	1.9355699843099998
1.1990411961201044	0.03421943	1.9173088668566667
1.2007865253720988	0.039439796666666666	1.9156582007766665
1.2025318546240933	0.03882897033333333	1.9212632096300002
1.2042771838760875	0.03110861	1.90156425775
1.2060225131280817	0.05185535	1.8954401268099998
1.207767842380076	0.056620826666666665	1.88612951477
1.2095131716320702	0.0376754	1.8735330387166664
1.2112585008840648	0.04598036733333333	1.8892619510533333
1.213003830136059	0.06792036	1.8964867506333332
1.2147491593880533	0.06784367333333333	1.86570278087
1.2164944886400477	0.06696356666666667	1.8540288706999999
1.218239817892042	0.048418926666666674	1.8531557032666666
1.2199851471440364	0.04131459666666666	1.86166532728
1.2217304763960306	0.07454281666666666	1.8840925872166665
1.2234758056480248	0.08921361666666666	1.8712266528633332
1.225221134900019	0.05710346333333333	1.827371469673333
1.2269664641520137	0.043450510666666664	1.8317133927666664
1.228711793404008	0.049273783333333335	1.8553710211666665
1.2304571226560024	0.06202562666666667	1.861220062473333
1.2322024519079966	0.07429825666666666	1.8539492617233333
1.233947781159991	0.05934680666666667	1.8314506813833333
1.2356931104119853	0.032668112666666665	1.8204671059733333
1.23743843966398	0.04843786333333333	1.8559198907333334
1.2391837689159741	0.06264916999999999	1.8639073441933331
1.240929098167968	0.04865438666666666	1.8272756863700002
1.2426744274199628	0.042690446666666666	1.80943676167
1.244419756671957	0.048253019999999994	1.8203190619199998
1.2461650859239515	0.04981391333333333	1.83676213795
1.2479104151759457	0.06048706333333334	1.8561852282299998
1.24965574442794	0.04404319666666666	1.8321348129
1.2514010736799341	0.021333966666666666	1.7979134913033334
1.2531464029319284	0.04288285666666667	1.8137035385966667
1.254891732183923	0.06759623	1.83922561868
1.2566370614359172	0.05254452333333333	1.83130328255
1.2583823906879115	0.03597093	1.81729971029
1.260127719939906	0.019785526666666664	1.79259998444
1.2618730491919004	0.023070559999999997	1.7896507011766665
1.2636183784438946	0.05263025666666667	1.8234382435133334
1.2653637076958888	0.05522807	1.8378669162999997
1.267109036947883	0.022560203333333334	1.8148165547900001
1.2688543661998777	0.012823911666666667	1.79911361436
1.270599695451872	0.019853616666666664	1.79072398636
1.2723450247038663	0.02986195466666667	1.7979678454233332
1.2740903539558606	0.03636777333333333	1.8151055460133332
1.2758356832078548	0.02713017	1.8182200157933333
1.2775810124598492	0.0084301308	1.8080544084799999
1.2793263417118435	0.010833682999999998	1.8103911150566665
1.2810716709638381	0.02248868933333333	1.81833529387
1.282817000215832	0.025070844	1.82374544423
1.2845623294678261	0.019206786666666663	1.8169196827733334
1.286307658719821	0.017841658666666666	1.8055125219433332
1.288052987971815	0.011608466999999999	1.7948270235266666
1.2897983172238097	0.013344365	1.8032358180966663
1.2915436464758039	0.028647624	1.83264647703
1.293288975727798	0.033715477333333334	1.85028121747
1.2950343049797923	0.020116543333333334	1.8243725273266664
1.296779634231787	0.018959372123333332	1.7883283029933335
1.2985249634837812	0.02290707	1.7693667343933335
1.3002702927357757	0.029286319999999998	1.7811850269766665
1.3020156219877699	0.04264981333333333	1.8148453281266665
1.3037609512397643	0.04275158333333333	1.8244784782999999
1.3055062804917585	0.024468354666666664	1.7866093722666667
1.3072516097437528	0.028312058666666667	1.7612028487066667
1.308996938995747	0.041274436666666664	1.7668879153
1.3107422682477412	0.039712906666666666	1.7770674350633335
1.3124875974997359	0.03747567266666666	1.7779408180899998
1.31423292675173	0.038534708333333334	1.7580153593466665
1.3159782560037245	0.030621236666666662	1.7231022839366665
1.3177235852557188	0.036261824666666664	1.7314629045666665
1.319468914507713	0.040078363	1.7652935369333331
1.3212142437597074	0.028175186666666664	1.7666249861533334
1.3229595730117016	0.029034711666666664	1.73768905195
1.3247049022636959	0.040528567999999994	1.7034828036833334
1.3264502315156905	0.031844028999999996	1.6865499382566667
1.3281955607676847	0.025978383999999997	1.7225597878999999
1.3299408900196792	0.023789802666666665	1.7539780576733333
1.3316862192716734	0.020952928	1.7252250879066668
1.3334315485236676	0.03151203163333333	1.6801693627066667
1.3351768777756619	0.03651189633333333	1.6677131903633333
1.336922207027656	0.019357896666666666	1.6913965739899999
1.338667536279651	0.01560208633333333	1.7339214932499998
1.3404128655316452	0.019872606	1.7224865194366665
1.3421581947836396	0.021850789	1.662135861713333
1.3439035240356338	0.026674445666666664	1.6422387336299997
1.345648853287628	0.022480823333333334	1.6806226729666665
1.3473941825396225	0.013568652666666667	1.7211508183433333
1.3491395117916167	0.022136223333333333	1.7219554479399997
1.350884841043611	0.022520452333333333	1.6637053991866666
1.3526301702956052	0.015487259333333331	1.6240707040566664
1.3543754995475994	0.01955773	1.67138925037
1.356120828799594	0.023750416666666666	1.7355946148766663
1.3578661580515883	0.02482752333333333	1.7293137828866665
1.3596114873035827	0.030367776666666665	1.6711412296700001
1.361356816555577	0.01955373	1.6210183508533333
1.3631021458075712	0.014555276666666667	1.65230029316
1.3648474750595656	0.03222518666666666	1.7386956433933332
1.3665928043115598	0.039731796666666666	1.7535081275833335
1.3683381335635545	0.033031873333333336	1.6785879424333334
1.3700834628155487	0.035696559999999995	1.6272289806866667
1.371828792067543	0.03131883	1.6470389427666667
1.3735741213195374	0.03493186666666666	1.7160127646066665
1.3753194505715316	0.05201391666666667	1.7556060812166667
1.377064779823526	0.04823857333333334	1.6977838910766665
1.3788101090755203	0.03997206333333333	1.6207550213033333
1.3805554383275145	0.055786593333333336	1.6357852356166664
1.3823007675795091	0.05654078333333332	1.6964564563700002
1.384046096831503	0.049284350000000005	1.7312676105933333
1.3857914260834978	0.05565027333333333	1.71263349613
1.387536755335492	0.054667759999999996	1.6471027195999999
1.3892820845874863	0.05728653	1.61848134002
1.3910274138394805	0.07368539999999998	1.67181412142
1.3927727430914747	0.06200628666666667	1.7120808923666666
1.3945180723434691	0.04611385	1.6937122898533332
1.3962634015954638	0.059668806666666664	1.6547068641766665
1.398008730847458	0.07037207333333331	1.6284623292666667
1.3997540600994525	0.06704053666666665	1.6516291345699998
1.4014993893514467	0.06587524333333332	1.7084628774566666
1.4032447186034411	0.05156749	1.7032288209033333
1.4049900478554354	0.04825558666666666	1.6439885402766667
1.4067353771074296	0.07187482333333334	1.6210193623266664
1.4084807063594238	0.07685399666666666	1.6506136925
1.410226035611418	0.05477241333333333	1.6942812164899999
1.4119713648634127	0.04858616333333333	1.71061647375
1.413716694115407	0.051471159999999995	1.66164512819
1.4154620233674011	0.05784517	1.6121999202699997
1.4172073526193956	0.07037468999999999	1.6412506168466667
1.4189526818713898	0.06021712333333333	1.69784219811
1.420698011123384	0.035249053333333336	1.70627563653
1.4224433403753782	0.04053487333333333	1.6755509934666666
1.4241886696273727	0.05319889333333334	1.6342232581866667
1.4259339988793673	0.05082856333333333	1.6329573389666667
1.4276793281313616	0.047646549999999996	1.6837175865466665
1.429424657383356	0.03812906666666666	1.7100219757966668
1.4311699866353502	0.026071769999999998	1.67745973145
1.4329153158873444	0.03448869	1.64463889644
1.4346606451393389	0.03894995333333333	1.6383702668633333
1.436405974391333	0.02831771333333333	1.6584758332366667
1.4381513036433278	0.02433388666666667	1.690184494293333
1.439896632895322	0.024972670000000002	1.690775647713333
1.4416419621473162	0.020575487666666666	1.657903591423333
1.4433872913993107	0.022233283	1.6412494717400001
1.4451326206513049	0.020865066666666668	1.64752404687
1.446877949903299	0.013557483999999998	1.6623450226066665
1.4486232791552933	0.014195414666666665	1.6762989761766667
1.4503686084072875	0.01840662333333333	1.66616679626
1.452113937659282	0.012698237333333334	1.6325102417966666
1.4538592669112762	0.009960027333333333	1.62210358564
1.4556045961632709	0.011562754333333331	1.6440674760133334
1.457349925415265	0.009683030999999998	1.66813639182
1.4590952546672595	0.010417502666666665	1.6706586808566666
1.460840583919254	0.013199003333333334	1.6423233953366663
1.4625859131712482	0.006728354	1.6037292219666668
1.4643312424232424	0.0037005429999999997	1.604472052163333
1.4660765716752366	0.007389112999999999	1.6389403979933332
1.4678219009272309	0.007757665666666667	1.6587056343633333
1.4695672301792255	0.007970218333333333	1.6456490927499998
1.4713125594312197	0.010760843999999999	1.6168691253566667
1.4730578886832142	0.007716024333333333	1.598596741293333
1.4748032179352084	0.005822533999999999	1.6126580910166668
1.4765485471872026	0.008537930333333332	1.6365826780366666
1.478293876439197	0.011048860666666667	1.6345923840066665
1.480039205691191	0.011501628666666666	1.6071927145266667
1.481784534943186	0.011912029333333332	1.5849298497366666
1.4835298641951802	0.011333013333333333	1.591042625363333
1.4852751934471744	0.012745095333333333	1.6220615843733333
1.4870205226991688	0.016358753333333333	1.64165667993
1.488765851951163	0.01974903733333333	1.622436808
1.4905111812031575	0.01759608	1.57732200281
1.4922565104551517	0.014498076666666667	1.5526578340966666
1.494001839707146	0.016952486	1.5765729812366667
1.4957471689591406	0.021758084666666667	1.6218356332266666
1.4974924982111348	0.02257108	1.6342082992766667
1.4992378274631293	0.02302041666666666	1.60222915391
1.5009831567151235	0.022662919999999996	1.5608033285233334
1.5027284859671177	0.02246596666666667	1.5528097983599998
1.504473815219112	0.026776519999999998	1.5828939416133334
1.5062191444711062	0.03058406033333333	1.6055262186533332
1.5079644737231006	0.025907136666666667	1.5841982132433332
1.5097098029750948	0.023613536666666664	1.5531717914633334
1.511455132227089	0.02777416333333333	1.5559520872066666
1.5132004614790837	0.02998184	1.5835597931466667
1.514945790731078	0.03176521833333333	1.5999619801033333
1.5166911199830724	0.03381151566666667	1.5788403725999998
1.5184364492350666	0.02849974	1.5317797541933333
1.520181778487061	0.02692641	1.516524382573333
1.5219271077390553	0.032533569	1.5488401004933332
1.5236724369910495	0.03162340733333333	1.5770345117433333
1.5254177662430441	0.028708316	1.5713161781766662
1.5271630954950384	0.030641356666666664	1.5445488064833333
1.5289084247470326	0.027150117333333335	1.5160590366333333
1.530653753999027	0.026254992666666664	1.5166454068033333
1.5323990832510213	0.032348273999999996	1.54257159871
1.5341444125030157	0.029386950666666665	1.5468666415233332
1.53588974175501	0.022864842333333333	1.5218953939233333
1.537635071007004	0.024807114999999998	1.4979431640633334
1.5393804002589988	0.021975413333333332	1.4871523891533331
1.541125729510993	0.018403338999999998	1.5030012180966665
1.5428710587629875	0.024327345666666667	1.5350182960833332
1.5446163880149817	0.023608202666666665	1.5324636081766665
1.546361717266976	0.01603689033333333	1.491879947523333
1.5481070465189704	0.016256033666666666	1.4612311007433334
1.5498523757709646	0.013569217633333333	1.4573975021566667
1.5515977050229588	0.009974496666666666	1.4775425005733331
1.553343034274953	0.01704021533333333	1.50263553464
1.5550883635269477	0.018081753333333332	1.4929346366199998
1.556833692778942	0.010674822333333334	1.4608754427966666
1.5585790220309363	0.010806256666666667	1.4505071340966667
1.5603243512829306	0.009809157999999998	1.4523985301433335
1.5620696805349248	0.009218605666666666	1.4507908273833332
1.563815009786919	0.018440646666666664	1.4494561185933332
1.5655603390389135	0.018950210999999998	1.4359678598066665
1.5673056682909077	0.011272461666666667	1.4228101723299997
1.5690509975429023	0.015037831000000002	1.4339939454900001
1.5707963267948966	0.018121043333333333	1.44377179494
1.5725416560468908	0.016560219999999997	1.4377822256899997
1.5742869852988854	0.023302486666666667	1.4323001902933332
1.5760323145508797	0.023274791999999996	1.4142131409166665
1.5777776438028739	0.015451095666666666	1.3900577030299996
1.579522973054868	0.022470109999999995	1.3983347250933333
1.5812683023068623	0.02986986333333333	1.42332458926
1.583013631558857	0.024845283333333332	1.4333944028599999
1.5847589608108512	0.02774119	1.4333462499533332
1.5865042900628454	0.029883153333333332	1.4130108734599998
1.5882496193148399	0.020783153333333332	1.38385315855
1.589994948566834	0.02431298333333333	1.39420342932
1.5917402778188283	0.032552153333333333	1.42217863293
1.5934856070708228	0.02711289	1.41714064365
1.5952309363228174	0.02983071	1.40043407553
1.5969762655748112	0.03505750333333333	1.3911204393033332
1.5987215948268054	0.023845443333333334	1.3875733823333332
1.6004669240788003	0.021933156666666665	1.4086086864366667
1.6022122533307945	0.03209621666666666	1.4258477232633333
1.603957582582789	0.030280259999999993	1.3987973333600001
1.6057029118347832	0.03122477	1.37131078653
1.6074482410867772	0.035045969999999996	1.3748966479433333
1.6091935703387716	0.023134006666666665	1.3833156432666667
1.6109388995907659	0.019852406666666666	1.39568681793
1.6126842288427607	0.03493839	1.4037612233966668
1.614429558094755	0.03719144333333333	1.3791856371233333
1.6161748873467492	0.0322434	1.35755798246
1.6179202165987434	0.03333358	1.37136072797
1.6196655458507376	0.02629306333333333	1.3853152661500001
1.621410875102732	0.02482085666666667	1.38441271121
1.6231562043547263	0.041281149999999996	1.3773068842100002
1.624901533606721	0.04324139666666667	1.35215787683
1.6266468628587152	0.03169632333333333	1.3402660995966666
1.6283921921107094	0.03351800666666667	1.3711860609933333
1.630137521362704	0.03615174333333333	1.3933125278933334
1.6318828506146983	0.03567410333333333	1.373986858573333
1.6336281798666925	0.04670492333333333	1.34847974532
1.6353735091186867	0.04651812333333333	1.3328873688266667
1.637118838370681	0.03302928	1.3378613271666666
1.6388641676226756	0.03694491	1.368199412093333
1.6406094968746698	0.04744379	1.3758222782833336
1.642354826126664	0.04618577333333333	1.3425710443233332
1.6441001553786583	0.049690330000000005	1.3238829013266664
1.6458454846306525	0.05006324666666666	1.33367124624
1.647590813882647	0.03905939666666666	1.344245961073333
1.6493361431346412	0.04126254	1.3501655419266667
1.6510814723866354	0.05346075	1.3408290434066665
1.6528268016386303	0.051412886666666664	1.31508779389
1.654572130890624	0.04940485333333333	1.3141798536133333
1.6563174601426187	0.052296199999999994	1.33730792243
1.6580627893946132	0.045574173333333336	1.3418650404533334
1.6598081186466074	0.04242419	1.32859676759
1.6615534478986018	0.05062579666666667	1.3179882453866665
1.663298777150596	0.04886507666666666	1.3098747738833332
1.6650441064025903	0.04336864	1.3182196040623333
1.6667894356545845	0.04572912666666666	1.33611767366
1.6685347649065787	0.04322779	1.3288642867056666
1.6702800941585736	0.037671486666666656	1.3044699028966669
1.6720254234105678	0.04183660333333333	1.30008797269
1.673770752662562	0.04221149333333333	1.3134872700033333
1.6755160819145563	0.035594209999999994	1.3296185974123333
1.6772614111665505	0.03393477666666666	1.3343475968613332
1.679006740418545	0.03421625	1.3121255199543334
1.6807520696705391	0.03151416666666666	1.28164586555
1.6824973989225334	0.034969396666666666	1.2842007549636665
1.684242728174528	0.03730358	1.3101892886816666
1.6859880574265222	0.030630886333333333	1.3227092544289998
1.6877333866785167	0.025518686999999998	1.310726531891
1.6894787159305111	0.02803763	1.2865604371803334
1.6912240451825054	0.02936307333333333	1.272533771762
1.6929693744344996	0.031210119999999997	1.2905218927003332
1.6947147036864938	0.03163289766666666	1.317362266832
1.6964600329384885	0.025683429	1.3151223124073335
1.6982053621904827	0.020106828666666667	1.2880684365643331
1.6999506914424771	0.023194333333333334	1.2685391430126667
1.7016960206944713	0.026409106666666668	1.2720357102656665
1.7034413499464653	0.02542837566666667	1.2961840731666665
1.7051866791984598	0.022328766666666666	1.3150336292473335
1.706932008450454	0.019673539999999996	1.3068676553723333
1.708677337702449	0.01670547633333333	1.2844973891946667
1.7104226669544431	0.017498207666666665	1.2784596393046668
1.7121679962064373	0.020633515999999998	1.2912095753
1.7139133254584316	0.020549370509999998	1.3049998946119998
1.7156586547104258	0.015694924133333333	1.302547556834
1.7174039839624204	0.014062447666666667	1.2855343842613332
1.7191493132144147	0.0153847994	1.2712402398573333
1.7208946424664089	0.017777445333333333	1.277320335493
1.722639971718403	0.019374642666666667	1.294030076189
1.7243853009703973	0.019003114	1.302442516713
1.726130630222392	0.01476167	1.294259419459
1.7278759594743864	0.013072338	1.2768055202639998
1.7296212887263807	0.017470495333333336	1.2636927349236666
1.7313666179783749	0.024056505666666665	1.2684726664953332
1.733111947230369	0.02304272566666667	1.2823022907346666
1.7348572764823635	0.018596267333333333	1.290929653453
1.7366026057343578	0.016680303333333334	1.2876033147683332
1.738347934986352	0.018581421999999997	1.2767961521126665
1.7400932642383462	0.023763457	1.2684990347256666
1.7418385934903404	0.030426623333333333	1.2722849440786665
1.7435839227423353	0.027697312	1.2781410285803334
1.7453292519943295	0.020475796666666664	1.278485741908
1.7470745812463238	0.020159569999999998	1.2760339747183331
1.7488199104983182	0.027259160333333338	1.2761405206803333
1.7505652397503124	0.032575267	1.2760319788936665
1.7523105690023066	0.034747096666666664	1.2761885115259999
1.7540558982543013	0.03078761	1.2749042834396667
1.7558012275062955	0.024583876666666664	1.2746947391966665
1.75754655675829	0.024945830000000002	1.2752935984966665
1.7592918860102842	0.033741519	1.2732917446033332
1.7610372152622784	0.037227455	1.2650684633406666
1.7627825445142726	0.03444112666666667	1.2631894535356665
1.7645278737662669	0.030760056666666664	1.2716722054213332
1.7662732030182617	0.02893426666666667	1.2794101476809998
1.768018532270256	0.029879840000000005	1.2743148260793333
1.7697638615222502	0.034931409999999996	1.2608225570126665
1.7715091907742444	0.035068489999999994	1.250787125092
1.7732545200262386	0.03190967	1.259420924544
1.7749998492782333	0.029894496666666666	1.2760962589146665
1.7767451785302275	0.031238199999999997	1.2805795068366668
1.7784905077822217	0.03416474	1.2706852318183333
1.780235837034216	0.03630372333333333	1.2602499964449998
1.7819811662862102	0.03237789	1.2557122676443333
1.7837264955382048	0.02931739333333333	1.2648462857019998
1.785471824790199	0.028446843333333333	1.277094279739
1.7872171540421935	0.02900961333333333	1.2757881513976665
1.7889624832941877	0.03211546	1.2629790696933334
1.790707812546182	0.03600326333333333	1.2553443812003333
1.7924531417981764	0.03103369666666667	1.2554768827086664
1.7941984710501706	0.025991873333333335	1.2686527834083332
1.7959438003021653	0.02733946333333333	1.285538446206
1.7976891295541597	0.02885887	1.2820493003103333
1.7994344588061533	0.028220193333333338	1.2583090961866668
1.8011797880581482	0.03215347666666667	1.2482769302093333
1.8029251173101424	0.029817036666666664	1.257145945794
1.8046704465621368	0.023799736666666668	1.2713757919166666
1.806415775814131	0.026796373333333335	1.2795571767543332
1.8081611050661253	0.03216211	1.270660185204
1.8099064343181195	0.02806148333333333	1.2490582446283334
1.8116517635701137	0.028069356666666663	1.2491944517956666
1.8133970928221086	0.029708443333333334	1.2685810357126666
1.8151424220741028	0.026155340000000003	1.2772676505823333
1.816887751326097	0.027162559999999995	1.2704921797576665
1.8186330805780913	0.03411558333333334	1.2603515227863333
1.8203784098300855	0.029785	1.246358466511
1.82212373908208	0.025473766666666665	1.248035995013
1.8238690683340746	0.030453719999999997	1.2689013188209999
1.8256143975860688	0.03237699666666667	1.278420938924333
1.827359726838063	0.02970553666666667	1.2649718634626665
1.8291050560900572	0.03488027999999999	1.2541570400513333
1.830850385342052	0.033015539999999996	1.2483416502646665
1.8325957145940461	0.025476864333333328	1.2502420603233333
1.8343410438460404	0.030409636666666663	1.2656071775696667
1.8360863730980346	0.03858562333333333	1.2723790088393332
1.8378317023500288	0.0334169	1.2547140895976665
1.8395770316020235	0.03322659333333333	1.2484091630633334
1.8413223608540177	0.03574606333333333	1.2621380428466669
1.843067690106012	0.03037335333333334	1.2730208101533331
1.8448130193580063	0.03158234333333333	1.27663802245
1.8465583486100006	0.042157599999999996	1.27284304479
1.8483036778619948	0.03666808333333333	1.2493094719533333
1.850049007113989	0.02840304333333333	1.23735076219
1.8517943363659835	0.033555829999999995	1.2587835928133333
1.8535396656179781	0.036186579999999996	1.2826714317166665
1.8552849948699723	0.03229336	1.2845854223466664
1.8570303241219668	0.038530503333333334	1.2780212915866667
1.858775653373961	0.036767563333333336	1.2604692510933333
1.8605209826259552	0.02578560333333333	1.2482119804666667
1.8622663118779497	0.029634016666666665	1.2645511901733333
1.8640116411299439	0.039153313333333335	1.2823814455566667
1.865756970381938	0.03152202999999999	1.2676098982633333
1.8675022996339323	0.028055781666666668	1.2526247062
1.8692476288859265	0.031216446666666665	1.2564455874666667
1.8709929581379214	0.027259723333333333	1.2667694784433332
1.8727382873899157	0.02734329333333333	1.28103311995
1.8744836166419099	0.036261625666666665	1.290107582263333
1.876228945893904	0.029313012666666666	1.2692674636766665
1.8779742751458983	0.018854928	1.2457132034699998
1.8797196043978928	0.023171216	1.24831734136
1.881464933649887	0.028493348333333335	1.2611425560233331
1.8832102629018816	0.025653575666666668	1.2693555211499998
1.8849555921538759	0.029502114666666666	1.28086822711
1.88670092140587	0.028153854666666665	1.2760774400333332
1.8884462506578648	0.018997353666666668	1.2577105252766665
1.890191579909859	0.020057260666666663	1.2562836792333334
1.8919369091618532	0.02818294466666666	1.2688764296866666
1.8936822384138474	0.023590212	1.26746943664
1.8954275676658416	0.02130546	1.2650149610133332
1.8971728969178363	0.025181126666666664	1.2675405698833333
1.8989182261698305	0.023925776666666666	1.2687472471333332
1.900663555421825	0.022288873333333334	1.2759735081633334
1.9024088846738192	0.028147950000000005	1.28786057681
1.9041542139258134	0.02466626	1.2794577436066668
1.9058995431778076	0.018469113333333332	1.26918250474
1.9076448724298019	0.022143133333333332	1.2796304647066665
1.9093902016817967	0.02688154	1.2909529017533332
1.911135530933791	0.022852443333333333	1.2824333141933333
1.9128808601857852	0.023506883333333332	1.27349152144
1.9146261894377794	0.02382657333333333	1.2707434733566667
1.9163715186897738	0.0200368	1.2793244815966665
1.9181168479417683	0.020805113333333333	1.3019070379066666
1.9198621771937625	0.025972226666666667	1.3146006957299998
1.9216075064457567	0.02134518	1.2919442744533334
1.923352835697751	0.018214510999999996	1.2660026403466667
1.9250981649497452	0.020188831666666664	1.26278933523
1.92684349420174	0.01994430333333333	1.27598666891
1.9285888234537343	0.018519961666666664	1.2953036727966665
1.9303341527057285	0.022531378999999997	1.3107985180933333
1.9320794819577227	0.020650741	1.29812689923
1.933824811209717	0.017711053666666664	1.2751600759166666
1.9355701404617114	0.019345718699999997	1.2742502875000001
1.9373154697137056	0.020432793666666664	1.2931684322399999
1.9390607989656998	0.01687731233333333	1.3058431520133333
1.9408061282176947	0.019097270666666666	1.3045624167866665
1.9425514574696887	0.019757746333333333	1.2814725659833333
1.9442967867216832	0.017414575666666668	1.2567553047766666
1.9460421159736774	0.01916824166666667	1.26422486397
1.9477874452256718	0.02390701333333333	1.2975744475566666
1.949532774477666	0.01977603533333333	1.3087788624299999
1.9512781037296603	0.018194678333333332	1.29177879076
1.953023432981655	0.021528012666666665	1.2681188557433332
1.9547687622336491	0.02302207	1.2578526630099998
1.9565140914856434	0.023169804999999995	1.2700290777633332
1.9582594207376378	0.02783789333333333	1.2963244626566666
1.960004749989632	0.02465647	1.2980309185233332
1.9617500792416263	0.0196497	1.273534223063333
1.9634954084936205	0.023373684	1.25642722214
1.9652407377456147	0.030420756666666667	1.2662275409700001
1.9669860669976096	0.02839212333333333	1.288615237123333
1.9687313962496038	0.027712854666666665	1.3108081083733332
1.970476725501598	0.027846001000000002	1.3081050895
1.9722220547535922	0.025302499666666665	1.2759306520966667
1.9739673840055865	0.023828620666666665	1.2465994280533332
1.9757127132575811	0.027836593333333333	1.2540866948733331
1.9774580425095754	0.024838984666666664	1.2821102764166667
1.9792033717615696	0.021313826666666664	1.30697233493
1.9809487010135638	0.024374828	1.3090437506566666
1.982694030265558	0.028315966666666664	1.2813639119766664
1.9844393595175527	0.024855718000000002	1.2426625697933331
1.9861846887695471	0.024086193333333332	1.2360681818433332
1.9879300180215413	0.023042249	1.2613116568533334
1.9896753472735356	0.0211130551	1.2880619895766665
1.9914206765255298	0.022315706666666664	1.2921456940266665
1.9931660057775242	0.027076522	1.27461465286
1.9949113350295185	0.02371662333333333	1.24802828907
1.9966566642815133	0.020753532666666664	1.2435214523933331
1.9984019935335076	0.022584801333333335	1.2608079365133333
2.0001473227855016	0.024638741666666665	1.27090060683
2.0018926520374962	0.022345196666666664	1.25804917391
2.0036379812894904	0.022867172666666664	1.2429557369266666
2.0053833105414847	0.020499451666666665	1.2343350869233332
2.0071286397934793	0.0184824191	1.2367269215599999
2.0088739690454736	0.021335927333333327	1.24810823569
2.0106192982974678	0.026667047	1.2575311504366666
2.012364627549462	0.022979278666666665	1.2470163109066665
2.014109956801456	0.018664608333333332	1.2294513895199999
2.0158552860534504	0.017790942999999997	1.2208916572366666
2.0176006153054447	0.019435024766666663	1.2275944290533332
2.019345944557439	0.020823680266666665	1.2404127019066666
2.021091273809433	0.025469760666666664	1.24744483469
2.022836603061428	0.023420551333333334	1.2302751885033332
2.0245819323134224	0.018436570666666666	1.2066729791433333
2.0263272615654166	0.018083325999999997	1.2062572989233333
2.028072590817411	0.022000538	1.2289466267866667
2.029817920069405	0.020064625333333332	1.2413975916766664
2.0315632493213998	0.019222298999999998	1.2355923517999998
2.033308578573394	0.018599103666666665	1.218329949633333
2.035053907825388	0.0176469496	1.20424919075
2.036799237077383	0.01752252	1.2003363554293331
2.0385445663293766	0.021871190999999998	1.2071132867276666
2.0402898955813713	0.020403152333333334	1.2090632214566666
2.0420352248333655	0.01702801433333333	1.2087081787033334
2.0437805540853597	0.016932144333333333	1.2091283257533332
2.045525883337354	0.019768181333333332	1.2049546275099998
2.047271212589348	0.01784937233333333	1.1894916717763333
2.0490165418413424	0.01871011	1.182966388253
2.0507618710933366	0.02016986033333333	1.191397085629
2.052507200345331	0.020340353999999998	1.2047147989533333
2.054252529597326	0.01932593733333333	1.2090806916696666
2.05599785884932	0.021633125333333336	1.2059651092536665
2.0577431881013144	0.019564261333333333	1.193093683502
2.0594885173533086	0.01755461	1.1797320418586665
2.0612338466053033	0.018371677666666662	1.170267269162
2.0629791758572975	0.021501181999999997	1.1685485302403333
2.0647245051092917	0.019122352666666665	1.173115136131
2.0664698343612864	0.018000665	1.1881615423423333
2.0682151636132806	0.019192037333333332	1.1971511442893332
2.069960492865275	0.02140029066666667	1.18660193661
2.071705822117269	0.019587628666666666	1.1633602091433333
2.0734511513692633	0.01941307133333333	1.1557587838453331
2.0751964806212575	0.017193559666666663	1.1646855837469998
2.0769418098732517	0.015357216	1.176631513426
2.078687139125246	0.015416246333333331	1.1774555453213333
2.080432468377241	0.019108465666666664	1.1717187161846665
2.0821777976292353	0.017664969666666665	1.164749566701
2.08392312688123	0.01599080533333333	1.1672660410133333
2.0856684561332237	0.016643556	1.1743791052776666
2.087413785385218	0.019268674	1.181258453156333
2.0891591146372126	0.01606985033333333	1.1811856044623332
2.090904443889207	0.013867431666666668	1.1775551210166666
2.0926497731412015	0.013800384999999998	1.168516732223
2.0943951023931957	0.015539051333333333	1.1640591571273333
2.0961404316451895	0.014650133333333332	1.1696875027583333
2.097885760897184	0.016215022333333332	1.1829664814863332
2.0996310901491784	0.015101507	1.1822292916576667
2.1013764194011726	0.012924023333333335	1.1658836865463331
2.103121748653167	0.012280192666666665	1.152031256173
2.104867077905161	0.01587696	1.163022570471
2.1066124071571553	0.012811367333333332	1.1864196246856666
2.1083577364091495	0.009247561999999999	1.2032424070246668
2.1101030656611446	0.011184005999999998	1.2001991729909998
2.111848394913139	0.015326481666666664	1.1843307054546666
2.113593724165133	0.011220711666666668	1.1673982272486665
2.1153390534171272	0.009210241666666664	1.1693060240289999
2.1170843826691215	0.009464049666666665	1.1852615239886668
2.118829711921116	0.009528571666666666	1.2025055755366665
2.1205750411731104	0.009345521333333332	1.2094825547746666
2.1223203704251046	0.013530165666666667	1.20816007041
2.124065699677099	0.010400824999999999	1.1966240855266668
2.1258110289290935	0.005650340333333333	1.1920029330466666
2.1275563581810877	0.008083651666666667	1.2045562521766666
2.129301687433082	0.01410387	1.2244594658233332
2.131047016685076	0.009345153666666665	1.22657862919
2.1327923459370703	0.005745543	1.2161938780266666
2.1345376751890646	0.007408279666666667	1.2055872332066666
2.1362830044410597	0.009737708333333333	1.2075646960666666
2.138028333693054	0.009673427	1.2226031644199997
2.139773662945048	0.013943739333333333	1.2431881256866666
2.141518992197043	0.011962568666666666	1.244542946763333
2.143264321449037	0.007190309666666666	1.2324713536733332
2.1450096507010312	0.008470770333333332	1.2294999655133332
2.1467549799530254	0.015094945333333333	1.24311203769
2.1485003092050197	0.012018166	1.2502587702699999
2.1502456384570143	0.009420277233333333	1.24864946527
2.1519909677090086	0.012244220333333333	1.2424527050966667
2.1537362969610028	0.014148427	1.2364634935799999
2.155481626212997	0.010615745	1.2334422921733332
2.157226955464991	0.013247522333333333	1.2438569932433332
2.1589722847169854	0.013525031333333333	1.2555626015799999
2.1607176139689797	0.011936108	1.26537594483
2.162462943220974	0.015087877666666666	1.2721612630966668
2.164208272472968	0.020313181333333333	1.268114341133333
2.1659536017249623	0.013371277333333334	1.2462724469366666
2.1676989309769574	0.008721232446666666	1.2379700099333333
2.1694442602289516	0.012825957666666667	1.2551760131366665
2.171189589480946	0.018539348	1.2765282097966666
2.17293491873294	0.018380294	1.2788456988666665
2.1746802479849343	0.02034296433333333	1.2743023770466666
2.176425577236929	0.016826795	1.2695553353666666
2.178170906488923	0.011756772	1.2716597350933332
2.179916235740918	0.014058893333333333	1.2797338634933333
2.1816615649929116	0.021937501999999998	1.2863564827733334
2.183406894244906	0.017958991666666667	1.27832458008
2.1851522234969005	0.013395496166666666	1.2747623621666666
2.1868975527488947	0.015584257333333332	1.2848065382633331
2.188642882000889	0.01895547033333333	1.29772452783
2.190388211252883	0.016880301666666667	1.3025699157266666
2.1921335405048774	0.01933928733333333	1.3115992642933334
2.1938788697568716	0.018695938333333332	1.3159789033233331
2.1956241990088667	0.014890213	1.3097184416866665
2.197369528260861	0.015288934666666665	1.30082516368
2.199114857512855	0.021858971999999997	1.3005495339866666
2.20086018676485	0.017630626333333333	1.2960554739766668
2.202605516016844	0.013058897666666666	1.2936252210966663
2.2043508452688383	0.017976510666666667	1.2987269180433332
2.206096174520833	0.023174396666666666	1.3051459597366666
2.207841503772827	0.016553287333333333	1.3057198463433333
2.2095868330248214	0.014545427666666666	1.3147977753699998
2.2113321622768156	0.01608354733333333	1.3198947720266667
2.21307749152881	0.016867956666666663	1.3103696065366663
2.214822820780804	0.018791953666666666	1.2981998378733333
2.2165681500327983	0.02421691333333333	1.3023150987666665
2.2183134792847925	0.018323393333333333	1.3089554445133333
2.2200588085367867	0.011474126666666667	1.3153643277533331
2.221804137788781	0.014603920000000001	1.3226570842333332
2.223549467040776	0.021685266666666664	1.3271157298366667
2.2252947962927703	0.017354266666666666	1.3191156482833333
2.2270401255447645	0.014625576666666668	1.31435263001
2.2287854547967587	0.01681144	1.3168310048666667
2.230530784048753	0.018247600000000003	1.3244786968866666
2.2322761133007476	0.014826236666666668	1.333028135433333
2.234021442552742	0.015809110333333334	1.3408129735333332
2.235766771804736	0.013260226666666666	1.3289269472566667
2.2375121010567303	0.010170471333333334	1.3103181634899999
2.239257430308725	0.012680854333333333	1.3110328823800002
2.241002759560719	0.01899050533333333	1.32985986555
2.2427480888127134	0.013866896333333332	1.3323913957400002
2.2444934180647076	0.009195385333333334	1.3215512513766665
2.246238747316702	0.011077210666666665	1.31367521489
2.247984076568696	0.013699855666666667	1.3155385819833332
2.2497294058206903	0.010461340999999999	1.3197169810733334
2.2514747350726845	0.011775344	1.3267240486133332
2.2532200643246787	0.01094698233333333	1.3226599099366667
2.254965393576674	0.008966497333333334	1.3119622469633332
2.256710722828668	0.009860347333333332	1.3055546724499998
2.2584560520806622	0.014179278999999998	1.3064997091033332
2.260201381332657	0.009869422666666666	1.3042784133266667
2.261946710584651	0.006731923000000001	1.3144409517666666
2.2636920398366454	0.008588759666666666	1.33525752849
2.26543736908864	0.011430486333333332	1.3409919813133335
2.2671826983406342	0.008038100333333333	1.31419520395
2.2689280275926285	0.008251072566666667	1.2862791529666666
2.2706733568446227	0.008418138499999998	1.2797165261599999
2.272418686096617	0.008292745666666667	1.2966983649299997
2.274164015348611	0.007807983666666667	1.3197900496266666
2.2759093446006062	0.010310915733333332	1.33261942492
2.2776546738525996	0.0068608669	1.3167509607033332
2.279400003104594	0.0047958513333333334	1.2910347384866665
2.281145332356588	0.008081655533333332	1.2790978258833334
2.2828906616085836	0.013614243633333332	1.2839064383466667
2.284635990860578	0.009354320476666666	1.28663746464
2.286381320112572	0.006101085333333333	1.2926708865133332
2.288126649364566	0.006496496642333333	1.29718147794
2.28987197861656	0.007900687133333332	1.2891434517933331
2.291617307868555	0.007318255466666666	1.26995474497
2.2933626371205493	0.011459567666666665	1.2638876507866665
2.2951079663725436	0.009765156733333332	1.2675877025699998
2.2968532956245378	0.006883702197666666	1.27504491342
2.2985986248765315	0.009085309	1.2786576525466666
2.300343954128526	0.014429476666666666	1.2727143260066667
2.3020892833805204	0.010307353333333333	1.25232327769
2.3038346126325147	0.007789815666666667	1.24439646522
2.305579941884509	0.010443283666666666	1.2564892064733333
2.307325271136503	0.013941377333333333	1.2675100488766666
2.309070600388498	0.010313928666666666	1.2554361489799999
2.3108159296404924	0.010866833999999999	1.2403078710133333
2.3125612588924866	0.013220696666666665	1.2322171528533332
2.314306588144481	0.014821209666666668	1.22970268537
2.316051917396475	0.015173901333333331	1.2308787628166666
2.3177972466484698	0.018971333333333333	1.2416408318133332
2.319542575900464	0.014688119333333333	1.2437707763833332
2.321287905152458	0.011331373333333334	1.2366147757733332
2.3230332344044524	0.017838896666666666	1.2292364913066667
2.324778563656447	0.02727888333333333	1.2256107328633332
2.3265238929084413	0.021152913333333332	1.21766056158
2.3282692221604355	0.015334591333333331	1.2231100731166666
2.3300145514124297	0.019151973333333332	1.2393451077566666
2.331759880664424	0.02457348233333333	1.2433773835333333
2.333505209916418	0.02246111666666667	1.2262351164566667
2.3352505391684133	0.026037886666666666	1.2174421960966666
2.3369958684204075	0.028306976666666667	1.2190659346300001
2.3387411976724017	0.027083773333333328	1.2236818530566667
2.340486526924396	0.027691309999999997	1.2318683504266668
2.34223185617639	0.03250155	1.2469842267
2.343977185428385	0.02641334333333333	1.2493710720433333
2.345722514680379	0.02169462	1.2460410053366666
2.3474678439323733	0.028536626666666665	1.2486973500733332
2.3492131731843675	0.03767293666666666	1.25329054543
2.3509585024363617	0.030824986666666665	1.24598336438
2.3527038316883564	0.026468236666666665	1.2476307668999997
2.3544491609403506	0.033005856666666666	1.2613031726766666
2.356194490192345	0.03845021	1.2700885868299998
2.357939819444339	0.032810149999999996	1.2685554820533333
2.3596851486963333	0.03189513333333333	1.2786355334966664
2.3614304779483275	0.03042540666666666	1.28891748928
2.3631758072003217	0.028473636666666666	1.2904588867333333
2.364921136452316	0.033110459999999994	1.29249270524
2.36666646570431	0.04292356	1.30211163998
2.3684117949563044	0.03777024666666667	1.2985868038533332
2.3701571242083	0.03165988333333333	1.2914254767666666
2.371902453460294	0.03664103333333333	1.294417965253333
2.373647782712288	0.04241649333333333	1.3030309105033333
2.375393111964282	0.03394452333333333	1.3036063221566667
2.3771384412162764	0.030376183333333334	1.3122284268733333
2.3788837704682715	0.03474685333333333	1.3244796027433332
2.3806290997202657	0.03810077333333334	1.3270844393933334
2.38237442897226	0.035061626666666665	1.3189016225333332
2.384119758224254	0.03632185333333333	1.3152484088733334
2.3858650874762484	0.034914633333333334	1.3053654122433334
2.3876104167282426	0.033283386666666664	1.2937933414699998
2.389355745980237	0.035179176666666666	1.2952922862899998
2.391101075232231	0.04064744666666667	1.30962035051
2.3928464044842253	0.03560839666666666	1.3059602578333334
2.3945917337362195	0.032275559999999995	1.28899570422
2.3963370629882146	0.03867937	1.2770616376133335
2.398082392240209	0.045613343333333334	1.2734460297199999
2.3998277214922035	0.03775074	1.2650633289
2.4015730507441977	0.03239467333333333	1.2655604526666666
2.403318379996192	0.03408865666666666	1.2722090011233331
2.4050637092481866	0.03656807	1.27136773799
2.406809038500181	0.034446903333333334	1.2559294671933332
2.408554367752175	0.03744778666666666	1.24149059225
2.4102996970041692	0.03782865333333333	1.2266549148499997
2.4120450262561635	0.03705753666666666	1.21998658275
2.4137903555081577	0.03822158666666667	1.2278898609366666
2.415535684760152	0.04301467666666667	1.24145108948
2.417281014012146	0.03924946333333333	1.2305165376199998
2.4190263432641403	0.036866130999999996	1.2052887017933334
2.4207716725161346	0.04123717666666667	1.1885577982033333
2.4225170017681297	0.04604701666666667	1.18563205299
2.424262331020124	0.03795867333333333	1.1797394951066664
2.426007660272118	0.033888238999999994	1.1802807038153333
2.4277529895241123	0.0398846	1.1865730063666666
2.4294983187761066	0.04689206	1.1871427669266668
2.4312436480281012	0.044057606666666665	1.1755274028499998
2.4329889772800954	0.04409125333333333	1.1722535175766666
2.4347343065320897	0.04354282333333333	1.174851147
2.436479635784084	0.04257378433333334	1.179402983973333
2.438224965036078	0.04420412333333333	1.1851242899966665
2.4399702942880728	0.05090276666666667	1.1904077797066666
2.441715623540067	0.04772978666666667	1.17625421342
2.443460952792061	0.04314679433333333	1.1600402254133333
2.4452062820440554	0.04464429	1.1660851578566667
2.4469516112960497	0.04798819666666666	1.1919014895499997
2.448696940548044	0.039891312	1.20579838608
2.450442269800038	0.03788074133333333	1.2101743870966666
2.4521875990520323	0.048196516333333335	1.21117542798
2.4539329283040274	0.05739082666666667	1.2052671200599998
2.4556782575560216	0.05029118766666667	1.1875138820566664
2.457423586808016	0.04511713666666667	1.18221001625
2.4591689160600105	0.04596201233333333	1.19256651947
2.4609142453120048	0.04845195533333333	1.2100470725999997
2.462659574563999	0.048718509	1.2243243099233334
2.464404903815993	0.05413631666666666	1.23612540321
2.466150233067988	0.053029963	1.2323749058833333
2.467895562319982	0.04851736633333334	1.2269646776066665
2.4696408915719763	0.04852461633333333	1.2392678265166666
2.4713862208239705	0.052692086666666665	1.264198513023333
2.4731315500759647	0.04473891933333333	1.2673707514833332
2.47487687932796	0.040950637	1.2573767416166668
2.476622208579954	0.05033268866666666	1.2515837551733333
2.4783675378319483	0.05799766666666667	1.2457593827166666
2.4801128670839416	0.046624621333333324	1.226086115053333
2.481858196335936	0.03985586633333333	1.2174568024299997
2.4836035255879314	0.046873049	1.2288631416766664
2.4853488548399256	0.05483013333333334	1.24671429884
2.48709418409192	0.04995786133333333	1.2535843067233332
2.488839513343914	0.04872877566666667	1.2584458951933333
2.490584842595908	0.049736134	1.25560363775
2.492330171847903	0.047510939333333335	1.24737161906
2.494075501099897	0.04394173833333334	1.2421505592233333
2.4958208303518914	0.04760348666666667	1.2427012913633333
2.4975661596038856	0.043781608666666666	1.22674970064
2.49931148885588	0.040403186333333334	1.2082809308966667
2.501056818107874	0.046941982	1.2081107867133334
2.5028021473598683	0.053698003333333334	1.2185860175699998
2.5045474766118625	0.04142694066666666	1.2120971978233332
2.5062928058638567	0.033696528	1.20705580844
2.508038135115851	0.04282029266666666	1.2179125596933333
2.509783464367846	0.05138380999999999	1.2312099114566666
2.5115287936198403	0.040982035666666666	1.2252234664733335
2.5132741228718345	0.035580169999999994	1.21502354821
2.5150194521238287	0.041118541	1.2035892912733333
2.516764781375823	0.04459608866666666	1.1891959465566666
2.5185101106278176	0.037712497	1.1733195143773334
2.520255439879812	0.036621279666666666	1.1681727920333334
2.522000769131806	0.036727167666666664	1.1642457008399998
2.5237460983838007	0.03557530666666667	1.1680385854433333
2.525491427635795	0.03488372399999999	1.1860594508099997
2.527236756887789	0.039026069	1.2080993993933333
2.5289820861397834	0.03397865733333333	1.20413322354
2.5307274153917776	0.030430048333333334	1.1899525489973333
2.532472744643772	0.037899301999999996	1.1886969075613334
2.534218073895766	0.04549625333333333	1.1941799462333331
2.535963403147761	0.03334552733333333	1.1829414639403333
2.5377087323997554	0.02563673333333333	1.1767887286346668
2.5394540616517496	0.03418649	1.1877472737633332
2.541199390903744	0.04125142666666666	1.2006932000233335
2.542944720155738	0.029916922333333335	1.1971349262266666
2.5446900494077327	0.025137331000000002	1.1952086341699997
2.546435378659727	0.032246429333333326	1.1990174161566665
2.548180707911721	0.03746561666666666	1.2067469849099999
2.5499260371637154	0.03269747933333333	1.2150323282866666
2.5516713664157096	0.034278006666666666	1.2258845822966666
2.5534166956677042	0.03520771333333333	1.22099455062
2.5551620249196985	0.03295724933333333	1.2094248968726666
2.5569073541716927	0.03185034	1.2089244445
2.558652683423687	0.034682823333333335	1.2187221174133334
2.560398012675681	0.02641663333333333	1.2145193242126666
2.5621433419276762	0.02185605566666667	1.211782272761
2.5638886711796696	0.030485583333333333	1.222139993796
2.565634000431664	0.03832255333333333	1.229362100985
2.567379329683658	0.02656639833333333	1.2140664099516665
2.5691246589356522	0.019682387333333332	1.2058186523786665
2.570869988187648	0.027161649666666662	1.21772811038
2.572615317439642	0.03399792333333333	1.2357798619266667
2.5743606466916362	0.026586095999999997	1.2413842773033334
2.57610597594363	0.025190303666666667	1.2424949160833334
2.5778513051956247	0.03035005233333333	1.2327091548000002
2.5795966344476193	0.03172022	1.2158452496966667
2.5813419636996136	0.02403277333333333	1.2036567569133332
2.5830872929516078	0.02272787	1.20812131295
2.584832622203602	0.023187606666666666	1.2116316043133333
2.586577951455596	0.024536197666666665	1.2140963538733334
2.5883232807075904	0.02653624133333333	1.2182170314666665
2.5900686099595847	0.030267803333333333	1.21630944984
2.591813939211579	0.023209155666666665	1.1896055972786665
2.593559268463574	0.01790551866666667	1.1620768213939998
2.595304597715568	0.021985272333333333	1.1547074850006667
2.5970499269675624	0.028230369999999998	1.162295247243
2.598795256219557	0.021122909999999998	1.1642938985699998
2.6005405854715513	0.017941244666666665	1.172696338815
2.6022859147235455	0.023600215666666664	1.1857571566299998
2.6040312439755398	0.026897243333333334	1.1909645316
2.6057765732275344	0.017066628666666667	1.18196856912
2.6075219024795286	0.0145150018	1.17980725851
2.609267231731523	0.021692752666666665	1.1819276980666666
2.611012560983517	0.02819428666666667	1.18209685868
2.6127578902355113	0.023570928666666664	1.1790126738833333
2.6145032194875055	0.021875708666666663	1.183689423359
2.6162485487394997	0.021685429	1.184276182458
2.617993877991494	0.021004307666666666	1.183291715265
2.619739207243488	0.019118630666666667	1.19107986614
2.6214845364954824	0.023257289666666667	1.21217414821
2.6232298657474775	0.022271386666666664	1.22365288647
2.6249751949994717	0.021863412999999998	1.2284470453033332
2.626720524251466	0.025479171333333335	1.2322501753633333
2.62846585350346	0.028773158666666666	1.23135367903
2.6302111827554544	0.019883467066666664	1.21591926349
2.631956512007449	0.016626631266666664	1.2090773807206667
2.6337018412594433	0.024090197666666664	1.2169138213966666
2.6354471705114375	0.030677144000000003	1.2285391373180001
2.6371924997634317	0.022191559666666666	1.2331676321706668
2.638937829015426	0.018459042000000002	1.2463875324713334
2.6406831582674206	0.023982780666666665	1.2568890217
2.642428487519415	0.02797818633333333	1.2497333415899998
2.644173816771409	0.021774068300000005	1.2297286064733333
2.6459191460234033	0.022542279666666668	1.2221909408133333
2.6476644752753975	0.026190734033333333	1.215759042103333
2.6494098045273917	0.0268745223	1.2034559470800001
2.651155133779386	0.023051433	1.19356534007
2.652900463031381	0.023330047	1.1969747793699999
2.6546457922833753	0.019426324333333335	1.1934668061266667
2.6563911215353695	0.018511192099999997	1.1838852824766666
2.658136450787364	0.023631534	1.17795980983
2.6598817800393584	0.029721458666666662	1.1788397038666667
2.6616271092913526	0.022864149666666667	1.1721499987299997
2.663372438543347	0.019172011633333333	1.1697463026966666
2.665117767795341	0.023737014333333334	1.1727612648933332
2.6668630970473353	0.027476623333333332	1.1728130315666665
2.66860842629933	0.018894680666666667	1.16288573988
2.6703537555513237	0.016364608	1.1631604490499998
2.6720990848033184	0.022717554333333334	1.1705178907166665
2.673844414055312	0.027317816666666665	1.1739216932366667
2.6755897433073077	0.019101050333333335	1.1721625250533334
2.677335072559302	0.01736942266666667	1.1878279816133333
2.679080401811296	0.023915861	1.2093233825333334
2.6808257310632904	0.02880173733333333	1.21763187469
2.6825710603152837	0.023946704666666666	1.21210480185
2.6843163895672792	0.02359283333333333	1.2173875842366666
2.6860617188192735	0.02428993566666667	1.2276265880566666
2.6878070480712677	0.024381933999999997	1.2352598741733334
2.689552377323262	0.021677260000000004	1.23881286306
2.691297706575256	0.023617179999999995	1.2468825834813333
2.6930430358272504	0.023115232000000003	1.2461634676409998
2.694788365079245	0.024307748999999997	1.2378904832656665
2.696533694331239	0.027980674666666667	1.2268261559383333
2.6982790235832335	0.032914643333333334	1.2188471576433333
2.7000243528352272	0.025879077666666667	1.2083133288176664
2.701769682087222	0.022909301999999996	1.2140106555906667
2.703515011339216	0.03198027666666667	1.2334850363633332
2.7052603405912103	0.038583519999999996	1.2409847427366665
2.7070056698432046	0.025306596666666667	1.2196101163466666
2.708750999095199	0.019055908666666666	1.2029735498966667
2.710496328347194	0.027236479999999997	1.1985495531066666
2.712241657599188	0.03125181333333333	1.186571240813333
2.7139869868511823	0.019785553333333334	1.1620799805813333
2.7157323161031766	0.018725513333333332	1.1604645685776664
2.7174776453551712	0.027888089999999997	1.1777661795669998
2.7192229746071654	0.03243103666666666	1.18465543914
2.7209683038591597	0.024438506666666665	1.1664128942533334
2.722713633111154	0.020963740666666664	1.14909755199
2.7244589623631486	0.02042204	1.1404073828533332
2.7262042916151423	0.020522572	1.1402644988166664
2.727949620867137	0.017818936666666663	1.1447234502633332
2.729694950119131	0.020892203333333335	1.1623452745799998
2.7314402793711254	0.023205411	1.184186101807
2.7331856086231197	0.025805975999999998	1.2071698302026665
2.734930937875114	0.026668876666666664	1.2205771866606665
2.736676267127109	0.02828675333333333	1.2205224795166665
2.738421596379103	0.022025546666666663	1.2036929366686666
2.7401669256310974	0.019748964666666667	1.1948714242956666
2.7419122548830916	0.025407676666666663	1.2010887061606665
2.743657584135086	0.03131518	1.2075429970166667
2.7454029133870805	0.023147916666666664	1.1968990712776666
2.7471482426390748	0.021029643333333334	1.1976987908269998
2.748893571891069	0.03171848	1.22076246624
2.750638901143063	0.038913039999999996	1.24121050614
2.7523842303950574	0.026471460000000002	1.2330540308503333
2.754129559647052	0.02295858666666667	1.2272635564306666
2.755874888899046	0.03522644333333333	1.2382140234899999
2.7576202181510405	0.04018127999999999	1.2432543245299998
2.7593655474030343	0.024304689999999997	1.2201627523586667
2.761110876655029	0.018928563333333332	1.19729802225
2.762856205907024	0.027352976666666667	1.186233438455
2.7646015351590183	0.0315953	1.178256485467
2.7663468644110116	0.023242699999999998	1.1631663375963333
2.768092193663006	0.02372502	1.1560228642333332
2.769837522915	0.029822396666666667	1.1548878376366665
2.7715828521669956	0.03168087333333333	1.1601439039333334
2.77332818141899	0.025133533333333336	1.16775780017
2.775073510670984	0.024213496666666667	1.17687473011
2.7768188399229783	0.023521316666666667	1.1732479976033332
2.7785641691749725	0.024151803333333333	1.1704162040003334
2.780309498426967	0.026189443333333333	1.1807843840299999
2.782054827678961	0.03097128666666667	1.1987249147433332
2.7838001569309556	0.02679877	1.1976826568833334
2.7855454861829494	0.02529202666666667	1.190545277554
2.787290815434944	0.03047863666666667	1.1946772554499998
2.7890361446869383	0.03415427333333333	1.2047289533433334
2.7907814739389325	0.02339133666666667	1.1932166728109999
2.7925268031909276	0.019922679999999998	1.1763666864093332
2.794272132442922	0.029184803333333332	1.1753679288719998
2.796017461694916	0.03465773	1.1875339429613332
2.7977627909469107	0.02173853666666667	1.190027249274
2.799508120198905	0.018441319999999997	1.1974678169593331
2.801253449450899	0.03212802333333333	1.2167031997796667
2.8029987787028934	0.04021301333333333	1.2337148961366666
2.8047441079548876	0.02545500333333333	1.2292317520049998
2.8064894372068823	0.02148751	1.2232543786083332
2.808234766458876	0.035966446666666665	1.2200527962899999
2.8099800957108707	0.041469163333333336	1.2098614245966666
2.8117254249628645	0.02418815333333333	1.1908078465613334
2.813470754214859	0.020411119999999998	1.1885185998613332
2.8152160834668534	0.03349915666666667	1.1911383319966666
2.8169614127188476	0.0387791	1.178346723013
2.818706741970842	0.02589256333333333	1.1551361309113333
2.820452071222836	0.022842829999999998	1.1540388473056666
2.8221974004748303	0.029258693333333335	1.1640559023813333
2.8239427297268254	0.030770633333333332	1.1656112673376664
2.8256880589788196	0.022122779999999998	1.1608515139889999
2.827433388230814	0.022817313333333332	1.174196925021
2.829178717482808	0.02834377333333333	1.1909906614253334
2.8309240467348022	0.03210330333333333	1.1930139520523333
2.832669375986797	0.030396713333333332	1.1784072221793331
2.834414705238791	0.03168944666666666	1.1700396236139998
2.8361600344907854	0.028446783333333336	1.1687639536576666
2.8379053637427796	0.026729493333333333	1.1740937257853332
2.839650692994774	0.02873841333333333	1.1792495047083333
2.841396022246768	0.03239483	1.1867282984676666
2.8431413514987627	0.02579778	1.1904797491653332
2.8448866807507565	0.02508937	1.1992400184563334
2.846632010002751	0.03396372	1.2041125670433332
2.8483773392547453	0.03844653333333333	1.1952476919653332
2.8501226685067405	0.024605806666666664	1.177579892658
2.8518679977587347	0.02054321	1.18775165666
2.853613327010729	0.033607906666666666	1.2174864334123332
2.855358656262723	0.03997315666666666	1.2271300323369998
2.8571039855147173	0.022998266666666663	1.2028689669743333
2.858849314766712	0.018633946666666665	1.1915275568133332
2.8605946440187062	0.034294179999999994	1.2009012293336667
2.8623399732707004	0.039885236666666664	1.1956485147763332
2.8640853025226947	0.020307179999999998	1.1630362780883332
2.865830631774689	0.016646559999999998	1.1553208751589998
2.8675759610266836	0.03546667333333333	1.1815280328223332
2.8693212902786778	0.04284238333333333	1.1960841623303333
2.871066619530672	0.023202966666666665	1.1708921791859999
2.872811948782666	0.01816551333333333	1.150122108503333
2.87455727803466	0.03307088666666667	1.152172449579
2.8763026072866555	0.036943213333333336	1.154499516339
2.8780479365386498	0.018490346666666664	1.1400127653556666
2.879793265790644	0.016072386666666664	1.1400011805536665
2.881538595042638	0.031755273333333334	1.1615627332086667
2.8832839242946324	0.03749705666666667	1.1856193566673332
2.885029253546627	0.022330083333333334	1.1928278601146665
2.8867745827986213	0.01961563	1.1995532274316665
2.8885199120506155	0.030120713333333334	1.2059662413643333
2.8902652413026098	0.03358566	1.2085356990376666
2.892010570554604	0.02388185333333333	1.207679300438
2.893755899806598	0.02574141333333333	1.2153633631883332
2.895501229058593	0.03450887333333333	1.2147882187726666
2.8972465583105866	0.03785785333333333	1.20383530358
2.8989918875625813	0.03170376	1.1960383413723332
2.900737216814575	0.031137666666666664	1.2050049841253332
2.9024825460665697	0.030204799999999993	1.2065343137559998
2.904227875318564	0.02965130666666667	1.1955860610956666
2.905973204570558	0.030328383333333334	1.1873362156256668
2.9077185338225524	0.033892226666666664	1.1959292554816665
2.9094638630745466	0.02871878	1.1978371883703334
2.9112091923265417	0.02715125666666667	1.1864672016376665
2.912954521578536	0.03162867666666667	1.1693531606133334
2.91469985083053	0.03245347333333333	1.1606381505966665
2.916445180082525	0.018839183333333332	1.153063320714
2.918190509334519	0.015831947	1.150715468282
2.9199358385865133	0.027669576666666668	1.1494624236459998
2.921681167838508	0.03374908	1.1508984516733332
2.9234264970905017	0.020432156666666666	1.156126898125
2.9251718263424964	0.019130183666666665	1.1762421869573334
2.92691715559449	0.033121446666666665	1.1899085351673333
2.928662484846485	0.03719699666666666	1.184676187207
2.930407814098479	0.019483786333333333	1.1768947169996666
2.9321531433504733	0.016981099333333333	1.200627718217
2.9338984726024675	0.03562555333333333	1.2330500224166665
2.9356438018544617	0.043178873333333326	1.2378100913399996
2.937389131106457	0.022686131666666665	1.22314514544
2.939134460358451	0.019484792666666667	1.2430107784956665
2.9408797896104453	0.04076974333333333	1.278430490675
2.9426251188624395	0.04550614333333333	1.2684874102843333
2.9443704481144337	0.020068590666666667	1.2127158375653333
2.9461157773664284	0.015884102666666663	1.1857668022863335
2.9478611066184226	0.03668617666666667	1.1921143222009998
2.949606435870417	0.04108324666666666	1.1777101254276667
2.951351765122411	0.017448508666666668	1.1322725474643334
2.9530970943744053	0.014272559999999998	1.1234931624729998
2.9548424236264	0.03432322333333333	1.1621505524233333
2.956587752878394	0.03950260666666666	1.1916731212159999
2.9583330821303884	0.018844577666666668	1.1761260259353332
2.960078411382382	0.017109265666666665	1.1604064105936667
2.961823740634377	0.035313243333333334	1.1663957048759999
2.963569069886372	0.03820995	1.1713198022646667
2.965314399138366	0.016344469333333334	1.1576327415616667
2.9670597283903604	0.013409624333333332	1.164164153309
2.9688050576423537	0.03127256666666667	1.2065873908223335
2.970550386894349	0.03700807333333333	1.2627131293436666
2.9722957161463435	0.02099223	1.2970925418846666
2.9740410453983377	0.022488470666666666	1.30692333473
2.975786374650332	0.03902041	1.2857502046216667
2.977531703902326	0.04028825333333333	1.2427435334599999
2.9792770331543204	0.021655943	1.199077721253
2.981022362406315	0.019352781333333333	1.1796424254383333
2.982767691658309	0.02904032233333333	1.1680970557026666
2.9845130209103035	0.03185211333333333	1.1626069941203332
2.9862583501622977	0.026256724666666665	1.1785189554756665
2.988003679414292	0.031101273333333335	1.215095875676
2.989749008666286	0.03711014333333333	1.2248662034079998
2.9914943379182812	0.03714203333333333	1.198505548735333
2.9932396671702755	0.02770155333333333	1.16807353374
2.9949849964222697	0.023875879999999995	1.16818366487
2.996730325674264	0.025062113333333334	1.1784222234093333
2.9984756549262586	0.026025109999999997	1.1783511603516665
3.000220984178253	0.021381747666666662	1.1784018167749999
3.001966313430247	0.025298053333333334	1.2090096292333334
3.0037116426822412	0.028939372999999997	1.2426090224369999
3.0054569719342354	0.028860158	1.240986484809333
3.00720230118623	0.02723848	1.2041563058543332
3.008947630438224	0.02791376	1.176241910556333
3.0106929596902186	0.020836584666666665	1.1730915606953334
3.0124382889422123	0.022321118666666667	1.1916512517359998
3.014183618194207	0.034247893333333335	1.2109829959833331
3.015928947446201	0.04200049333333333	1.2288856453233332
3.0176742766981954	0.033854656999999996	1.2530534038266663
3.0194196059501897	0.03410285766666667	1.2937556983416665
3.021164935202184	0.043298409999999996	1.3125189116576665
3.022910264454178	0.04203430666666667	1.2797339139226667
3.024655593706173	0.022332330666666664	1.2213237429073334
3.0264009229581674	0.018751370666666663	1.2020174400483334
3.0281462522101616	0.032599553333333336	1.2119437964446664
3.029891581462156	0.035552676666666665	1.199092201227
3.03163691071415	0.018630018999999998	1.1593113916733333
3.0333822399661448	0.018251951333333332	1.1584808001703333
3.035127569218139	0.031105439999999998	1.1993195505933332
3.036872898470133	0.030726576666666665	1.2197559230699997
3.0386182277221274	0.012555801666666666	1.1855976938233332
3.040363556974122	0.011218486	1.1562652896766665
3.042108886226116	0.027852760000000004	1.1763130620100002
3.0438542154781105	0.03473145	1.2169114550866666
3.0455995447301047	0.016411739999999998	1.2227957871359998
3.047344873982099	0.018499188666666666	1.2258021507896664
3.049090203234093	0.04953028666666666	1.2683987139856667
3.0508355324860883	0.05703289	1.3223037209926665
3.0525808617380825	0.024462824	1.3288428253926665
3.0543261909900767	0.022297597000000002	1.30852039454
3.056071520242071	0.05351845	1.2968680163043333
3.057816849494065	0.05492121333333333	1.2994744521366666
3.05956217874606	0.019453289	1.2948649859533332
3.061307507998054	0.016180493999999997	1.2756482487766665
3.0630528372500487	0.043214963333333335	1.23106020928
3.0647981665020425	0.043924366666666666	1.1886297427833332
3.0665434957540367	0.011121225200000001	1.185963243366
3.0682888250060314	0.008606260966666666	1.217925087934333
3.0700341542580256	0.036257286666666666	1.2139533519733332
3.07177948351002	0.03957861	1.1657293682166667
3.073524812762014	0.008935679856666667	1.1503542938963331
3.075270142014008	0.008827398266666666	1.2180697669976666
3.0770154712660034	0.04211099333333333	1.2807347034399998
3.0787608005179976	0.04782201333333334	1.2660730663866666
3.080506129769992	0.012383931833333334	1.2472162175666668
3.082251459021986	0.010902481266666667	1.33057516027
3.0839967882739803	0.048803196666666666	1.4385015391733333
3.085742117525975	0.05363948666666666	1.4339755874266666
3.087487446777969	0.012255218166666665	1.3505328259199998
3.0892327760299634	0.012355918939999998	1.3512668637566665
3.0909781052819576	0.0580649	1.4232211539299997
3.092723434533952	0.06410999	1.4019171145133333
3.094468763785946	0.019983880333333332	1.271425497568
3.0962140930379407	0.018298703	1.2211884785266665
3.0979594222899345	0.056423083333333325	1.3015014428999998
3.099704751541929	0.05470944666666666	1.3502847239199998
3.101450080793923	0.008525666333333334	1.2710585047033334
3.1031954100459176	0.0080108244	1.2040656987699998
3.104940739297912	0.05818174666666666	1.2788918119766666
3.106686068549906	0.06606972	1.4163008307066667
3.1084313978019003	0.015725918166666665	1.4520528364066667
3.1101767270538954	0.018141046539999997	1.3861475812366664
3.1119220563058896	0.06596711999999999	1.33844731511
3.113667385557884	0.05600368666666666	1.3990560610333334
3.1154127148098785	0.0037079153333333327	1.52205634064
3.1171580440618727	0.006426185666666667	1.57758964555
3.118903373313867	0.051084613333333334	1.5153332995433335
3.120648702565861	0.05837384333333333	1.4832409054133333
3.122394031817856	0.013365151666666667	1.6127426771866666
3.1241393610698496	0.024431083	1.7866987732566664
3.1258846903218442	0.10961846666666666	1.7633655633699998
3.127630019573838	0.10776165	1.6050879661500002
3.1293753488258327	0.0013448745	1.6807566012066666
3.131120678077827	0.0068067252	2.0289398721899996
3.132866007329821	0.13803411999999998	2.1065337523166665
3.1346113365818153	0.14620100666666666	1.7387295097233333
3.1363566658338096	0.020647804333333332	1.97058472123
3.1381019950858047	0.077464281	3.9635782586933335
3.139847324337799	0.5075278999999999	7.065607417796667
3.141592653589793	1.326008	9.196958802966666