# O(3P)+CO2(000; j=0) -> O(3P)+CO2(000; j') scattering, statistically averaged (3A2+3B2+3B1) potential energy surfaces
# Differential cross sections; packaged by M. Gacesa (marko.gacesa@nasa.gov), Apr 30 2019
# E = 2.0135 eV
# theta(rad)                 elastic DCS                total DCS (both in units of 1E-16 cm^2/Sr)
0.	3.2473316666666665e6	3.320838479396636e6
0.0017453292519943296	2.318667e6	2.3644628892366667e6
0.003490658503988659	843842.6333333333	854330.573693
0.005235987755982989	200384.19999999998	205937.1385543333
0.006981317007977318	83318.86666666665	90919.01603913333
0.008726646259971648	56992.528333333335	62760.13674425666
0.010471975511965978	37594.74666666666	41364.332173999996
0.012217304763960305	16319.613333333331	19640.686332633333
0.013962634015954637	11160.395666666665	14784.514374139999
0.015707963267948967	13483.640666666666	16150.348675893332
0.017453292519943295	8800.728	10393.404481876667
0.019198621771937624	4361.447666666667	6240.263086326666
0.020943951023931956	3541.481333333333	5824.847106473333
0.02268928027592628	3618.259666666667	5491.230587733333
0.02443460952792061	2980.5363666666663	4179.57782927
0.02617993877991494	1257.4317333333333	2289.2593112066666
0.027925268031909273	664.4582	1958.3597413266664
0.029670597283903602	1191.4445999999998	2409.14563718
0.031415926535897934	1123.1016333333332	1936.7514853433331
0.03316125578789226	584.7326666666665	1268.5511268586665
0.03490658503988659	254.04902499999997	1078.6361429293333
0.03665191429188092	287.37906666666663	1128.0021229246668
0.03839724354387525	407.0176333333334	1024.574300472333
0.040142572795869566	263.52796666666666	674.0319368046667
0.04188790204786391	84.06731666666667	526.9065296683333
0.043633231299858244	91.44284	636.9874941193333
0.04537856055185256	152.38804333333331	639.976953785
0.047123889803846894	143.18577999999997	486.55071460233336
0.04886921905584122	76.50261	354.10443004
0.05061454830783555	49.76171333333333	352.12158136733325
0.05235987755982988	74.44538666666666	393.7842444856667
0.054105206811824215	74.80609333333332	348.28528570833333
0.05585053606381855	60.856460000000006	280.68203396466663
0.05759586531581287	51.82257666666667	259.3096284503333
0.059341194567807204	49.79743333333332	258.267588681
0.061086523819801536	59.91613666666667	252.95369494466664
0.06283185307179587	52.55329999999999	223.37709978966666
0.0645771823237902	42.47537	204.42768825899998
0.06632251157578452	49.10624	211.90317410799997
0.06806784082777885	41.192993333333334	195.15096363766668
0.06981317007977318	32.46630666666666	170.0204918423333
0.0715584993317675	36.23756999999999	164.40546038
0.07330382858376185	34.4666	163.244924953
0.07504915783575618	37.72973333333333	169.74331621733333
0.0767944870877505	35.50053666666666	161.96705851966667
0.07853981633974483	21.949641	136.55126929799997
0.08028514559173913	22.72144	129.96504612733332
0.08203047484373349	26.23564933333333	129.75214794393332
0.08377580409572782	23.88106666666667	126.2771203178
0.08552113334772216	26.004409999999996	128.83873294359998
0.08726646259971649	21.79552133333333	120.86178510459999
0.08901179185171079	19.50873	113.13728196023334
0.09075712110370512	22.716476666666665	111.21625828629999
0.09250245035569944	17.321643333333334	100.624321131
0.09424777960769379	14.764281333333333	97.39574147976666
0.09599310885968812	16.400831333333333	99.67430797930001
0.09773843811168244	14.247647333333333	95.24086858033333
0.09948376736367677	17.207863333333332	96.06522615426667
0.1012290966156711	16.52123333333333	92.56172273116667
0.10297442586766543	10.757725333333333	84.28500412723332
0.10471975511965977	11.019616666666666	84.02007891236667
0.10646508437165408	9.547361333333331	80.33233686833333
0.10821041362364843	8.467200333333333	77.14933499349999
0.10995574287564276	11.916246666666666	80.51018199236665
0.1117010721276371	10.003851	77.5663025481
0.11344640137963143	9.045093999999999	75.50821708613333
0.11519173063162574	9.779323666666667	74.31697288466665
0.11693705988362009	6.049667333333333	67.13907389243333
0.11868238913561441	6.003085666666665	65.7227408216
0.12042771838760875	7.214221333333333	66.50905887173333
0.12217304763960307	5.709649666666666	63.9141552491
0.12391837689159738	7.8138369999999995	65.39345398239999
0.12566370614359174	7.555288333333333	63.24839754296667
0.12740903539558604	4.881241666666666	58.46037801846666
0.1291543646475804	5.2389123333333325	58.079584775499995
0.13089969389957473	4.005910333333333	55.43650122436666
0.13264502315156904	3.7517563333333332	53.8703577548
0.1343903524035634	6.064088	55.4561024393
0.1361356816555577	5.277924	53.22858922483333
0.13788101090755206	5.254194666666667	52.469783256
0.13962634015954636	5.447178000000001	52.10929619986667
0.1413716694115407	3.466248666666666	48.54888798726667
0.143116998663535	4.074555333333333	47.87649772019999
0.14486232791552936	4.779033	47.242387659533335
0.1466076571675237	4.129699666666666	45.28430045209999
0.148352986419518	5.737461666666666	46.67599639403333
0.15009831567151236	5.521909666666666	46.09686855339999
0.15184364492350666	4.23785	44.089376386933324
0.153588974175501	4.683804333333333	43.71442853143333
0.15533430342749535	3.731175666666667	41.1784003131
0.15707963267948966	3.5312399999999995	39.734027718499995
0.158824961931484	5.080590666666666	40.8983352628
0.16057029118347826	4.640364666666667	40.26873267309999
0.16231562043547265	4.524844	40.326431214366664
0.16406094968746698	4.500339333333333	39.927738965033335
0.16580627893946132	3.08001	37.22391699533333
0.16755160819145565	3.214495666666666	36.3957907532
0.16929693744344992	3.7474743333333334	36.473857867499994
0.1710422666954443	3.238686	36.12527460893333
0.17278759594743864	3.6959659999999994	37.19784543463334
0.17453292519943298	3.3747133333333332	36.61183461373333
0.17627825445142725	2.4881966666666666	34.74524732323333
0.17802358370342158	2.589692666666666	34.025287404500006
0.17976891295541597	2.169467666666667	33.106830678499996
0.18151424220741025	1.795285	32.95267809906666
0.18325957145940458	2.239241	33.7283154558
0.18500490071139888	2.017959	32.95225698336667
0.18675022996339324	2.0114109666666664	31.97381590623333
0.18849555921538758	1.9797249999999997	31.033700277799998
0.1902408884673819	1.2949766	29.77769858913333
0.19198621771937624	1.2979672333333334	29.793433642299995
0.19373154697137057	1.6393916666666668	30.038100777633332
0.19547687622336488	1.6883839999999997	29.438362093166663
0.19722220547535924	2.170567	29.051278382733333
0.19896753472735354	2.0035836666666667	27.979672747166667
0.2007128639793479	1.499032	26.865353850666665
0.2024581932313422	1.7390306666666666	26.86770399423333
0.20420352248333656	1.9081766666666664	26.810413936199996
0.20594885173533087	1.9683229999999998	26.557661885199998
0.20769418098732523	2.3308426666666664	26.4389073734
0.20943951023931953	2.0974616666666663	25.514134821533332
0.2111848394913139	1.9175833333333332	24.704392147166665
0.21293016874330817	2.1918386666666665	24.519873232766663
0.21467549799530256	2.1496086666666665	24.298677729399998
0.21642082724729686	1.987781	24.2304373212
0.2181661564992912	2.010715333333333	24.21032760676667
0.21991148575128552	1.7934153333333331	23.622068362666667
0.22165681500327983	1.8278856666666665	23.1112321655
0.2234021442552742	2.0193773333333334	22.799281061299997
0.22514747350726852	1.8081173333333336	22.467975940966667
0.22689280275926285	1.4676753333333334	22.351355307333336
0.22863813201125716	1.3544494999999999	22.380954124166667
0.2303834612632515	1.2262561	22.140771211166665
0.23212879051524585	1.285381333333333	21.929888199333334
0.23387411976724018	1.338278	21.730549754499997
0.23561944901923448	1.0553025999999999	21.37301441696667
0.23736477827122882	0.7614347666666667	21.0636138577
0.23911010752322315	0.8043129	20.954753869099996
0.2408554367752175	0.8552771666666665	20.78277710633333
0.24260076602721184	0.9199921	20.775346891399998
0.24434609527920614	0.8649135333333332	20.805891819833334
0.24609142453120048	0.6214539	20.562423510666665
0.24783675378319475	0.5632460666666667	20.192499318366664
0.24958208303518917	0.8263700666666667	19.83652885513333
0.25132741228718347	1.0167565333333333	19.4488598043
0.2530727415391778	1.0992945333333333	19.422609925866666
0.2548180707911721	0.9343953999999999	19.4800898793
0.25656340004316636	0.7516293333333334	19.3658314308
0.2583087292951608	0.9119231666666666	19.1842578683
0.26005405854715513	1.2126293	18.780216275899996
0.26179938779914946	1.371980433333333	18.321511343066664
0.2635447170511437	1.3951766666666665	18.25809336043333
0.26529004630313807	1.0974863333333333	18.148728171666665
0.26703537555513246	0.9683228333333332	18.040066218899998
0.2687807048071268	1.1889606666666666	17.959308130599997
0.270526034059121	1.3166706333333331	17.518305169233333
0.2722713633111154	1.3527341333333331	17.126956235599998
0.2740166925631097	1.2975196666666666	17.0580339918
0.2757620218151041	0.9738603000000001	16.832804711066665
0.27750735106709834	0.9815660333333334	16.811818158566666
0.2792526803190927	1.1422983333333332	16.76736710493333
0.280998009571087	1.0191972	16.303749152066665
0.2827433388230814	0.9459581666666665	16.016935412
0.2844886680750758	0.8471076	15.864458294066667
0.28623399732707	0.6434632666666666	15.56385859363333
0.28797932657906433	0.8536311333333334	15.662692585166667
0.2897246558310587	0.9267059	15.636300196599999
0.291469985083053	0.6468293333333333	15.290747698433332
0.2932153143350474	0.5330295333333332	15.182146323266664
0.29496064358704166	0.4274148333333333	14.952587023000001
0.296705972839036	0.4129789	14.639458555166664
0.2984513020910303	0.7674212666666667	14.751681540500002
0.3001966313430247	0.7567702333333333	14.648370931766665
0.301941960595019	0.47531486666666667	14.464642670700002
0.3036872898470133	0.3712290333333333	14.486509124300001
0.30543261909900765	0.27222789999999997	14.218493154366666
0.307177948351002	0.4234225666666667	13.989218144966665
0.3089232776029963	0.7874543333333333	14.032247624599998
0.3106686068549907	0.7065161999999999	13.809844032166666
0.312413936106985	0.5338068333333333	13.739799884066667
0.3141592653589793	0.4500654	13.732915638166666
0.31590459461097364	0.3575640333333333	13.411216788399999
0.317649923862968	0.5893632	13.281867396866668
0.3193952531149623	0.8384655666666667	13.2401069289
0.32114058236695653	0.7114941	13.014359128666666
0.32288591161895097	0.6693137	13.115606551433332
0.3246312408709453	0.5919398666666666	13.108716773
0.32637657012293964	0.5070255333333333	12.847394914366667
0.32812189937493397	0.7062287999999999	12.787863017633331
0.32986722862692824	0.7617951666666666	12.587637300833332
0.33161255787892263	0.6172862666666666	12.331421781766666
0.3333578871309169	0.6686692333333333	12.475025386666667
0.3351032163829113	0.6014192	12.461025743366665
0.3368485456349056	0.5613305333333334	12.390234116166667
0.33859387488689985	0.6731560333333333	12.436874791033333
0.34033920413889424	0.5562451666666667	12.1407399139
0.3420845333908886	0.4463902666666666	11.844077355933333
0.3438298626428829	0.5538043666666665	11.8235808972
0.3455751918948773	0.5209014333333333	11.661951637433333
0.34732052114687156	0.5599670666666666	11.697850307733333
0.34906585039886595	0.5831591666666667	11.802032094666666
0.3508111796508603	0.3720059	11.55774225713333
0.3525565089028545	0.3199962333333333	11.364647720433334
0.3543018381548489	0.4283849333333333	11.226885562033333
0.35604716740684317	0.43035596666666665	10.9629182742
0.35779249665883756	0.5338550666666666	11.021086156239997
0.35953782591083194	0.4837551666666666	11.076155609756665
0.3612831551628262	0.26296033333333335	10.90556073898
0.3630284844148205	0.2592384333333333	10.828372867976665
0.3647738136668149	0.32133409999999996	10.637486411853333
0.36651914291880916	0.35025939999999994	10.395432165673334
0.36826447217080355	0.4862523666666667	10.495111460576666
0.37000980142279777	0.39626206666666663	10.525326895783332
0.3717551306747922	0.23763236666666665	10.471406847879999
0.3735004599267865	0.2706153333333333	10.464991019913333
0.3752457891787809	0.27739579999999997	10.206635694563332
0.37699111843077515	0.3303803333333333	9.966159762886665
0.3787364476827695	0.47177213333333334	10.017103543166666
0.3804817769347638	0.37548539999999997	10.004235190203334
0.38222710618675815	0.3054233333333334	10.079225629106666
0.3839724354387525	0.3572124	10.153912411963333
0.38571776469074687	0.3225883333333333	9.905599651166666
0.38746309394274114	0.3840884	9.672512018943333
0.3892084231947355	0.49798296666666664	9.589220910209999
0.39095375244672975	0.4043437	9.463513036126667
0.39269908169872414	0.38945609999999997	9.573358650669999
0.39444441095071847	0.42155803333333336	9.705030299516665
0.3961897402027128	0.35675239999999997	9.58058024975
0.3979350694547071	0.4002128333333333	9.450471347183333
0.39968039870670136	0.4650965	9.295327116063334
0.4014257279586958	0.3921049666666666	9.079755817776666
0.4031710572106902	0.4086014	9.12171705772
0.4049163864626844	0.4057940333333333	9.202952785186667
0.4066617157146788	0.3285080333333333	9.16874857064
0.4084070449666731	0.3396515333333333	9.132799472123333
0.41015237421866746	0.3553230333333333	8.969591283436666
0.41189770347066174	0.3250323	8.747537364509999
0.413643032722656	0.37390559999999995	8.727845346593334
0.41538836197465046	0.3537427	8.740819141196667
0.4171336912266447	0.2867492	8.76320379113
0.41887902047863906	0.2674989333333333	8.782823265263334
0.42062434973063334	0.2412064333333333	8.633403384876667
0.4223696789826278	0.24385816666666665	8.43285599236
0.4241150082346221	0.30727746666666667	8.351122318593333
0.42586033748661634	0.2814679666666667	8.294364762286666
0.4276056667386108	0.23683658	8.34438599381
0.4293509959906051	0.20218018999999998	8.4076817215
0.43109632524259933	0.15563509666666664	8.317073288413333
0.4328416544945937	0.17927537666666665	8.174990358063333
0.434586983746588	0.24395286666666663	8.054124064713331
0.4363323129985824	0.2230373	7.930442937156666
0.43807764225057666	0.20668966666666666	7.9571175856666665
0.43982297150257105	0.17777590000000001	8.029360294716668
0.44156830075456543	0.13569759999999997	8.012570366119999
0.44331363000655966	0.17164723333333332	7.955959384636666
0.445058959258554	0.23121316666666664	7.842909173246666
0.4468042885105484	0.21706989999999998	7.673894568513333
0.44854961776254265	0.22290536666666663	7.6272588247133335
0.45029494701453704	0.21548855666666666	7.644058950503333
0.4520402762665313	0.1960572	7.650493223106666
0.4537856055185257	0.23733166666666664	7.656519844873333
0.45553093477052	0.28691999999999995	7.59351140743
0.4572762640225143	0.2687541333333333	7.439456642256666
0.45902159327450864	0.27386616666666663	7.346743389676666
0.460766922526503	0.2831852333333333	7.30843975078
0.46251225177849725	0.286875	7.300922201926667
0.4642575810304917	0.3247407	7.319254637456667
0.46600291028248597	0.3611465333333333	7.2916871792033335
0.46774823953448036	0.3291116333333333	7.165406297613332
0.4694935687864746	0.30993286666666664	7.054511509876666
0.47123889803846897	0.3134220666666667	6.99656539034
0.4729842272904633	0.3198525333333333	6.995694171666667
0.47472955654245763	0.3377728333333333	7.040052092276667
0.4764748857944519	0.3550092333333333	7.066972372553332
0.4782202150464463	0.31218199999999996	6.985634319229999
0.4799655442984406	0.27054426666666664	6.863306799136666
0.481710873550435	0.2566582333333333	6.761363889956667
0.48345620280242924	0.25057093333333336	6.714770200269999
0.4852015320544237	0.24110276666666666	6.738018512469999
0.48694686130641796	0.23642873333333336	6.798151079616667
0.4886921905584123	0.19847826666666668	6.788716002216667
0.49043751981040656	0.1643797	6.7197416380099995
0.49218284906240095	0.145722	6.613048062080001
0.4939281783143953	0.13533204333333332	6.511609793213333
0.4956735075663895	0.12033661666666667	6.467696848126666
0.4974188368183839	0.11040053	6.486300996999999
0.49916416607037833	0.09902991666666666	6.499944730726666
0.5009094953223726	0.10645619666666664	6.500086586759999
0.5026548245743669	0.09838061999999999	6.436967941406666
0.5044001538263612	0.09101502666666667	6.3403374847233325
0.5061454830783556	0.09488491	6.281140686853334
0.5078908123303499	0.09790142999999998	6.261677085676666
0.5096361415823442	0.11477181333333333	6.26195363627
0.5113814708343385	0.16429601	6.295284199303333
0.5131268000863327	0.16197522999999997	6.2596583669433326
0.5148721293383272	0.14591626333333332	6.182528649626666
0.5166174585903216	0.16157467333333334	6.14664247038
0.5183627878423158	0.16872093333333332	6.124753925603333
0.5201081170943103	0.18780696666666666	6.124356202103333
0.5218534463463045	0.24687113333333333	6.18062251044
0.5235987755982989	0.23569673333333332	6.159032856166665
0.5253441048502931	0.20896726666666665	6.090046679523333
0.5270894341022874	0.2306959333333333	6.054198348173333
0.5288347633542818	0.2390542	6.00224259983
0.5305800926062761	0.2551653	5.975015657839998
0.5323254218582705	0.30403773333333334	6.024492729813333
0.5340707511102649	0.2664371333333333	6.005095649683334
0.5358160803622593	0.21964143333333333	5.957695637529999
0.5375614096142536	0.2361719	5.93879670985
0.5393067388662478	0.24486410000000003	5.8734414212466675
0.541052068118242	0.26812199999999997	5.824183792063334
0.5427973973702365	0.31142726666666665	5.840603854993333
0.5445427266222308	0.2469326	5.781820973206667
0.5462880558742251	0.17060273333333334	5.715800141516667
0.5480333851262194	0.16268856666666665	5.687595775549999
0.5497787143782138	0.15897960333333333	5.620122778243333
0.5515240436302082	0.18120893333333332	5.58827251415
0.5532693728822025	0.21979796666666665	5.62221119274
0.5550147021341967	0.1580434	5.587134396096666
0.5567600313861911	0.08731977666666665	5.546345201066666
0.5585053606381855	0.06857309666666667	5.506808825713333
0.5602506898901798	0.05843844666666667	5.409168935333334
0.561996019142174	0.07803050666666667	5.349817337946666
0.5637413483941685	0.10566456333333332	5.356814492279999
0.5654866776461628	0.06845811666666665	5.346792892653333
0.5672320068981571	0.04448888666666666	5.377071766733334
0.5689773361501516	0.038286459999999994	5.382363871069999
0.5707226654021459	0.03428974	5.309856520446666
0.57246799465414	0.06631585333333334	5.258041830883333
0.5742133239061344	0.08743693333333333	5.22740637522
0.5759586531581287	0.07206865666666666	5.195575986783333
0.5777039824101231	0.10206047666666665	5.245233675753333
0.5794493116621174	0.11800522666666668	5.2629453817666665
0.5811946409141118	0.11894018333333334	5.211119240983333
0.582939970166106	0.1583171	5.187627232716666
0.5846852994181004	0.158839	5.147466690596666
0.5864306286700948	0.12420621333333333	5.100009574413333
0.5881759579220891	0.16624406666666663	5.159033978666667
0.5899212871740833	0.19929506666666666	5.194512146416667
0.5916666164260775	0.21734716666666665	5.173294301553334
0.593411945678072	0.27029936666666665	5.169791209196666
0.5951572749300664	0.2541490333333333	5.099048578050001
0.5969026041820606	0.18033029999999997	4.993773920283333
0.5986479334340549	0.18565566666666666	5.005568422573333
0.6003932626860494	0.1993063333333333	5.03864118662
0.6021385919380438	0.2197743333333333	5.080215303939999
0.603883921190038	0.2830269333333333	5.156720699763333
0.6056292504420324	0.27441896666666665	5.1236135547099995
0.6073745796940266	0.2005516	4.9926694997666665
0.609119908946021	0.18605736666666667	4.91218027505
0.6108652381980153	0.1713789	4.843481018986666
0.6126105674500095	0.16813304333333334	4.848981359103333
0.614355896702004	0.20989939999999999	4.962113307693333
0.6161012259539983	0.19756846666666666	5.01282437086
0.6178465552059926	0.1376383	4.961212951096667
0.6195918844579871	0.12852221	4.886538151626667
0.6213372137099814	0.11502000666666667	4.75937453472
0.6230825429619757	0.10649298666666665	4.694103181559999
0.62482787221397	0.12496798333333332	4.758516429663333
0.6265732014659642	0.10215309333333333	4.82374757997
0.6283185307179586	0.051890099999999995	4.834249873979999
0.630063859969953	0.04712881333333333	4.79754653588
0.6318091892219473	0.04840420333333334	4.671632556576666
0.6335545184739415	0.05697721	4.577389333786667
0.635299847725936	0.06506801333333333	4.5902281117933335
0.6370451769779303	0.04189501333333333	4.651165915859999
0.6387905062299246	0.02013950533333333	4.727859348333333
0.6405358354819191	0.03519861333333333	4.760718758656666
0.6422811647339131	0.05526580333333332	4.67433479226
0.6440264939859075	0.08323239666666665	4.568374665103333
0.6457718232379019	0.08075432333333334	4.503222661376666
0.6475171524898962	0.04873131666666667	4.495844363943333
0.6492624817418906	0.05019078333333333	4.582170690749999
0.6510078109938849	0.08320019666666667	4.673573623816666
0.6527531402458793	0.10672198666666667	4.654630482453332
0.6544984694978735	0.13790528666666665	4.582750987306666
0.6562437987498679	0.12783828666666666	4.475730149553333
0.6579891280018623	0.09175801	4.382694323146667
0.6597344572538565	0.11320557	4.407481540806668
0.6614797865058508	0.1650602333333333	4.490337313946666
0.6632251157578453	0.18581189999999997	4.51623118452
0.6649704450098396	0.2007378333333333	4.509120286013333
0.6667157742618338	0.16948006666666665	4.433989020913334
0.668461103513828	0.116027	4.315538906016666
0.6702064327658226	0.13450456666666666	4.271007671526666
0.6719517620178169	0.19653783333333333	4.283867473466666
0.6736970912698113	0.22779963333333333	4.282418342770001
0.6754424205218055	0.24208809999999997	4.292022745836666
0.6771877497737997	0.20135933333333336	4.256576362986666
0.6789330790257941	0.12997796666666667	4.17351618116
0.6806784082777885	0.12045162000000001	4.133806197729999
0.6824237375297828	0.1609158	4.133892399996666
0.6841690667817772	0.18807633333333332	4.132343614963332
0.6859143960337715	0.20532286666666666	4.152918541603333
0.6876597252857658	0.17398426666666666	4.1328997073833325
0.6894050545377601	0.11164115999999999	4.059508814586666
0.6911503837897546	0.08997275	4.0026792174
0.6928957130417489	0.10574760999999999	3.9745442709433334
0.6946410422937431	0.11565104666666666	3.96928402825
0.6963863715457373	0.12069166333333332	4.015135780276666
0.6981317007977319	0.08992566999999999	4.04599001921
0.6998770300497262	0.04451842	4.0314839353466665
0.7016223593017206	0.03300934666666666	4.000704474546667
0.7033676885537148	0.048464073333333337	3.958544897556666
0.705113017805709	0.06182219333333333	3.9245611041366666
0.7068583470577035	0.06850761999999999	3.9417883726866667
0.7086036763096978	0.040474470666666665	3.964169818783333
0.710349005561692	0.010674837999999999	3.9717792966266665
0.7120943348136863	0.01644936433333333	3.97034849085
0.7138396640656808	0.04058067666666666	3.9465901944433335
0.7155849933176751	0.06036715333333334	3.9200484697666664
0.7173303225696694	0.07040171666666666	3.9316594307266666
0.7190756518216639	0.043733596666666666	3.9445402459766665
0.7208209810736581	0.023562482699999998	3.9503610493
0.7225663103256524	0.047124556666666664	3.94936797261
0.7243116395776467	0.08535714999999999	3.919373044026667
0.726056968829641	0.10952021	3.878783818863333
0.7278022980816354	0.11788796333333332	3.875957457443333
0.7295476273336298	0.08868105	3.88911094171
0.7312929565856241	0.06557898333333333	3.913496929576667
0.7330382858376183	0.08756878666666665	3.9389712677733333
0.7347836150896128	0.12342896666666665	3.92582235301
0.7365289443416071	0.13755939333333334	3.8723211435566665
0.7382742735936013	0.1349613	3.8287186287766666
0.7400196028455955	0.10620586666666666	3.8000987033299998
0.7417649320975901	0.08937421000000001	3.8003273258666663
0.7435102613495844	0.11773418666666666	3.83039439815
0.7452555906015788	0.1593838333333333	3.8527356490899995
0.747000919853573	0.1679699633333333	3.8406686556699996
0.7487462491055674	0.14795628333333333	3.820126981323333
0.7504915783575618	0.10499712666666666	3.7935771877799995
0.752236907609556	0.07871663666666667	3.7709024060866665
0.7539822368615503	0.10288365666666667	3.760176880493333
0.7557275661135445	0.15359063333333334	3.7474094325766663
0.757472895365539	0.17540433333333333	3.7136304544833334
0.7592182246175333	0.15924467666666667	3.685135964043333
0.7609635538695276	0.11172253	3.6729698290533332
0.7627088831215221	0.069076	3.678605542223333
0.7644542123735163	0.06722924	3.69514682501
0.7661995416255106	0.10206895333333332	3.7047735085099998
0.767944870877505	0.12714137999999997	3.677156654233333
0.7696902001294994	0.12489821999999998	3.6285763669966666
0.7714355293814937	0.0941313	3.5830136000799997
0.773180858633488	0.05841991666666666	3.5588121559466668
0.7749261878854823	0.044098229999999995	3.5625235506899995
0.7766715171374765	0.057299719999999985	3.588175096696667
0.778416846389471	0.06800541333333333	3.597939511436666
0.7801621756414653	0.06414799333333333	3.5830060942933333
0.7819075048934595	0.04342414333333333	3.54958371785
0.7836528341454538	0.023909376666666666	3.514364393116667
0.7853981633974483	0.022947156666666666	3.4975001611099996
0.7871434926494427	0.03995148333333333	3.510891483783333
0.7888888219014369	0.04807404533333333	3.5258933753166666
0.7906341511534312	0.043883028666666664	3.5303923696066666
0.7923794804054256	0.028008206666666664	3.515834153206667
0.7941248096574199	0.018501873333333335	3.48595250603
0.7958701389094142	0.03426024	3.4662787430966664
0.7976154681614087	0.06517577666666666	3.477158182066667
0.7993607974134027	0.07429750666666665	3.4922514952966663
0.8011061266653973	0.06602356	3.5044360710799998
0.8028514559173916	0.047967383333333335	3.4974547665799998
0.8045967851693858	0.03517838333333333	3.4526404789266665
0.8063421144213804	0.05354244666666667	3.395704359533333
0.8080874436733746	0.09580648333333333	3.36791032218
0.8098327729253688	0.11373264333333333	3.36181361688
0.8115781021773631	0.11160053666666665	3.39165002663
0.8133234314293576	0.09980177333333332	3.4449008810233335
0.815068760681352	0.07950320999999999	3.4641127887566663
0.8168140899333463	0.07534154666666666	3.4334245548766664
0.8185594191853405	0.09616624333333335	3.3814259503399997
0.8203047484373349	0.09956377999999999	3.3066842720233334
0.8220500776893291	0.09336728	3.25290349865
0.8237954069413235	0.0935239	3.252647653466666
0.8255407361933177	0.08767053333333333	3.26852656446
0.827286065445312	0.08586835333333333	3.2766805880666667
0.8290313946973066	0.10058759666666667	3.287848302273333
0.8307767239493009	0.09258325	3.2724245103999996
0.8325220532012951	0.07115117	3.2493373000233334
0.8342673824532894	0.06245736	3.2490452901566664
0.8360127117052839	0.05617348666666666	3.242248979536666
0.8377580409572781	0.05680692333333333	3.2144912950533326
0.8395033702092725	0.07810965	3.1889159100766666
0.8412486994612667	0.07899111333333332	3.1437183911733335
0.8429940287132611	0.06123163333333333	3.1023463516533334
0.8447393579652556	0.052026606666666655	3.1046450786333333
0.8464846872172498	0.04284368666666666	3.1248165076533336
0.8482300164692442	0.03717576	3.1417818943299993
0.8499753457212386	0.055638106666666666	3.1677521538833333
0.8517206749732327	0.06267190666666667	3.1625727889566666
0.853466004225227	0.053855143333333334	3.129943622413333
0.8552113334772216	0.05170949666666667	3.1068956357766666
0.8569566627292158	0.04603226999999999	3.0792563224933334
0.8587019919812102	0.03637085666666666	3.0444511902733327
0.8604473212332044	0.04627061333333333	3.03904832858
0.8621926504851987	0.04900707	3.0382924417733332
0.8639379797371932	0.04102669333333333	3.0389481577933335
0.8656833089891874	0.04251600666666667	3.061355894566667
0.8674286382411818	0.043855679999999994	3.074524001993333
0.869173967493176	0.04143358666666666	3.05982946607
0.8709192967451702	0.052688476666666664	3.04689841324
0.8726646259971648	0.05095822	3.017650834056667
0.8744099552491591	0.036598219999999994	2.98136940737
0.8761552845011533	0.03274086666666667	2.973044438613333
0.8779006137531478	0.0328488	2.974590791333333
0.8796459430051421	0.03651719	2.9721021544133337
0.8813912722571363	0.057988819999999996	2.98803824693
0.8831366015091309	0.06310961999999999	2.98921586067
0.8848819307611251	0.05102504	2.97223819222
0.8866272600131193	0.04761414666666667	2.96747010643
0.8883725892651138	0.04294894666666667	2.9548514677299993
0.890117918517108	0.03788070333333333	2.9267012680366666
0.8918632477691024	0.057164893333333335	2.92269438656
0.8936085770210968	0.06849165666666665	2.9194441998233334
0.895353906273091	0.06538415333333333	2.9113666859999996
0.8970992355250853	0.07387961666666666	2.9281581134166665
0.8988445647770799	0.07630935999999999	2.9412875395799998
0.9005898940290741	0.06237556333333333	2.9284848364666667
0.9023352232810684	0.06689441666666666	2.9316970173699994
0.9040805525330626	0.07043332666666666	2.93297128819
0.9058258817850569	0.06078371	2.91577991064
0.9075712110370514	0.06446426666666666	2.908635213526666
0.9093165402890456	0.07057063999999999	2.896234477163333
0.91106186954104	0.060901	2.863055107453333
0.9128071987930344	0.06629348999999998	2.8630416499599995
0.9145525280450286	0.07372788333333333	2.893938835283333
0.9162978572970231	0.06285292666666667	2.927308925463333
0.9180431865490173	0.05343182666666666	2.96581430182
0.9197885158010117	0.04775301333333333	2.97909596615
0.921533845053006	0.034524529	2.937145005866667
0.9232791743050003	0.039002488999999994	2.8888423938266667
0.9250245035569945	0.04988478999999999	2.856065748523333
0.9267698328089891	0.046693946666666666	2.842513894163333
0.9285151620609834	0.04185863266666667	2.87056723333
0.9302604913129776	0.03747174166666666	2.9149019723366667
0.9320058205649719	0.026075563666666666	2.9281486445399993
0.9337511498169662	0.031621720666666665	2.9269768154933336
0.9354964790689607	0.04319219333333333	2.91109728995
0.9372418083209549	0.043869109999999996	2.8815558099899996
0.9389871375729492	0.04659765666666666	2.8756009366999997
0.9407324668249435	0.047848123333333326	2.88715284189
0.9424777960769379	0.03541796333333333	2.878038440376667
0.9442231253289324	0.03800107	2.8675389960599995
0.9459684545809266	0.05035999	2.85188042182
0.9477137838329208	0.05249269666666667	2.8193943172366667
0.9494591130849153	0.05762182333333333	2.8070526253266666
0.9512044423369096	0.06453861999999999	2.8228768379366667
0.9529497715889038	0.05451433333333333	2.8311706639733334
0.9546951008408984	0.055641073333333325	2.845937751153333
0.9564404300928926	0.06970696333333333	2.8568497101699997
0.9581857593448869	0.06940169666666665	2.829092638073334
0.9599310885968813	0.06209731333333333	2.78605707901
0.9616764178488755	0.05872108999999999	2.7579667690133336
0.96342174710087	0.045166606666666664	2.7340596989099994
0.9651670763528643	0.04425997666666666	2.739144051843333
0.9669124056048585	0.06209532666666667	2.771589538633333
0.9686577348568528	0.06932313333333333	2.7834398891333336
0.9704030641088474	0.06273159	2.76782654201
0.9721483933608416	0.05604385333333334	2.7456575350833328
0.9738937226128359	0.03970558	2.71139601989
0.9756390518648301	0.03191519999999999	2.6941931459
0.9773843811168246	0.04322204999999999	2.7092722768999993
0.9791297103688189	0.051169223333333326	2.721212279613333
0.9808750396208131	0.049116019999999996	2.713535962683333
0.9826203688728073	0.04889121333333333	2.6968932438099995
0.9843656981248019	0.03982375666666667	2.6616139895433335
0.9861110273767961	0.03444046333333333	2.6335709090599995
0.9878563566287906	0.04500540666666667	2.6387188227933334
0.9896016858807848	0.05201026666666667	2.6543010321266665
0.991347015132779	0.04604377999999999	2.659536820503333
0.9930923443847736	0.043256343333333336	2.6568631022
0.9948376736367678	0.03733094666666666	2.6283073733299998
0.9965830028887621	0.03411243333333333	2.5883582084666665
0.9983283321407567	0.04533719	2.5695864300433335
1.0000736613927508	0.054998806666666664	2.5694189863566663
1.0018189906447452	0.04791973333333333	2.5758242077966664
1.0035643198967397	0.04105578333333333	2.592267793893333
1.0053096491487339	0.035462129999999994	2.59427312701
1.007054978400728	0.030507617	2.5730550522433333
1.0088003076527223	0.03413619666666666	2.5473262587433334
1.0105456369047165	0.04110564666666666	2.5261897001299998
1.0122909661567112	0.03756462333333333	2.512621756253333
1.0140362954087054	0.03277411033333333	2.5204366068799997
1.0157816246606999	0.029340206666666663	2.5331882503
1.017526953912694	0.026216904000000003	2.5344908878966663
1.0192722831646883	0.02647399133333333	2.5268504992866667
1.0210176124166828	0.030329005	2.5137344812899998
1.022762941668677	0.029747212999999998	2.50010527246
1.0245082709206712	0.027778019	2.503148139426666
1.0262536001726654	0.023839823333333333	2.5130048525233333
1.02799892942466	0.022234549999999995	2.516713735033333
1.0297442586766543	0.026972996666666665	2.513184573923333
1.0314895879286488	0.03364822666666667	2.49936286291
1.0332349171806432	0.03380742666666667	2.4785421724399996
1.0349802464326374	0.03284130466666667	2.47650743651
1.0367255756846316	0.029553153333333332	2.4926539673366666
1.0384709049366259	0.028501556666666667	2.511619776103333
1.0402162341886205	0.03749241666666667	2.52492039119
1.041961563440615	0.04984312666666666	2.52005120408
1.043706892692609	0.05080652333333333	2.4894595271066664
1.0454522219446034	0.04853117	2.46386302684
1.0471975511965979	0.04564376666666667	2.46166582852
1.048942880448592	0.04076104333333333	2.4750041904633333
1.0506882097005863	0.04245347333333333	2.4950887091499996
1.0524335389525805	0.05366811666666667	2.5099279810999997
1.0541788682045747	0.05877290333333333	2.497863213973333
1.0559241974565694	0.06055532333333333	2.47149522653
1.0576695267085636	0.06261139333333333	2.4530008953033335
1.059414855960558	0.05759548333333332	2.4461786637666663
1.0611601852125523	0.04861753666666666	2.4500422370166666
1.0629055144645467	0.04958488666666667	2.4647005545366665
1.064650843716541	0.052652559999999994	2.467899249203333
1.0663961729685352	0.054719813333333325	2.450739768063333
1.0681415022205298	0.05906599333333333	2.42489105188
1.069886831472524	0.059016606666666666	2.4024797646366665
1.0716321607245185	0.050361859999999994	2.392082583313333
1.0733774899765127	0.047909423333333326	2.40589287426
1.0751228192285072	0.05009515333333334	2.4289116412866663
1.0768681484805014	0.049917899999999994	2.4368868431233333
1.0786134777324956	0.050080936666666666	2.4204483143866664
1.0803588069844898	0.05026957333333333	2.3850376327799996
1.082104136236484	0.04383163999999999	2.342504821823333
1.0838494654884787	0.042416626666666665	2.320566298006667
1.085594794740473	0.04812611	2.3291756301466666
1.0873401239924672	0.05003231	2.3533768555766668
1.0890854532444616	0.0463412	2.3728850278866664
1.0908307824964558	0.04302159666666666	2.3756325548266664
1.0925761117484503	0.03518781333333333	2.352563947313333
1.0943214410004445	0.030711226666666668	2.3198002833066664
1.0960667702524387	0.036022687666666664	2.2995266324566668
1.0978120995044334	0.041000488	2.2962201570366667
1.0995574287564276	0.03799208666666666	2.3019025502133332
1.101302758008422	0.03595546066666667	2.312224452073333
1.1030480872604165	0.03228990866666666	2.31129103451
1.1047934165124107	0.026708232999999998	2.29464016361
1.106538745764405	0.025750336333333332	2.276642813973333
1.1082840750163991	0.026472308666666666	2.2685673504299997
1.1100294042683934	0.020353856666666663	2.2688452938066668
1.111774733520388	0.017666874333333332	2.2821357039
1.1135200627723822	0.020851713333333334	2.2962988141366667
1.1152653920243765	0.023052006666666666	2.2912359878866666
1.117010721276371	0.024656184	2.2679413067233334
1.1187560505283651	0.027419124999999996	2.2430483944166664
1.1205013797803596	0.022274534399999997	2.2234802350366665
1.1222467090323538	0.015557422699999999	2.2232515440433334
1.123992038284348	0.015277473666666666	2.242837259213333
1.1257373675363422	0.01763302233333333	2.2582816951133333
1.127482696788337	0.020701838666666666	2.25361305213
1.1292280260403311	0.02947897433333333	2.2377639103633333
1.1309733552923256	0.03416265833333333	2.215068696606666
1.13271868454432	0.03208346499999999	2.19919724987
1.1344640137963142	0.030225746666666668	2.204090057146667
1.1362093430483085	0.02924648333333333	2.2178092796599995
1.1379546723003031	0.028326208666666665	2.220218736793333
1.139700001552297	0.036882476666666664	2.21365316302
1.1414453308042918	0.048197636999999995	2.1963761703999998
1.143190660056286	0.05295327533333333	2.1739045827199996
1.14493598930828	0.053762036666666665	2.1662202475433334
1.1466813185602747	0.05206909333333333	2.1764014437899997
1.1484266478122689	0.046006946666666666	2.187347780203333
1.150171977064263	0.048875603	2.1972166181599997
1.1519173063162573	0.060512875	2.1967982829466663
1.1536626355682515	0.06840323633333333	2.1758867116733334
1.1554079648202462	0.071213	2.1504928956
1.1571532940722404	0.07152727999999998	2.1397297156966664
1.1588986233242349	0.06441551333333334	2.140061084953333
1.160643952576229	0.06248057	2.15571191955
1.1623892818282235	0.07185283	2.1785963662
1.1641346110802178	0.07882267999999999	2.1822367781166663
1.165879940332212	0.07822688	2.163617101143333
1.1676252695842066	0.07689397333333334	2.1430658933399998
1.1693705988362009	0.06957291466666667	2.1258989899666663
1.171115928088195	0.06419031333333333	2.12463441719
1.1728612573401895	0.07134737	2.1452349081766666
1.1746065865921838	0.07954431666666666	2.1633453726166665
1.1763519158441782	0.07874625333333332	2.16117528815
1.1780972450961724	0.07741287666666666	2.149852666433333
1.1798425743481666	0.07077378666666667	2.1314294103599996
1.1815879036001609	0.05956308666666667	2.116068295343333
1.183333232852155	0.056941053333333325	2.1216893045800003
1.18507856210415	0.05996802333333333	2.1384030277633332
1.186823891356144	0.058406219999999995	2.1460865271066667
1.1885692206081382	0.0608455	2.148322588723333
1.1903145498601329	0.06296801999999999	2.139607296963333
1.192059879112127	0.05558420666666667	2.1186896604466665
1.1938052083641213	0.046836993333333334	2.10618425419
1.1955505376161155	0.04115836666666667	2.10886219643
1.1972958668681097	0.03183759666666667	2.1144513074833333
1.1990411961201044	0.028564676666666667	2.126540926173333
1.2007865253720988	0.03223143	2.1355374000366667
1.2025318546240933	0.031313836666666664	2.12440176987
1.2042771838760875	0.027548875333333334	2.10393810246
1.2060225131280817	0.026170955666666666	2.089929965823333
1.207767842380076	0.0200268673	2.0801558235933335
1.2095131716320702	0.014828111906666667	2.08466236555
1.2112585008840648	0.014053748999999999	2.0999616028099997
1.213003830136059	0.010635309333333332	2.1014445657766663
1.2147491593880533	0.007072810566666667	2.0865211766166665
1.2164944886400477	0.0092771417	2.0700206130399996
1.218239817892042	0.009441887999999999	2.0530155774433334
1.2199851471440364	0.010909365433333333	2.04962551524
1.2217304763960306	0.016030513533333332	2.06640811818
1.2234758056480248	0.0157043538	2.0789495790433334
1.225221134900019	0.012285579333333333	2.0731284685599998
1.2269664641520137	0.014644010333333332	2.05771393686
1.228711793404008	0.015147752666666667	2.0309410148666664
1.2304571226560024	0.018720423	2.0084368998199995
1.2322024519079966	0.03153383	2.0125666473333332
1.233947781159991	0.037969666666666665	2.02986359207
1.2356931104119853	0.03410193	2.041338483703333
1.23743843966398	0.03652754	2.050387663306666
1.2391837689159741	0.03969856333333333	2.04306565043
1.240929098167968	0.04191954333333334	2.0162467318433333
1.2426744274199628	0.054347923333333326	1.99682484402
1.244419756671957	0.06300169	1.99073141316
1.2461650859239515	0.05507488333333333	1.98846602294
1.2479104151759457	0.05481101666666666	2.0047281763866667
1.24965574442794	0.06548351999999999	2.0277428804233333
1.2514010736799341	0.07017856333333333	2.0260204995066666
1.2531464029319284	0.07608237999999998	2.0076704077866667
1.254891732183923	0.08358740666666666	1.9904295648633332
1.2566370614359172	0.07463267333333333	1.9718823937333332
1.2583823906879115	0.06635411666666667	1.9739940494400001
1.260127719939906	0.07360779666666667	2.00365748139
1.2618730491919004	0.07519374000000001	2.0212379577666666
1.2636183784438946	0.06955602666666666	2.0112632605666665
1.2653637076958888	0.07563459666666666	1.99482409226
1.267109036947883	0.07976643333333333	1.9723668109666666
1.2688543661998777	0.07553439666666667	1.9561890750633335
1.270599695451872	0.07682007666666665	1.9704948701399998
1.2723450247038663	0.07331162666666666	1.9960864479866667
1.2740903539558606	0.05642105333333333	2.0052246439099997
1.2758356832078548	0.05128856333333333	2.0079821272466667
1.2775810124598492	0.05856678666666666	1.9998288518633331
1.2793263417118435	0.05796151333333333	1.9719899194166666
1.2810716709638381	0.05466037666666666	1.9512718880733335
1.282817000215832	0.054116563333333326	1.9543109114999997
1.2845623294678261	0.04517115333333333	1.9667180476366668
1.286307658719821	0.03925598333333333	1.9891456595866668
1.288052987971815	0.04432899666666666	2.0111822533
1.2897983172238097	0.042840326666666664	2.002781377633333
1.2915436464758039	0.03256381	1.9696216751766666
1.293288975727798	0.02854022333333333	1.94325667764
1.2950343049797923	0.025580934333333333	1.93142651253
1.296779634231787	0.021865202333333333	1.94123427686
1.2985249634837812	0.024753799666666663	1.9729107372366663
1.3002702927357757	0.02637337333333333	1.9957636798766665
1.3020156219877699	0.020032295	1.9895302775266663
1.3037609512397643	0.01726155	1.96861140676
1.3055062804917585	0.017447017333333332	1.9417156981766666
1.3072516097437528	0.014953209666666668	1.9202083209533332
1.308996938995747	0.014746669333333332	1.92341046285
1.3107422682477412	0.01613709	1.9445154948399996
1.3124875974997359	0.012728462999999997	1.961131276773333
1.31423292675173	0.010760111333333332	1.9695078221333333
1.3159782560037245	0.01092278833333333	1.9626011426633332
1.3177235852557188	0.009072652666666667	1.9369291460066667
1.319468914507713	0.009363957999999999	1.9132705798833332
1.3212142437597074	0.012474822333333333	1.9076054537033331
1.3229595730117016	0.012062833333333332	1.91505186589
1.3247049022636959	0.013259480666666665	1.9354775281999999
1.3264502315156905	0.016955560999999997	1.9570263774233334
1.3281955607676847	0.01702995933333333	1.9568454558266666
1.3299408900196792	0.016799073666666667	1.9367868673066664
1.3316862192716734	0.018950274333333333	1.9147335216566665
1.3334315485236676	0.016425166666666664	1.89737804299
1.3351768777756619	0.015155013333333332	1.8976688102766668
1.336922207027656	0.01998206333333333	1.91950848835
1.338667536279651	0.021855186666666665	1.9400367531533331
1.3404128655316452	0.02160818433333333	1.94410519267
1.3421581947836396	0.028361683333333332	1.9378991579433331
1.3439035240356338	0.03448789333333333	1.9207623101633333
1.345648853287628	0.03726587	1.90105041265
1.3473941825396225	0.04188186333333333	1.8968996015266666
1.3491395117916167	0.040269476666666665	1.9045763047000002
1.350884841043611	0.029809033333333335	1.911405955186667
1.3526301702956052	0.027987996666666667	1.9208515736433331
1.3543754995475994	0.035987309999999995	1.9253331091199997
1.356120828799594	0.04286662	1.9140209221933333
1.3578661580515883	0.05016472333333333	1.8991977821133332
1.3596114873035827	0.05627359999999999	1.8929646565899998
1.361356816555577	0.05238026999999999	1.8913480317333333
1.3631021458075712	0.048010069999999995	1.89839306885
1.3648474750595656	0.05050009666666666	1.909851520923333
1.3665928043115598	0.05011034	1.9052598017833333
1.3683381335635545	0.04602442999999999	1.88334134303
1.3700834628155487	0.047371333333333335	1.8633946287166667
1.371828792067543	0.04886419333333332	1.85190744426
1.3735741213195374	0.04711541666666667	1.85264914156
1.3753194505715316	0.04805564666666666	1.868431676283333
1.377064779823526	0.04974179333333334	1.8833426313033332
1.3788101090755203	0.04754339	1.8806626518233334
1.3805554383275145	0.04773751666666666	1.8662734605866664
1.3823007675795091	0.04917162333333333	1.8463963626666664
1.384046096831503	0.043776459999999996	1.8244367203033334
1.3857914260834978	0.03428977999999999	1.8128483658833332
1.387536755335492	0.028641453333333334	1.817064460803333
1.3892820845874863	0.02615439333333333	1.8247464663466666
1.3910274138394805	0.027461236666666666	1.8281409568266664
1.3927727430914747	0.03262494333333333	1.8242833483166667
1.3945180723434691	0.035022689999999995	1.8098148809133332
1.3962634015954638	0.030802899999999998	1.79252447692
1.398008730847458	0.025048183333333335	1.7870922542733334
1.3997540600994525	0.019198937666666666	1.7925411757766665
1.4014993893514467	0.013593420666666665	1.799993637863333
1.4032447186034411	0.011575457666666667	1.8026774008166666
1.4049900478554354	0.012914623666666666	1.7934487026700001
1.4067353771074296	0.013572085	1.7721002124066667
1.4084807063594238	0.014939360999999998	1.7527994189899998
1.410226035611418	0.01667566033333333	1.7452976441866666
1.4119713648634127	0.016000572666666664	1.7495781251100002
1.413716694115407	0.014537845	1.763150622143333
1.4154620233674011	0.014394025999999999	1.77821557548
1.4172073526193956	0.012870381666666666	1.7828220281566667
1.4189526818713898	0.012296955	1.7768395258799998
1.420698011123384	0.014988416	1.7659093342766665
1.4224433403753782	0.017011924666666667	1.7528395501133334
1.4241886696273727	0.017711280666666666	1.74362061227
1.4259339988793673	0.021699218333333332	1.7447591090333332
1.4276793281313616	0.02604620533333333	1.7507293932666663
1.429424657383356	0.02767927333333333	1.75476788834
1.4311699866353502	0.02892771333333333	1.75567172286
1.4329153158873444	0.029077965666666664	1.75175151705
1.4346606451393389	0.026741896666666667	1.7444475403266666
1.436405974391333	0.02843931	1.7434059607666665
1.4381513036433278	0.035203109999999996	1.7505075870033333
1.439896632895322	0.04007776666666667	1.7579497312866668
1.4416419621473162	0.04171892666666667	1.7609547474866665
1.4433872913993107	0.04373924999999999	1.7585991932333331
1.4451326206513049	0.044418443333333335	1.74874526289
1.446877949903299	0.043853989999999995	1.7360391521233334
1.4486232791552933	0.04519052333333332	1.728616727473333
1.4503686084072875	0.04720814333333333	1.7283520387733333
1.452113937659282	0.04705986333333334	1.73245190649
1.4538592669112762	0.047834393333333336	1.7394282009966666
1.4556045961632709	0.05030939666666666	1.7437040085566666
1.457349925415265	0.05046690333333333	1.7388941726966665
1.4590952546672595	0.04870920666666667	1.72738089925
1.460840583919254	0.05038252333333333	1.7183336114666665
1.4625859131712482	0.053907703333333334	1.7151378155666666
1.4643312424232424	0.05457378666666666	1.7160980823433332
1.4660765716752366	0.05282185666666667	1.7184291779966667
1.4678219009272309	0.04991869333333333	1.7171495551366667
1.4695672301792255	0.04493386333333333	1.7082656852666667
1.4713125594312197	0.04253170299999999	1.697495763993333
1.4730578886832142	0.04578222999999999	1.6921964525566664
1.4748032179352084	0.04880356333333333	1.6927037309166666
1.4765485471872026	0.048128893333333325	1.6977743842366666
1.478293876439197	0.047859093333333325	1.7063995438033335
1.480039205691191	0.04667075066666666	1.7098928299599998
1.481784534943186	0.04171446133333333	1.7011192375033333
1.4835298641951802	0.037358547	1.6843605887766666
1.4852751934471744	0.03662167633333333	1.6681629640166666
1.4870205226991688	0.036730910299999996	1.6594796655033335
1.488765851951163	0.03835199896666666	1.6655396591399998
1.4905111812031575	0.04103415766666666	1.6837777239433331
1.4922565104551517	0.03960554366666666	1.7003280934833331
1.494001839707146	0.03427861933333333	1.7049620724799999
1.4957471689591406	0.031450823	1.6970780378233332
1.4974924982111348	0.031715892339999996	1.6796996712433334
1.4992378274631293	0.03231945453333333	1.6619708208666666
1.5009831567151235	0.033262057533333333	1.655379797906667
1.5027284859671177	0.0340578881	1.6624622218933331
1.504473815219112	0.032536001999999994	1.6764428321033331
1.5062191444711062	0.030129215333333334	1.68894330386
1.5079644737231006	0.029008417999999998	1.6912948714566665
1.5097098029750948	0.028528172666666664	1.6805283369100001
1.511455132227089	0.028219142000000003	1.6645111594766666
1.5132004614790837	0.029552749999999996	1.6549185755766667
1.514945790731078	0.031186587333333335	1.6573073188366667
1.5166911199830724	0.03036207033333333	1.6700821080366666
1.5184364492350666	0.027796748	1.6842851189766663
1.520181778487061	0.026257724333333333	1.6882899961433335
1.5219271077390553	0.02587616	1.67720197908
1.5236724369910495	0.026217403333333333	1.65605128664
1.5254177662430441	0.027192486666666668	1.6348452358266665
1.5271630954950384	0.027260096666666664	1.6245900345266666
1.5289084247470326	0.025170113333333334	1.6301649631866666
1.530653753999027	0.02296947333333333	1.6459431556333333
1.5323990832510213	0.022178916666666666	1.6613292451199997
1.5341444125030157	0.021757326666666667	1.6676343847666666
1.53588974175501	0.02154244	1.6600526504
1.537635071007004	0.023086116666666663	1.6423449847133331
1.5393804002589988	0.025069506666666665	1.624709771933333
1.541125729510993	0.02453019333333333	1.6141026774433334
1.5428710587629875	0.02191744	1.612909002993333
1.5446163880149817	0.019387866666666666	1.6211219093066664
1.546361717266976	0.016734134999999997	1.63111810801
1.5481070465189704	0.015339591666666666	1.6332974770999997
1.5498523757709646	0.017419860666666665	1.62709540087
1.5515977050229588	0.019597383333333333	1.6162037072766666
1.553343034274953	0.019183442666666668	1.6047513028233331
1.5550883635269477	0.020850043333333332	1.6020470624199998
1.556833692778942	0.024403330333333334	1.6110088100633333
1.5585790220309363	0.023358309666666667	1.6208907214
1.5603243512829306	0.019797128999999997	1.6246814271366665
1.5620696805349248	0.018574603666666665	1.62303181495
1.563815009786919	0.017009111	1.6132599728766668
1.5655603390389135	0.017317861666666663	1.5993159858733332
1.5673056682909077	0.02383286073333333	1.5933844161766664
1.5690509975429023	0.028183943999999995	1.59598616164
1.5707963267948966	0.026350860000000004	1.60212108975
1.5725416560468908	0.028325656999999997	1.6143882990333334
1.5742869852988854	0.033015382999999995	1.6252439344666665
1.5760323145508797	0.03133097333333333	1.6196652804566665
1.5777776438028739	0.02918846533333333	1.6029671364566664
1.579522973054868	0.031565414666666666	1.58924026608
1.5812683023068623	0.03236607933333333	1.5812379249066666
1.583013631558857	0.035449623666666666	1.58451953508
1.5847589608108512	0.044622335666666665	1.60186689894
1.5865042900628454	0.04678634666666666	1.6150864392566666
1.5882496193148399	0.04052053	1.6126123516299997
1.589994948566834	0.042011049999999994	1.6056379777333332
1.5917402778188283	0.04994498666666667	1.5967996745233333
1.5934856070708228	0.052892949999999994	1.5814120217299998
1.5952309363228174	0.055816866666666666	1.57265350287
1.5969762655748112	0.06037198	1.5784610224200002
1.5987215948268054	0.058191843333333326	1.5864962225966663
1.6004669240788003	0.056134283333333326	1.5928005444633335
1.6022122533307945	0.06173409333333333	1.5976781478666666
1.603957582582789	0.06267226666666667	1.5873534294733331
1.6057029118347832	0.05860966999999999	1.5657492683699998
1.6074482410867772	0.06650618	1.5594129046699998
1.6091935703387716	0.08070584333333333	1.5699837552933333
1.6109388995907659	0.08383014666666666	1.5791563580866665
1.6126842288427607	0.08127204333333332	1.5860036745766666
1.614429558094755	0.07871194	1.5882862685466663
1.6161748873467492	0.07070417999999999	1.5748547980766665
1.6179202165987434	0.06771597666666666	1.5576085727833333
1.6196655458507376	0.07832746333333333	1.55266092573
1.621410875102732	0.08470737333333334	1.5497947942033332
1.6231562043547263	0.08209919333333333	1.5481990729000001
1.624901533606721	0.08752619666666667	1.5632292488600001
1.6266468628587152	0.09509505999999998	1.5823208679866667
1.6283921921107094	0.08944169666666665	1.5834867500133332
1.630137521362704	0.08169655999999999	1.5750217081333333
1.6318828506146983	0.0794506	1.5653219256666668
1.6336281798666925	0.07493393333333333	1.5511820921033332
1.6353735091186867	0.07562889333333334	1.5464792560033331
1.637118838370681	0.08577698	1.55858164177
1.6388641676226756	0.08574704	1.5665341448766665
1.6406094968746698	0.07444097333333333	1.5661536468500001
1.642354826126664	0.07222515666666668	1.5732828003166666
1.6441001553786583	0.07555036	1.5800762315033332
1.6458454846306525	0.07122751666666667	1.5737283533966666
1.647590813882647	0.06745245666666666	1.566585506733333
1.6493361431346412	0.06682877666666667	1.5649219330833333
1.6510814723866354	0.060907483333333325	1.5637376965166665
1.6528268016386303	0.05679884666666666	1.57158856398
1.654572130890624	0.05966265666666666	1.5881273526766666
1.6563174601426187	0.05586052999999999	1.5913843109433334
1.6580627893946132	0.04613059	1.57950039257
1.6598081186466074	0.04554155333333333	1.5701247836499999
1.6615534478986018	0.04919946333333333	1.5638693267233332
1.663298777150596	0.04527064333333333	1.55718478488
1.6650441064025903	0.04004534333333333	1.5598927056799998
1.6667894356545845	0.03733486	1.5694884189499998
1.6685347649065787	0.0324847	1.57398638774
1.6702800941585736	0.03050018	1.5756191289566666
1.6720254234105678	0.03439412666666666	1.5756827879033333
1.673770752662562	0.03337270333333334	1.5653653629533333
1.6755160819145563	0.026900896666666667	1.5517760099699998
1.6772614111665505	0.025089284000000003	1.5491284793499998
1.679006740418545	0.02551289833333333	1.5525434877333333
1.6807520696705391	0.02186126433333333	1.5532074119633332
1.6824973989225334	0.019558708666666664	1.5535427626466665
1.684242728174528	0.020474062666666664	1.55129851455
1.6859880574265222	0.020516823666666666	1.5447676044333332
1.6877333866785167	0.021473508999999995	1.5426762358733335
1.6894787159305111	0.023906226999999995	1.5464905016866664
1.6912240451825054	0.022073277000000002	1.5471466490533334
1.6929693744344996	0.017805214666666666	1.5457242103866666
1.6947147036864938	0.01659357	1.5464650660833332
1.6964600329384885	0.017076528333333334	1.5461765243599999
1.6982053621904827	0.017452428333333332	1.5456877224766665
1.6999506914424771	0.019420823999999996	1.5492579159099997
1.7016960206944713	0.020819287666666665	1.5523856267866665
1.7034413499464653	0.020432409999999998	1.55317782614
1.7051866791984598	0.020523556666666665	1.5558136686633333
1.706932008450454	0.021063473	1.5579279453833332
1.708677337702449	0.020728555	1.5553545917433333
1.7104226669544431	0.021426180333333336	1.5527442675766665
1.7121679962064373	0.022549003666666668	1.5521144941666667
1.7139133254584316	0.02262399333333333	1.5522319138333334
1.7156586547104258	0.023372366333333332	1.5566742391566666
1.7174039839624204	0.02526282633333333	1.5650271335166668
1.7191493132144147	0.02517271733333333	1.56804095112
1.7208946424664089	0.024288170999999997	1.5642779154366666
1.722639971718403	0.025148182666666664	1.5584181484066666
1.7243853009703973	0.02642072729666667	1.5500062121833331
1.726130630222392	0.02695895823333333	1.5403437675666665
1.7278759594743864	0.028527533033333333	1.5366493537333332
1.7296212887263807	0.02931885666666667	1.5380326337099999
1.7313666179783749	0.028268070999999995	1.5399342852566669
1.733111947230369	0.028847522666666667	1.543145120273333
1.7348572764823635	0.03136484566666667	1.54429315507
1.7366026057343578	0.030671063999999998	1.5349728822966666
1.738347934986352	0.028201276	1.52039140516
1.7400932642383462	0.028345763333333333	1.5119936940999996
1.7418385934903404	0.02943095036666667	1.5110047422933333
1.7435839227423353	0.029530518999999998	1.5154516524833332
1.7453292519943295	0.031209958333333333	1.5259603892966667
1.7470745812463238	0.03210527	1.5343305320333331
1.7488199104983182	0.030162916666666668	1.5333358996366666
1.7505652397503124	0.02968098	1.5272282572733333
1.7523105690023066	0.031211840999999997	1.5186953505333334
1.7540558982543013	0.029297898999999995	1.5054366690233334
1.7558012275062955	0.02657871466666667	1.4964900561766665
1.75754655675829	0.027539336666666664	1.5014908458833331
1.7592918860102842	0.029260473333333332	1.5158069685533333
1.7610372152622784	0.029461906666666666	1.5311278980733332
1.7627825445142726	0.030105543333333335	1.5429860792266665
1.7645278737662669	0.02864288333333333	1.5428128162733332
1.7662732030182617	0.02481183333333333	1.5293318989966667
1.768018532270256	0.023337826666666665	1.5141480426099998
1.7697638615222502	0.024521693333333334	1.50580635416
1.7715091907742444	0.024524546666666664	1.50440338102
1.7732545200262386	0.024905696666666664	1.51245063771
1.7749998492782333	0.02627189333333333	1.5268244312366666
1.7767451785302275	0.026116730000000005	1.5356451294766666
1.7784905077822217	0.024547156666666667	1.53218745756
1.780235837034216	0.023408421	1.51972439294
1.7819811662862102	0.021239631666666665	1.5025096525066666
1.7837264955382048	0.01927382033333333	1.4893982048833332
1.785471824790199	0.019769435333333335	1.4898249191866668
1.7872171540421935	0.02129613533333333	1.5017168111699999
1.7889624832941877	0.021567488333333332	1.5140985458
1.790707812546182	0.021760048666666663	1.5205572540966665
1.7924531417981764	0.020865233333333334	1.5165294250066665
1.7941984710501706	0.018562974333333333	1.500924239493333
1.7959438003021653	0.017889106999999998	1.4817843066333332
1.7976891295541597	0.019549326333333332	1.469632390693333
1.7994344588061533	0.019306852333333333	1.4672081453966666
1.8011797880581482	0.017983436999999998	1.4767139059033332
1.8029251173101424	0.018270442199999997	1.4974558983300001
1.8046704465621368	0.018479578666666666	1.5185852142633334
1.806415775814131	0.017502501533333333	1.5276480358999998
1.8081611050661253	0.018351593333333333	1.5228080118033334
1.8099064343181195	0.018901545999999998	1.50559206379
1.8116517635701137	0.01754567643333333	1.482496152183333
1.8133970928221086	0.0185719481	1.4678562025499997
1.8151424220741028	0.02181944533333333	1.4700092406533334
1.816887751326097	0.020089666	1.48223790606
1.8186330805780913	0.016054432999999996	1.499014382113333
1.8203784098300855	0.01657565733333333	1.5161927608266668
1.82212373908208	0.019273700999999997	1.5227991298766668
1.8238690683340746	0.020278976999999997	1.51248034017
1.8256143975860688	0.022719163333333334	1.4947868102
1.827359726838063	0.024602928333333333	1.4791158867833334
1.8291050560900572	0.022977461666666664	1.470826284223333
1.830850385342052	0.022648580666666668	1.4761744577066667
1.8325957145940461	0.025449726666666665	1.4923722010166665
1.8343410438460404	0.023935496666666667	1.50319898904
1.8360863730980346	0.02038020633333333	1.5027884236266664
1.8378317023500288	0.02350825633333333	1.4974184878966668
1.8395770316020235	0.029770783333333332	1.4876960930866665
1.8413223608540177	0.03034893	1.4726194074599999
1.843067690106012	0.029232808333333332	1.4636011094366665
1.8448130193580063	0.03010671	1.4673519621266666
1.8465583486100006	0.029785696666666667	1.4781397254299997
1.8483036778619948	0.03009713	1.4913782822266666
1.850049007113989	0.03469948666666667	1.5038016691233334
1.8517943363659835	0.03632610333333333	1.5041256507433334
1.8535396656179781	0.03366978333333333	1.4916610924499998
1.8552849948699723	0.03570071666666667	1.4795569268000002
1.8570303241219668	0.040515983333333325	1.4719062484033334
1.858775653373961	0.03768026666666666	1.46344683553
1.8605209826259552	0.03308855333333333	1.4615891043766667
1.8622663118779497	0.03565536666666667	1.4726277828
1.8640116411299439	0.04047700333333333	1.4870749496099998
1.865756970381938	0.04288417666666666	1.4954691633000001
1.8675022996339323	0.0464056	1.4981237887166667
1.8692476288859265	0.047658933333333334	1.4917389190266666
1.8709929581379214	0.04442301	1.4776406718566666
1.8727382873899157	0.043629226666666666	1.4674873858800002
1.8744836166419099	0.04667297999999999	1.4659533901700001
1.876228945893904	0.045154943333333336	1.4649767848099997
1.8779742751458983	0.04183414666666666	1.4649964071866668
1.8797196043978928	0.045057056666666664	1.47058133198
1.881464933649887	0.05072509	1.4751330884199998
1.8832102629018816	0.05011260000000001	1.47060689063
1.8849555921538759	0.047660926666666666	1.4638573905866665
1.88670092140587	0.048469986666666666	1.46181130634
1.8884462506578648	0.04953422566666667	1.46278593811
1.890191579909859	0.04961447	1.46530405396
1.8919369091618532	0.05198675666666667	1.4699990442066666
1.8936822384138474	0.05269560666666667	1.4706985932733334
1.8954275676658416	0.05001286666666667	1.4659781934399998
1.8971728969178363	0.05020965666666666	1.4628495354266664
1.8989182261698305	0.053299983333333335	1.46212484244
1.900663555421825	0.050511766666666666	1.4562624718
1.9024088846738192	0.045682270000000004	1.44907016216
1.9041542139258134	0.04767209666666666	1.4487236998433333
1.9058995431778076	0.05234489666666667	1.4527196549966668
1.9076448724298019	0.05211902666666666	1.4556557297133335
1.9093902016817967	0.05100518333333333	1.461139879893333
1.911135530933791	0.051056936666666664	1.4686948049099997
1.9128808601857852	0.04952032666666667	1.4722927591000001
1.9146261894377794	0.047611006666666664	1.4698604006733333
1.9163715186897738	0.04813569666666667	1.4634320774033331
1.9181168479417683	0.04745418666666666	1.4523220299166666
1.9198621771937625	0.04562909333333333	1.4413853670599999
1.9216075064457567	0.046760653333333325	1.43851842753
1.923352835697751	0.04927366	1.44357692557
1.9250981649497452	0.046482033333333325	1.4484422338166667
1.92684349420174	0.04118234666666666	1.4523136077633332
1.9285888234537343	0.03998631666666667	1.4580195971533332
1.9303341527057285	0.04133936666666666	1.4626691645933332
1.9320794819577227	0.039493806666666666	1.4613743910933332
1.933824811209717	0.03746036666666666	1.4581407857733333
1.9355701404617114	0.037883813333333335	1.4564399147
1.9373154697137056	0.03761813333333333	1.4544998255866664
1.9390607989656998	0.035331329999999994	1.4516849027033332
1.9408061282176947	0.03413559333333333	1.4509895107266666
1.9425514574696887	0.03203067333333333	1.4501778496466664
1.9442967867216832	0.02889482	1.4482613601533334
1.9460421159736774	0.028770286666666665	1.4478899388633333
1.9477874452256718	0.0307869	1.4481867554166663
1.949532774477666	0.028625643333333332	1.4441377377066664
1.9512781037296603	0.02463918333333333	1.4398474530799998
1.953023432981655	0.02356166	1.4416751752699999
1.9547687622336491	0.02355276333333333	1.4479383349766668
1.9565140914856434	0.021041174333333332	1.4527849600133333
1.9582594207376378	0.019184225	1.4561907113366666
1.960004749989632	0.019686916666666665	1.4572088238333332
1.9617500792416263	0.02076268333333333	1.4533963602900002
1.9634954084936205	0.020750199999999996	1.4453718493266667
1.9652407377456147	0.020808036666666665	1.43811069355
1.9669860669976096	0.01973248	1.4334041528933332
1.9687313962496038	0.0175361	1.4330817788033334
1.970476725501598	0.016244737666666665	1.4388473593199997
1.9722220547535922	0.016645629999999998	1.4484169288566666
1.9739673840055865	0.015356136333333333	1.4545142256933332
1.9757127132575811	0.013479124333333335	1.455870603623333
1.9774580425095754	0.013871749	1.4545976386233335
1.9792033717615696	0.01510301	1.4504491639666668
1.9809487010135638	0.013584180000000001	1.4427673472166664
1.982694030265558	0.011999630666666665	1.4372889404533336
1.9844393595175527	0.012308838999999999	1.4373086055566664
1.9861846887695471	0.013326833	1.4411292967733331
1.9879300180215413	0.013727416666666667	1.4452760843099999
1.9896753472735356	0.014545397333333335	1.44764115915
1.9914206765255298	0.014630778333333332	1.4445335447866665
1.9931660057775242	0.013970089	1.4363482938566667
1.9949113350295185	0.013028960000000001	1.4265432450366666
1.9966566642815133	0.012406428999999998	1.4189607930300001
1.9984019935335076	0.011233367999999997	1.4151152607133333
2.0001473227855016	0.010467982666666667	1.4173987505133332
2.0018926520374962	0.010520072666666666	1.4250545204099998
2.0036379812894904	0.011441324666666664	1.4347170384633332
2.0053833105414847	0.011602123666666667	1.4414076942233331
2.0071286397934793	0.011665011999999999	1.44327641834
2.0088739690454736	0.012625360333333332	1.43991639896
2.0106192982974678	0.014481542666666666	1.4332511746666665
2.012364627549462	0.014904795666666667	1.4253255080766665
2.014109956801456	0.014786010999999998	1.4205008827533332
2.0158552860534504	0.015456458333333332	1.4217842596966666
2.0176006153054447	0.01635596433333333	1.4290063864166664
2.019345944557439	0.014932401	1.4372083344500002
2.021091273809433	0.012902911333333333	1.4435536061233334
2.022836603061428	0.012306482666666667	1.4464997849066663
2.0245819323134224	0.012808812333333332	1.4447221726466666
2.0263272615654166	0.012509688333333333	1.43735346367
2.028072590817411	0.013180165333333334	1.4292847946633334
2.029817920069405	0.014859309000000001	1.42440250916
2.0315632493213998	0.016381318	1.42347274518
2.033308578573394	0.017696089666666664	1.4258968754799999
2.035053907825388	0.01975505	1.43175165718
2.036799237077383	0.019475504666666664	1.4367929366399999
2.0385445663293766	0.017582635	1.4395180069799998
2.0402898955813713	0.017783973999999998	1.44183058334
2.0420352248333655	0.019348322666666667	1.4431300223533334
2.0437805540853597	0.017157684	1.4388570364866666
2.045525883337354	0.014147540666666666	1.4326743886133333
2.047271212589348	0.014765673333333333	1.430626665873333
2.0490165418413424	0.01693228633333333	1.4319339228633332
2.0507618710933366	0.016521741	1.4323970849633334
2.052507200345331	0.016715529333333333	1.43515689533
2.054252529597326	0.019062228	1.4415291008966666
2.05599785884932	0.0211609	1.4479538137533332
2.0577431881013144	0.021619626666666662	1.4521448370133332
2.0594885173533086	0.022273722333333332	1.4561496940933332
2.0612338466053033	0.02089973033333333	1.4575287426933334
2.0629791758572975	0.017803311333333335	1.455785059723333
2.0647245051092917	0.01708134733333333	1.4543111858266666
2.0664698343612864	0.01876435333333333	1.4526603636533333
2.0682151636132806	0.016843926666666665	1.4448527425600002
2.069960492865275	0.014087953333333333	1.4353209812766665
2.071705822117269	0.01586228	1.4318536435166664
2.0734511513692633	0.018816336666666666	1.4324207225233334
2.0751964806212575	0.01724479333333333	1.43097140202
2.0769418098732517	0.015585613333333333	1.4309156979599997
2.078687139125246	0.016467885333333335	1.4332479181799997
2.080432468377241	0.017164824666666665	1.4339375469566664
2.0821777976292353	0.016499102666666664	1.4324926654899999
2.08392312688123	0.016608336666666668	1.433169298463333
2.0856684561332237	0.015333769999999998	1.43485588997
2.087413785385218	0.012900910000000002	1.4380095093999998
2.0891591146372126	0.012072786333333335	1.4446140531699998
2.090904443889207	0.012820921999999998	1.45113132962
2.0926497731412015	0.011163479999999998	1.4496055219466666
2.0943951023931957	0.009500971999999998	1.4427463634333333
2.0961404316451895	0.011401061666666665	1.4370056635866666
2.097885760897184	0.014583156666666666	1.43232317964
2.0996310901491784	0.014008446666666667	1.4260139565399998
2.1013764194011726	0.012511973333333332	1.423005060203333
2.103121748653167	0.012445763333333333	1.4248108383066667
2.104867077905161	0.011856321666666666	1.4276942354
2.1066124071571553	0.009871036666666666	1.4299732810133332
2.1083577364091495	0.009726661333333332	1.43293889455
2.1101030656611446	0.009846725	1.4320207120833333
2.111848394913139	0.009863864333333333	1.4266938216466667
2.113593724165133	0.011975523333333335	1.42108557098
2.1153390534171272	0.014868179999999998	1.4148926498599999
2.1170843826691215	0.013533781333333331	1.4046877729766667
2.118829711921116	0.011012721999999999	1.39777576036
2.1205750411731104	0.010657030333333333	1.3999711406533333
2.1223203704251046	0.010749625666666667	1.4066534922933331
2.124065699677099	0.009533815666666667	1.4113063055099997
2.1258110289290935	0.009789452666666667	1.41386654044
2.1275563581810877	0.010482247666666666	1.41172035421
2.129301687433082	0.010710807	1.4053781605
2.131047016685076	0.011430745333333332	1.4008658055666665
2.1327923459370703	0.012909509	1.4015339037366665
2.1345376751890646	0.012101996999999998	1.4026963895266666
2.1362830044410597	0.010924585666666667	1.4050670708966666
2.138028333693054	0.012184180333333332	1.4108154465766667
2.139773662945048	0.014540731666666667	1.4151168644466665
2.141518992197043	0.014083737666666665	1.41173635886
2.143264321449037	0.01327494933333333	1.4060484066033334
2.1450096507010312	0.013759302333333334	1.4021713477866666
2.1467549799530254	0.013708323999999997	1.3971757050599998
2.1485003092050197	0.012223644333333332	1.38980282638
2.1502456384570143	0.012276422666666665	1.3847596808999998
2.1519909677090086	0.012229596333333332	1.3813032601466668
2.1537362969610028	0.012159464999999998	1.3804295472766666
2.155481626212997	0.015023040333333331	1.3861613277633333
2.157226955464991	0.019363027666666664	1.394785953253333
2.1589722847169854	0.018846593	1.3953595408233332
2.1607176139689797	0.016608318	1.39068544679
2.162462943220974	0.01698987233333333	1.388578573706667
2.164208272472968	0.017221666666666666	1.3875888569866668
2.1659536017249623	0.014407783666666668	1.3847769852066665
2.1676989309769574	0.013056022333333334	1.3870391551033334
2.1694442602289516	0.013413513999999998	1.3949453042366664
2.171189589480946	0.013756145666666665	1.4025206881266667
2.17293491873294	0.014958466666666665	1.4081047893599998
2.1746802479849343	0.017524146666666664	1.4136604226599998
2.176425577236929	0.017040883333333333	1.41504206204
2.178170906488923	0.015287836666666665	1.4134013336266666
2.179916235740918	0.016631903333333333	1.4135331840766665
2.1816615649929116	0.019175606666666664	1.4121569778366665
2.183406894244906	0.017290157	1.4016238636166665
2.1851522234969005	0.015187731333333333	1.3896768901933332
2.1868975527488947	0.017053576666666667	1.3863721336299997
2.188642882000889	0.019187693333333332	1.3886530235666665
2.190388211252883	0.017771176666666666	1.3899991536466667
2.1921335405048774	0.01722114	1.3941535869700001
2.1938788697568716	0.017617326666666662	1.3998946574
2.1956241990088667	0.017301123333333335	1.4019330283599998
2.197369528260861	0.018830876666666666	1.4017874293766666
2.199114857512855	0.022819983333333335	1.4031449870433335
2.20086018676485	0.022370623333333332	1.4007834692166665
2.202605516016844	0.02004865	1.3967437620799998
2.2043508452688383	0.022582426666666662	1.3981820990033333
2.206096174520833	0.025743076666666663	1.4011667651566668
2.207841503772827	0.02183532333333333	1.3970238618199997
2.2095868330248214	0.017923603	1.3943456752933332
2.2113321622768156	0.019708337	1.4009827037633331
2.21307749152881	0.022234709999999998	1.4088721226033334
2.214822820780804	0.02197105333333333	1.4093572695366667
2.2165681500327983	0.023661199999999997	1.4074124572499997
2.2183134792847925	0.026114373333333333	1.4045507009999998
2.2200588085367867	0.027253693333333332	1.39954838363
2.221804137788781	0.02976741	1.3968970379566668
2.223549467040776	0.0338243	1.400070942533333
2.2252947962927703	0.03242685666666667	1.4014847746466668
2.2270401255447645	0.02907289333333333	1.4005661330966666
2.2287854547967587	0.031954916666666666	1.40278972426
2.230530784048753	0.036644753333333335	1.4029698721766666
2.2322761133007476	0.03320554666666667	1.3912020317133333
2.234021442552742	0.02939835333333333	1.3780860527899998
2.235766771804736	0.033950796666666665	1.3761575038133333
2.2375121010567303	0.03968937333333333	1.3783311518799999
2.239257430308725	0.03881519666666667	1.37468645394
2.241002759560719	0.039104226666666665	1.3737112394233333
2.2427480888127134	0.04361614333333333	1.3796794254166667
2.2444934180647076	0.04675388666666667	1.38521938138
2.246238747316702	0.0476525	1.3874962285566668
2.247984076568696	0.04997586	1.3902827170233334
2.2497294058206903	0.04917824333333333	1.3881695613899998
2.2514747350726845	0.04619843666666666	1.3807434226499997
2.2532200643246787	0.04858171	1.3770556326266665
2.254965393576674	0.05355661333333332	1.37775752155
2.256710722828668	0.050014103333333323	1.3737930586
2.2584560520806622	0.045199923333333336	1.3732615570399997
2.260201381332657	0.050412476666666664	1.3862742929066667
2.261946710584651	0.0571572	1.39947205486
2.2636920398366454	0.05329932999999999	1.39534653319
2.26543736908864	0.049609513333333334	1.3843504680199996
2.2671826983406342	0.05510373666666666	1.3788630644666666
2.2689280275926285	0.06046148333333332	1.3725938422266666
2.2706733568446227	0.05849305	1.3612175706533334
2.272418686096617	0.05757479333333333	1.3561190089933333
2.274164015348611	0.05934525666666666	1.358533876833333
2.2759093446006062	0.05906417	1.36048113992
2.2776546738525996	0.05819582666666666	1.3612964636466667
2.279400003104594	0.05967139666666667	1.3630170165233333
2.281145332356588	0.057366600000000004	1.3583308355266666
2.2828906616085836	0.053879899999999994	1.3503510224233333
2.284635990860578	0.05819569	1.3495851249433333
2.286381320112572	0.06518013333333333	1.3509082119199998
2.288126649364566	0.06167765333333332	1.3415293557466665
2.28987197861656	0.05644567	1.3336209274799997
2.291617307868555	0.06139915666666666	1.3419161321333333
2.2933626371205493	0.06636156	1.3550619566933335
2.2951079663725436	0.05981371	1.3579742537266668
2.2968532956245378	0.054449113333333334	1.36001778427
2.2985986248765315	0.058450260000000004	1.36621420151
2.300343954128526	0.0623271	1.365371822463333
2.3020892833805204	0.060649996666666664	1.3541087571466666
2.3038346126325147	0.06030666	1.3442061250033333
2.305579941884509	0.06034354	1.3382543399166666
2.307325271136503	0.057716949999999996	1.3345496646633332
2.309070600388498	0.05522812666666667	1.3355077660233334
2.3108159296404924	0.05432589333333333	1.3392897693366665
2.3125612588924866	0.049708496666666664	1.3362085691166663
2.314306588144481	0.04513276	1.3298046633733334
2.316051917396475	0.04738751333333333	1.3290020769700002
2.3177972466484698	0.05173361333333333	1.3289172683866666
2.319542575900464	0.048219273333333326	1.3194227460133334
2.321287905152458	0.043950443333333325	1.3102803415133333
2.3230332344044524	0.047584039999999994	1.3116654076499998
2.324778563656447	0.05123018666666666	1.3149139403999999
2.3265238929084413	0.04570042666666666	1.3108313907466667
2.3282692221604355	0.04132982333333333	1.3103996278899999
2.3300145514124297	0.044938769999999996	1.3193483390066665
2.331759880664424	0.04901093666666667	1.32855293167
2.333505209916418	0.048825070000000005	1.3324371622833333
2.3352505391684133	0.05019136666666666	1.3363603170166667
2.3369958684204075	0.05189218666666666	1.3390592261799998
2.3387411976724017	0.05061507	1.3389026575366665
2.340486526924396	0.04778643666666666	1.33918026735
2.34223185617639	0.045203129999999994	1.3406047091433333
2.343977185428385	0.039959963333333334	1.3371584586166665
2.345722514680379	0.03561726333333333	1.3318636775533332
2.3474678439323733	0.036620556666666665	1.3301679382666665
2.3492131731843675	0.039896506666666665	1.3285761011566666
2.3509585024363617	0.03847324666666667	1.3209850415333333
2.3527038316883564	0.03671193	1.3158183451899998
2.3544491609403506	0.03979407333333333	1.3200566711633333
2.356194490192345	0.042478253333333334	1.3262308632499997
2.357939819444339	0.037924106666666665	1.3252581024766665
2.3596851486963333	0.03370936	1.3237999296099998
2.3614304779483275	0.03506508	1.3262644979533333
2.3631758072003217	0.03656521333333333	1.3279186355766666
2.364921136452316	0.034573389999999996	1.3268171342333333
2.36666646570431	0.034538056666666664	1.3286948535833334
2.3684117949563044	0.035696439999999996	1.3316820775233331
2.3701571242083	0.035204856666666666	1.3327927805266666
2.371902453460294	0.033835503333333336	1.3333196265266665
2.373647782712288	0.032710029999999994	1.33402185594
2.375393111964282	0.028968423333333333	1.3312537851566666
2.3771384412162764	0.02587826333333333	1.3290363106
2.3788837704682715	0.02677959666666667	1.3309701904999998
2.3806290997202657	0.02920709666666666	1.3323713259899999
2.38237442897226	0.028327443333333334	1.3272115166399998
2.384119758224254	0.02747944	1.3219347884233335
2.3858650874762484	0.02895962	1.3220835527533334
2.3876104167282426	0.02943208	1.3245464133099998
2.389355745980237	0.025322576666666666	1.3245274679366665
2.391101075232231	0.02160297	1.3251926836133334
2.3928464044842253	0.020553176666666666	1.3258649926833332
2.3945917337362195	0.019978753333333335	1.32283868781
2.3963370629882146	0.01871159533333333	1.3165849859966667
2.398082392240209	0.019483051666666668	1.3132192135733334
2.3998277214922035	0.020406127999999996	1.31350470836
2.4015730507441977	0.020823817	1.317827191343333
2.403318379996192	0.02129044	1.3256748649833332
2.4050637092481866	0.021332988	1.3337650245200001
2.406809038500181	0.018721760666666667	1.3369582665633335
2.408554367752175	0.016536715666666667	1.3379816492966665
2.4102996970041692	0.016247247333333333	1.3392725999799997
2.4120450262561635	0.01684596533333333	1.3391605841533334
2.4137903555081577	0.016422249333333333	1.33447576902
2.415535684760152	0.016685099	1.3280398312866666
2.417281014012146	0.017479071333333332	1.3214187361633334
2.4190263432641403	0.01784986133333333	1.3147122195799998
2.4207716725161346	0.016072890333333333	1.30818145204
2.4225170017681297	0.014213627333333333	1.3063956763333333
2.424262331020124	0.012787143	1.3096721115299998
2.426007660272118	0.011711213333333333	1.3150874445366667
2.4277529895241123	0.010727556333333332	1.3192719441266667
2.4294983187761066	0.011401247	1.32255933639
2.4312436480281012	0.011978075666666666	1.3237830167966664
2.4329889772800954	0.012733330333333334	1.3247268929833331
2.4347343065320897	0.013915868666666668	1.3271815348266665
2.436479635784084	0.014609261666666668	1.3310142270866667
2.438224965036078	0.012707895666666667	1.33266944354
2.4399702942880728	0.010894041333333333	1.3325296037433332
2.441715623540067	0.009993688666666667	1.3302674007166666
2.443460952792061	0.009528626	1.32533506619
2.4452062820440554	0.008428158666666666	1.3175011585199998
2.4469516112960497	0.008243262	1.31088379402
2.448696940548044	0.008712879333333333	1.3070354120566665
2.450442269800038	0.009629774333333334	1.3051726169699998
2.4521875990520323	0.009390593999999999	1.30269324613
2.4539329283040274	0.009348298466666665	1.3012161815533332
2.4556782575560216	0.009512355	1.30126822194
2.457423586808016	0.009452058	1.3030181916666665
2.4591689160600105	0.008747548333333334	1.3063255540633332
2.4609142453120048	0.009271107333333334	1.31271933816
2.462659574563999	0.009344816333333332	1.3192713291633336
2.464404903815993	0.009857063666666667	1.3249047860266665
2.466150233067988	0.012307808333333333	1.3297664816133332
2.467895562319982	0.014915573333333335	1.3332515422033333
2.4696408915719763	0.013587931333333334	1.3328309551166666
2.4713862208239705	0.012051565666666667	1.3318478813133334
2.4731315500759647	0.012422948333333331	1.3310709004533332
2.47487687932796	0.012248320333333333	1.32714829683
2.476622208579954	0.009647963999999998	1.3174642162266665
2.4783675378319483	0.008290864666666667	1.306576327133333
2.4801128670839416	0.008284906666666666	1.29744963656
2.481858196335936	0.008557678999999999	1.2920405777166666
2.4836035255879314	0.008186447333333333	1.2907088205333332
2.4853488548399256	0.008790656333333334	1.2942404705166666
2.48709418409192	0.009837282999999999	1.29968155935
2.488839513343914	0.011140506666666668	1.3051061170866665
2.490584842595908	0.01174874	1.309134708213333
2.492330171847903	0.012606554333333334	1.3128694970399999
2.494075501099897	0.012485722333333333	1.31521102957
2.4958208303518914	0.012131833333333331	1.3166347294533334
2.4975661596038856	0.012377504666666667	1.3168343636666666
2.49931148885588	0.013086343333333333	1.31559942993
2.501056818107874	0.011559505	1.3119435331866667
2.5028021473598683	0.010364830666666667	1.3103014524233334
2.5045474766118625	0.011132615666666667	1.31288616857
2.5062928058638567	0.011922043333333333	1.31711101208
2.508038135115851	0.010058956666666667	1.31771761056
2.509783464367846	0.009129235333333333	1.31508630255
2.5115287936198403	0.010239418666666666	1.3095803293033335
2.5132741228718345	0.011410805999999999	1.3024720219333332
2.5150194521238287	0.010416225333333334	1.29589732066
2.516764781375823	0.010181086666666665	1.294801355693333
2.5185101106278176	0.011452322666666667	1.2989652447533333
2.520255439879812	0.012732489333333333	1.3051329820766666
2.522000769131806	0.011938624999999998	1.3091656807466665
2.5237460983838007	0.011887601999999999	1.31181436247
2.525491427635795	0.013172708666666666	1.3133162114533334
2.527236756887789	0.014383211	1.31407019969
2.5289820861397834	0.013915640666666666	1.3129134936733333
2.5307274153917776	0.014118610999999998	1.3103303890766667
2.532472744643772	0.014587751999999999	1.30518835961
2.534218073895766	0.014838831333333333	1.2997864155333332
2.535963403147761	0.01460214	1.2976536954099998
2.5377087323997554	0.014919192666666668	1.30227845201
2.5394540616517496	0.014052124666666667	1.31194656699
2.541199390903744	0.013343620333333334	1.3247693552333333
2.542944720155738	0.013978899666666666	1.33582940377
2.5446900494077327	0.015211926666666667	1.33956586537
2.546435378659727	0.014286207333333332	1.3324224724199998
2.548180707911721	0.014095472	1.3196208319766667
2.5499260371637154	0.01583392633333333	1.3062324690399998
2.5516713664157096	0.017085144666666666	1.2946388655133334
2.5534166956677042	0.015215358333333331	1.2849717922666664
2.5551620249196985	0.013971987666666666	1.2802590788333332
2.5569073541716927	0.014547721999999999	1.2801758172
2.558652683423687	0.015111950333333332	1.2833594898833331
2.560398012675681	0.013547385333333332	1.2878324807266666
2.5621433419276762	0.013117849666666667	1.2944101796066667
2.5638886711796696	0.014904225666666666	1.3011345735799997
2.565634000431664	0.01705930333333333	1.3056335960533334
2.567379329683658	0.01697624333333333	1.3055650682033333
2.5691246589356522	0.01760125	1.3035587869566667
2.570869988187648	0.01913739333333333	1.3015048603366666
2.572615317439642	0.019343123333333337	1.30142657108
2.5743606466916362	0.01704049	1.3037972093766665
2.57610597594363	0.015381734999999997	1.3093576356199998
2.5778513051956247	0.014062195999999999	1.3146299902633332
2.5795966344476193	0.013457972333333332	1.31756136744
2.5813419636996136	0.013787134333333333	1.3161273748166666
2.5830872929516078	0.015067235666666666	1.3100428818666665
2.584832622203602	0.015439330000000001	1.2995746366333332
2.586577951455596	0.016308306666666668	1.28943832587
2.5883232807075904	0.017318599999999996	1.28234253765
2.5900686099595847	0.018185206666666665	1.2801972774433334
2.591813939211579	0.017773246666666666	1.28243665282
2.593559268463574	0.017211266666666666	1.2891413234833333
2.595304597715568	0.016672116	1.2980596118166665
2.5970499269675624	0.016686817333333333	1.3076954190399999
2.598795256219557	0.015704614	1.315030054553333
2.6005405854715513	0.016155549999999998	1.3203239286833333
2.6022859147235455	0.019081443333333333	1.3230218990833333
2.6040312439755398	0.021801550000000003	1.32214786374
2.6057765732275344	0.020705629999999996	1.3164668452666666
2.6075219024795286	0.01913264333333333	1.3099944584633332
2.609267231731523	0.018052509999999997	1.3046440491366667
2.611012560983517	0.016123366666666666	1.3008938869
2.6127578902355113	0.012728591666666665	1.2975993011733333
2.6145032194875055	0.011156095333333333	1.29529184242
2.6162485487394997	0.011613958666666667	1.292172969373333
2.617993877991494	0.013128969333333332	1.2879910238
2.619739207243488	0.013491106666666666	1.28241427592
2.6214845364954824	0.0149302	1.2788028341233333
2.6232298657474775	0.018198916666666665	1.2790906507666664
2.6249751949994717	0.020792373333333333	1.2834394518133334
2.626720524251466	0.019646566666666664	1.2897991066966665
2.62846585350346	0.018392930000000002	1.2998225203133331
2.6302111827554544	0.017787273333333332	1.31207472414
2.631956512007449	0.016747296666666665	1.3235510403066666
2.6337018412594433	0.015480363333333332	1.3306700814
2.6354471705114375	0.016419503333333335	1.3324563669066667
2.6371924997634317	0.01786385	1.3266001093633335
2.638937829015426	0.019671896666666668	1.3150763911166665
2.6406831582674206	0.021029806666666664	1.3012009271833331
2.642428487519415	0.021660416666666668	1.2895859430333332
2.644173816771409	0.020562136666666665	1.281976324053333
2.6459191460234033	0.019253646666666666	1.2797378262866665
2.6476644752753975	0.017837279999999997	1.2807346979133332
2.6494098045273917	0.017036076666666667	1.2835573887933331
2.651155133779386	0.015617470666666664	1.2860135454566666
2.652900463031381	0.015712351	1.28924242775
2.6546457922833753	0.018544805333333334	1.2929897702933335
2.6563911215353695	0.02209399333333333	1.29538649643
2.658136450787364	0.022559158333333332	1.2928732052833332
2.6598817800393584	0.022942722999999998	1.2877898021499998
2.6616271092913526	0.023646739333333333	1.2824867514066667
2.663372438543347	0.02220607333333333	1.27936645666
2.665117767795341	0.018002097333333335	1.2797442452899999
2.6668630970473353	0.01512662	1.2853435043766668
2.66860842629933	0.013846174666666666	1.2923287910133334
2.6703537555513237	0.01382775	1.2966280936133332
2.6720990848033184	0.013646251666666666	1.2951171836966666
2.673844414055312	0.015007391999999998	1.2908759565166668
2.6755897433073077	0.018595199666666666	1.2877333801233333
2.677335072559302	0.022183283999999998	1.2873223013633333
2.679080401811296	0.021685535666666665	1.28720895082
2.6808257310632904	0.020813743333333332	1.2892189391266666
2.6825710603152837	0.020997479	1.2929538641933331
2.6843163895672792	0.019344621666666666	1.2961797880766668
2.6860617188192735	0.015284382333333332	1.2984655874733333
2.6878070480712677	0.013882832999999999	1.3038884466233331
2.689552377323262	0.014488546333333333	1.3101521905966664
2.691297706575256	0.015799323	1.3130358340500001
2.6930430358272504	0.017057963666666665	1.3094120001533334
2.694788365079245	0.018566036999999997	1.30067077143
2.696533694331239	0.019276286666666663	1.2889533149666665
2.6982790235832335	0.020053609	1.2791678693966668
2.7000243528352272	0.019661953333333333	1.2733356549533332
2.701769682087222	0.01935342433333333	1.27283936889
2.703515011339216	0.019147183666666668	1.2756220430599998
2.7052603405912103	0.019032343333333333	1.2802830186999998
2.7070056698432046	0.019045931333333335	1.2855617285433332
2.708750999095199	0.020763853666666665	1.2923429802266666
2.710496328347194	0.021888506333333335	1.2986544791266665
2.712241657599188	0.023376511999999995	1.3048090476199998
2.7139869868511823	0.025571649666666668	1.3096093562499997
2.7157323161031766	0.026078899999999995	1.3108064266866668
2.7174776453551712	0.022677161666666668	1.3065187579533333
2.7192229746071654	0.01978584	1.3009145758033331
2.7209683038591597	0.018192992999999998	1.2953331772533332
2.722713633111154	0.016722402666666664	1.28941719975
2.7244589623631486	0.014739610666666667	1.2823897230033334
2.7262042916151423	0.014519315333333333	1.2768228072466665
2.727949620867137	0.015835379	1.2731632573999998
2.729694950119131	0.018050508	1.27172424544
2.7314402793711254	0.018758325999999995	1.271136879203333
2.7331856086231197	0.020179095666666664	1.2736724766066665
2.734930937875114	0.023116078999999998	1.2795827568233333
2.736676267127109	0.024757511666666666	1.2868459855299998
2.738421596379103	0.02257643433333333	1.2929489913699999
2.7401669256310974	0.021538040666666664	1.30083564188
2.7419122548830916	0.02238433233333333	1.3091604226166664
2.743657584135086	0.022613677666666665	1.3140120909
2.7454029133870805	0.021251166333333328	1.3131088302466667
2.7471482426390748	0.020906457666666663	1.30978981618
2.748893571891069	0.020513569333333332	1.30540235489
2.750638901143063	0.019834014999999997	1.3016852775233332
2.7523842303950574	0.018268712	1.2984402936
2.754129559647052	0.01746886233333333	1.2960054893333333
2.755874888899046	0.017551423	1.2922187160233334
2.7576202181510405	0.018266166333333334	1.2865599522000002
2.7593655474030343	0.018058170666666665	1.2793038642633334
2.761110876655029	0.019155001666666664	1.2746787953633334
2.762856205907024	0.021260328	1.2735372311033333
2.7646015351590183	0.023270496666666668	1.2746880226333333
2.7663468644110116	0.024114861666666668	1.2751935713933333
2.768092193663006	0.025052323666666668	1.2751013544466665
2.769837522915	0.02462879	1.2744541317466667
2.7715828521669956	0.02364579	1.2774626063366665
2.77332818141899	0.022474978666666666	1.2864555291333333
2.775073510670984	0.021561430999999995	1.2999051947233333
2.7768188399229783	0.019880606000000002	1.311211905503333
2.7785641691749725	0.019348749999999998	1.3169053414233334
2.780309498426967	0.019599741999999996	1.3142786129166666
2.782054827678961	0.02008814133333333	1.3047631624766667
2.7838001569309556	0.01973260333333333	1.29260073992
2.7855454861829494	0.02007123	1.2846585359033331
2.787290815434944	0.020345446666666663	1.2813512806433334
2.7890361446869383	0.020610036666666665	1.28008412117
2.7907814739389325	0.02026588333333333	1.2775248489266666
2.7925268031909276	0.020637496666666665	1.2756042134899999
2.794272132442922	0.021364469999999997	1.2771739976466665
2.796017461694916	0.022935236666666664	1.2856010613366666
2.7977627909469107	0.023967556666666667	1.2989312752133335
2.799508120198905	0.025401383333333333	1.3130977354766666
2.801253449450899	0.02687288666666667	1.3203643312099997
2.8029987787028934	0.027477713333333337	1.3159217332833333
2.8047441079548876	0.025479923333333328	1.3008160839166667
2.8064894372068823	0.023642773333333332	1.2853257036499999
2.808234766458876	0.022268446666666664	1.2772879906666668
2.8099800957108707	0.020848635999999997	1.2792821964366667
2.8117254249628645	0.01924996333333333	1.2869433430133332
2.813470754214859	0.019705846666666665	1.2945656374866668
2.8152160834668534	0.021086556666666666	1.2957711213666667
2.8169614127188476	0.023379716666666665	1.29118750696
2.818706741970842	0.02536006666666667	1.2845033870066667
2.820452071222836	0.027101939999999998	1.28085352531
2.8221974004748303	0.02794321	1.2801803318233334
2.8239427297268254	0.028038223333333327	1.2794910520633334
2.8256880589788196	0.025928576666666665	1.2742659094266666
2.827433388230814	0.023940946666666664	1.2671755789966666
2.829178717482808	0.02234292666666667	1.263727806263333
2.8309240467348022	0.020909496666666666	1.2711331292666666
2.832669375986797	0.019937539999999997	1.2912430233866665
2.834414705238791	0.021109859999999998	1.3185380367733333
2.8361600344907854	0.022219433	1.3396588416133333
2.8379053637427796	0.024325585	1.34700491966
2.839650692994774	0.027046396666666667	1.3387117284033334
2.841396022246768	0.02812962833333333	1.3195769501699999
2.8431413514987627	0.02639783433333333	1.2981585695033333
2.8448866807507565	0.024914472333333333	1.2836436890233331
2.846632010002751	0.02260091933333333	1.2750333524133333
2.8483773392547453	0.020700586666666666	1.2690488486633331
2.8501226685067405	0.020635033333333334	1.2637487542133332
2.8518679977587347	0.021526443333333332	1.2614457441133333
2.853613327010729	0.021589016666666662	1.2655373366366667
2.855358656262723	0.024110326666666668	1.2800541855566667
2.8571039855147173	0.027908250000000002	1.2998617909499999
2.858849314766712	0.031325599999999995	1.3166169085766666
2.8605946440187062	0.03377942	1.32284523187
2.8623399732707004	0.03516187666666666	1.3174109969199999
2.8640853025226947	0.03351929666666666	1.3046230429433332
2.865830631774689	0.03103803	1.2948985445533332
2.8675759610266836	0.027668663333333333	1.2918792713866667
2.8693212902786778	0.02436980733333333	1.2932475854899999
2.871066619530672	0.02227628	1.2934796783266667
2.872811948782666	0.021662309999999997	1.2900614483933333
2.87455727803466	0.020486788	1.2831837476166665
2.8763026072866555	0.021458316999999998	1.2797471965666667
2.8780479365386498	0.024332733333333332	1.2831087030666666
2.879793265790644	0.027263846666666668	1.2912938812399999
2.881538595042638	0.029122319999999997	1.2979080328766666
2.8832839242946324	0.03157664333333333	1.3001501699566664
2.885029253546627	0.033326886666666666	1.2975850061999998
2.8867745827986213	0.034136643333333334	1.29450539641
2.8885199120506155	0.03286621	1.2939106672366667
2.8902652413026098	0.031763763333333334	1.2982572641599999
2.892010570554604	0.03176681666666667	1.3034923378366667
2.893755899806598	0.03128437666666667	1.3028970960433333
2.895501229058593	0.028059564	1.2936137877466667
2.8972465583105866	0.026353814333333336	1.2839618447599999
2.8989918875625813	0.026359729666666665	1.28004698267
2.900737216814575	0.025630747333333332	1.2827648727133332
2.9024825460665697	0.023908005	1.28880707127
2.904227875318564	0.024354978333333333	1.2952029835666665
2.905973204570558	0.025720096999999997	1.2970547856433332
2.9077185338225524	0.027647394	1.2950407197366665
2.9094638630745466	0.029107305	1.2924263149266664
2.9112091923265417	0.031274457	1.2942830471266666
2.912954521578536	0.034198026666666666	1.2997774491466665
2.91469985083053	0.03635964999999999	1.3029541269066667
2.916445180082525	0.03486697333333333	1.2974838196333334
2.918190509334519	0.03385338	1.28835361382
2.9199358385865133	0.03443015666666666	1.2813790490766666
2.921681167838508	0.033316516666666664	1.2781514096766666
2.9234264970905017	0.02957151	1.2782156065366665
2.9251718263424964	0.028609720000000005	1.2834653615766665
2.92691715559449	0.029854606666666665	1.2886413497866667
2.928662484846485	0.031089563333333334	1.2889415053866666
2.930407814098479	0.03200205666666667	1.2862783810099998
2.9321531433504733	0.03472586333333333	1.2886867475466666
2.9338984726024675	0.037410596666666664	1.2971963268966666
2.9356438018544617	0.03920354666666666	1.307869911963333
2.937389131106457	0.03916595	1.3143192044166665
2.939134460358451	0.03808881666666667	1.3141191038366666
2.9408797896104453	0.03523187666666667	1.3062567851766667
2.9426251188624395	0.03258369999999999	1.2950117292533334
2.9443704481144337	0.030605253333333332	1.2848289006033333
2.9461157773664284	0.029415253333333335	1.2791981470433333
2.9478611066184226	0.02826774333333333	1.2765838904666666
2.949606435870417	0.028851144000000002	1.2752821212733334
2.951351765122411	0.029757536666666667	1.27264142178
2.9530970943744053	0.03163183666666666	1.2711877849466666
2.9548424236264	0.03463027566666667	1.2730152827533332
2.956587752878394	0.03719454866666667	1.2776598431833333
2.9583330821303884	0.03669173666666667	1.2821100201699998
2.960078411382382	0.036163713333333326	1.2874372524
2.961823740634377	0.035245024	1.2910521409966667
2.963569069886372	0.033255553666666667	1.2912882541
2.965314399138366	0.03175831999999999	1.2902156394333333
2.9670597283903604	0.03231595666666666	1.2919124917666667
2.9688050576423537	0.03191931	1.2953378085399998
2.970550386894349	0.033171063333333334	1.30224205376
2.9722957161463435	0.03684175	1.31118922494
2.9740410453983377	0.039116616666666666	1.3165207218333332
2.975786374650332	0.03814568333333333	1.31409241878
2.977531703902326	0.039500533333333324	1.3086635292266666
2.9792770331543204	0.042480949999999996	1.3021288819599999
2.981022362406315	0.04306376666666667	1.29490713719
2.982767691658309	0.04013554	1.28835197901
2.9845130209103035	0.038437309999999995	1.2859240799233334
2.9862583501622977	0.038512693333333334	1.2847530568866665
2.988003679414292	0.03805143	1.2809288914866666
2.989749008666286	0.03551323233333333	1.2734605971333333
2.9914943379182812	0.035544812999999995	1.2689371567966665
2.9932396671702755	0.03787147666666667	1.270520417383333
2.9949849964222697	0.03821763	1.2759654969433332
2.996730325674264	0.035212604	1.2803592720766666
2.9984756549262586	0.034518739333333326	1.28396461532
3.000220984178253	0.036224603333333334	1.2853392799899999
3.001966313430247	0.03682954333333333	1.2840785830966666
3.0037116426822412	0.034688773333333325	1.2836817723266665
3.0054569719342354	0.03505460333333333	1.2928258055733333
3.00720230118623	0.03868323333333333	1.3094712406433333
3.008947630438224	0.04057015666666666	1.3211750459499998
3.0106929596902186	0.037864296666666665	1.3188349603466665
3.0124382889422123	0.03834123	1.3097289058299997
3.014183618194207	0.04281261333333333	1.3003557210199999
3.015928947446201	0.04338236666666667	1.2907641237566665
3.0176742766981954	0.03818957	1.2824774643299999
3.0194196059501897	0.036838789999999996	1.2822207169933333
3.021164935202184	0.039454246666666665	1.28489341633
3.022910264454178	0.039165469999999994	1.2816256277133333
3.024655593706173	0.035099859	1.2750789723966665
3.0264009229581674	0.035172976999999994	1.2793107368699999
3.0281462522101616	0.03928868666666667	1.2965905491999998
3.029891581462156	0.04111422666666666	1.31637507345
3.03163691071415	0.038400073666666666	1.32715233821
3.0333822399661448	0.039158405	1.3286876659333333
3.035127569218139	0.04427272	1.3214523943766665
3.036872898470133	0.04578342666666666	1.3052990639266666
3.0386182277221274	0.04102757666666666	1.2862826063766666
3.040363556974122	0.04097453333333333	1.2795488099833332
3.042108886226116	0.04709354333333333	1.28503412938
3.0438542154781105	0.048670269999999995	1.2875007321033332
3.0455995447301047	0.04305700666666666	1.28162258371
3.047344873982099	0.04335645	1.2825717204266667
3.049090203234093	0.04974882	1.2947016990633333
3.0508355324860883	0.05009439333333333	1.3081138161633332
3.0525808617380825	0.04344750333333333	1.31939469687
3.0543261909900767	0.041616969999999996	1.3347501990566664
3.056071520242071	0.04290897666666666	1.3471822807599998
3.057816849494065	0.04003420333333333	1.3463143363966668
3.05956217874606	0.03407259333333333	1.3335239798133334
3.061307507998054	0.03190553	1.3200876208499999
3.0630528372500487	0.03310055666666667	1.3094444325433332
3.0647981665020425	0.033858490666666664	1.2990256911066667
3.0665434957540367	0.031541002	1.28815983419
3.0682888250060314	0.03357539233333333	1.2863253496533331
3.0700341542580256	0.04243671	1.29472332773
3.07177948351002	0.046992603333333334	1.3014034326
3.073524812762014	0.041924006666666666	1.3029811447833333
3.075270142014008	0.04271082333333333	1.31731128816
3.0770154712660034	0.05104906333333334	1.34737823514
3.0787608005179976	0.05094223333333332	1.3740553189133333
3.080506129769992	0.041565783333333335	1.3856341693433332
3.082251459021986	0.04060284	1.3882844970266666
3.0839967882739803	0.047568809999999996	1.3785157403766664
3.085742117525975	0.04862598666666666	1.3513126419900001
3.087487446777969	0.04331656666666667	1.32419418693
3.0892327760299634	0.04684703666666666	1.3271474593233332
3.0909781052819576	0.05858630333333334	1.3569175143333334
3.092723434533952	0.06361270666666666	1.3819186422866665
3.094468763785946	0.059817529999999994	1.3846135767133334
3.0962140930379407	0.059241786666666664	1.37720002325
3.0979594222899345	0.058199343333333334	1.3756003002766666
3.099704751541929	0.05013695	1.3946052775766664
3.101450080793923	0.04027384	1.4364133692833332
3.1031954100459176	0.03353696666666667	1.4756265986433332
3.104940739297912	0.02883503	1.4729055369366666
3.106686068549906	0.027565833333333335	1.41449159627
3.1084313978019003	0.024807087	1.3296090106833331
3.1101767270538954	0.027747217333333327	1.29164138929
3.1119220563058896	0.047444753333333325	1.3519013821933332
3.113667385557884	0.06167435999999999	1.4665157355066665
3.1154127148098785	0.05276026666666665	1.5463682986466667
3.1171580440618727	0.05750068333333334	1.5570997818399999
3.118903373313867	0.08114985	1.4995519630866667
3.120648702565861	0.07379594333333332	1.4049711187966667
3.122394031817856	0.04150629	1.3811009712833333
3.1241393610698496	0.03486354666666667	1.5137868023099998
3.1258846903218442	0.04200469333333333	1.7172518065399998
3.127630019573838	0.04003135333333333	1.8249484174766666
3.1293753488258327	0.048553603333333334	1.7725209172566667
3.131120678077827	0.0657111	1.6488369643366667
3.132866007329821	0.0780102	1.6814879988133333
3.1346113365818153	0.11091093999999999	2.14460136658
3.1363566658338096	0.17102672999999996	3.1215834160366662
3.1381019950858047	0.21578691333333336	4.348783352203332
3.139847324337799	0.24244376666666667	5.373921988026667
3.141592653589793	0.34382704666666664	5.870554041566667