# O(3P)+CO2(000; j=0) -> O(3P)+CO2(000; j') scattering, statistically averaged (3A2+3B2+3B1) potential energy surfaces
# Differential cross sections; packaged by M. Gacesa (marko.gacesa@nasa.gov), Apr 30 2019
# E = 2.63342 eV
# theta(rad)                 elastic DCS                total DCS (both in units of 1E-16 cm^2/Sr)
0.	3.5635286666666665e6	3.6394002175873164e6
0.0017453292519943296	2.4019606666666665e6	2.445447123703333e6
0.003490658503988659	707127.7333333334	714881.4858483333
0.005235987755982989	148207.53333333333	155781.43248999998
0.006981317007977318	93828.81	101571.64900893334
0.008726646259971648	49582.666666666664	54193.176240700006
0.010471975511965978	24522.089999999997	29174.030651266665
0.012217304763960305	13978.468333333332	18227.574890206666
0.013962634015954637	13176.027000000002	15867.290634046667
0.015707963267948967	7848.762	9631.930071026665
0.017453292519943295	2752.4183999999996	5229.9237603266665
0.019198621771937624	4571.946	7109.452355946666
0.020943951023931956	4102.689333333333	5586.1646887766665
0.02268928027592628	1634.826	2907.2494948233334
0.02443460952792061	980.7232333333333	2591.211675663333
0.02617993877991494	1075.0271666666667	2444.971510133333
0.027925268031909273	965.4940666666666	1856.4974018866665
0.029670597283903602	355.5039333333333	1192.1486650303332
0.031415926535897934	170.8474	1174.0901389639998
0.03316125578789226	442.67926666666665	1263.8328823433333
0.03490658503988659	343.8083333333333	858.4310208086665
0.03665191429188092	108.45208333333332	642.7705498496666
0.03839724354387525	114.85370999999999	753.804075218
0.040142572795869566	153.26497333333333	681.649803494
0.04188790204786391	113.13190333333333	473.59080322799997
0.043633231299858244	80.72604333333334	411.7921699686667
0.04537856055185256	88.25806333333333	460.4287468553333
0.047123889803846894	93.28680333333332	437.238565838
0.04886921905584122	81.52061	355.61907632733335
0.05061454830783555	59.491569999999996	309.10990511433334
0.05235987755982988	63.59998666666665	311.8270628286666
0.054105206811824215	72.89407666666666	298.963836781
0.05585053606381855	56.45995666666667	260.60510162466664
0.05759586531581287	60.465963333333335	259.568080516
0.059341194567807204	66.78033666666666	257.59774456866666
0.061086523819801536	46.04983	220.31361638066667
0.06283185307179587	41.436293333333325	204.83625379633332
0.0645771823237902	41.694496666666666	200.79356236733332
0.06632251157578452	39.209913333333326	194.02009450300002
0.06806784082777885	44.36209	189.92089742566668
0.06981317007977318	36.138149999999996	172.56989041399999
0.0715584993317675	33.69329333333333	169.16948296033334
0.07330382858376185	35.321526666666664	167.64298154766666
0.07504915783575618	24.51133333333333	148.30428961366664
0.0767944870877505	23.71677333333333	142.39714638499999
0.07853981633974483	23.560132666666664	137.8847068
0.08028514559173913	20.370807666666664	132.27622481266667
0.08203047484373349	23.605966666666667	134.51630925466668
0.08377580409572782	19.3966	124.81578640969998
0.08552113334772216	19.788106666666668	120.99861314866666
0.08726646259971649	20.544293333333332	119.24423066566665
0.08901179185171079	13.029936666666666	108.83389188286665
0.09075712110370512	13.678033333333333	108.67225996573332
0.09250245035569944	12.540399666666666	103.68145577909999
0.09424777960769379	10.887881	97.42775791729999
0.09599310885968812	15.66270333333333	101.50029513816665
0.09773843811168244	12.278896666666665	96.9819259459
0.09948376736367677	12.797523666666667	96.31323712396666
0.1012290966156711	14.094296666666667	94.99097672799999
0.10297442586766543	7.435459333333332	84.06591077146666
0.10471975511965977	7.894972333333333	83.19808825423333
0.10646508437165408	7.774114666666667	81.58736330759999
0.10821041362364843	6.752851333333333	78.3794469554
0.10995574287564276	11.698077	82.36353292246665
0.1117010721276371	8.934590666666665	77.42357741316665
0.11344640137963143	7.175350666666667	74.11776121503334
0.11519173063162574	8.388308666666667	73.58387520686667
0.11693705988362009	4.869182666666666	66.99978748033334
0.11868238913561441	5.627948999999999	66.7808451109
0.12042771838760875	5.506969	65.65076501516667
0.12217304763960307	3.8629203333333333	62.13393801823333
0.12391837689159738	7.518502666666665	64.59429176213332
0.12566370614359174	6.823519999999999	61.82045761686666
0.12740903539558604	5.807829666666667	59.661233339599995
0.1291543646475804	6.072042000000001	59.25536089416666
0.13089969389957473	3.321218	54.18015414103333
0.13264502315156904	4.626328666666667	53.808054357866666
0.1343903524035634	5.516020666666667	53.550229485066666
0.1361356816555577	4.2137113333333325	51.31016419583333
0.13788101090755206	6.650490333333334	53.49244957193333
0.13962634015954636	6.188878333333333	51.60033128553333
0.1413716694115407	5.574505666666667	49.628272982933325
0.143116998663535	6.119956666666667	49.629177455766666
0.14486232791552936	3.4062626666666667	45.93963803213333
0.1466076571675237	3.6708823333333336	45.546441468
0.148352986419518	5.148286	46.1907198681
0.15009831567151236	4.267505333333332	44.5814906897
0.15184364492350666	5.395778999999999	46.01826052553333
0.153588974175501	4.440425333333334	44.6629640537
0.15533430342749535	2.911346333333333	42.19416276716667
0.15707963267948966	3.5034669999999997	41.98338621733333
0.158824961931484	2.3140183333333333	39.8370804403
0.16057029118347826	1.992876	39.40435597336666
0.16231562043547265	2.795896	40.10019245726666
0.16406094968746698	2.1308409999999998	38.58688009183333
0.16580627893946132	2.818458666666667	38.754448300600004
0.16755160819145565	2.5794749999999995	37.7937806555
0.16929693744344992	1.6236504666666667	35.99897066353333
0.1710422666954443	2.0488163333333334	35.8502735959
0.17278759594743864	1.651475	34.49404634096667
0.17453292519943298	1.698773933333333	33.8543203872
0.17627825445142725	2.5192456666666665	34.31697888403333
0.17802358370342158	2.142709333333333	33.230717541733334
0.17976891295541597	2.7118926666666665	33.19298923146666
0.18151424220741025	2.763351666666667	32.5840548459
0.18325957145940458	1.9110646666666666	31.046626262766665
0.18500490071139888	2.1748146666666663	30.928205399333336
0.18675022996339324	2.0773076666666666	30.284932349966667
0.18849555921538758	2.0058540000000002	29.673431857466667
0.1902408884673819	2.820176	30.138963577166663
0.19198621771937624	2.4151983333333336	29.286655699233336
0.19373154697137057	2.2025163333333335	28.759327273233332
0.19547687622336488	2.3004756666666664	28.502638703866666
0.19722220547535924	1.6564106666666665	27.395962036
0.19896753472735354	1.6633826666666665	27.1103769904
0.2007128639793479	1.9622751999999999	27.048179743366667
0.2024581932313422	1.6739270000000002	26.439340209499996
0.20420352248333656	1.8584439999999998	26.533302454266664
0.20594885173533087	1.6242449999999997	26.1080145318
0.20769418098732523	1.1256886666666666	25.3824756203
0.20943951023931953	1.1720521666666666	25.13748521673333
0.2111848394913139	1.1778991333333333	24.725292092566665
0.21293016874330817	1.0706175333333332	24.454833028499998
0.21467549799530256	1.186116	24.548172039133334
0.21642082724729686	1.0316818666666667	24.149420988133333
0.2181661564992912	1.0813576	23.855695477433333
0.21991148575128552	1.1763462	23.550918763066665
0.22165681500327983	1.0788951333333334	23.101578000566665
0.2234021442552742	1.0652009333333332	22.91241389673333
0.22514747350726852	1.1381641333333332	22.7020310539
0.22689280275926285	1.1781487666666666	22.254306638966668
0.22863813201125716	1.407068	22.07800270233333
0.2303834612632515	1.3054356666666664	21.664815027666666
0.23212879051524585	1.1949064	21.275937675599998
0.23387411976724018	1.2742056666666666	21.082072164866666
0.23561944901923448	1.2027424999999998	20.635696405199997
0.23736477827122882	1.1827546333333334	20.270032189733335
0.23911010752322315	1.3072643333333334	20.199812833566668
0.2408554367752175	1.1336413333333333	19.790620596
0.24260076602721184	1.2561524666666666	19.629110589466666
0.24434609527920614	1.3007574	19.407893264366667
0.24609142453120048	0.9785291333333332	18.848975256899998
0.24783675378319475	0.9507381666666667	18.690849812733333
0.24958208303518917	1.0117343333333333	18.6214713365
0.25132741228718347	0.9410669333333335	18.349493986166667
0.2530727415391778	1.2122462666666667	18.472295518566668
0.2548180707911721	1.0398919333333332	18.122929407166666
0.25656340004316636	0.7535577333333334	17.62856592483333
0.2583087292951608	0.8487762333333333	17.533318913833334
0.26005405854715513	0.7409151333333333	17.229639998399996
0.26179938779914946	0.6992596333333332	17.136838385666664
0.2635447170511437	0.8743002999999999	17.30209069223333
0.26529004630313807	0.6664486666666667	16.882286254666667
0.26703537555513246	0.7449027666666665	16.7043094898
0.2687807048071268	0.7959984666666667	16.52159209403333
0.270526034059121	0.5164780333333333	16.110290184999997
0.2722713633111154	0.5002308333333332	16.1237436915
0.2740166925631097	0.5140740333333333	15.990556019533333
0.2757620218151041	0.5156976333333333	15.683536043533334
0.27750735106709834	0.7987995999999999	15.7851542248
0.2792526803190927	0.6742216000000001	15.532387109
0.280998009571087	0.5827951666666666	15.400371506533334
0.2827433388230814	0.6287784	15.369454237733333
0.2844886680750758	0.48779456666666665	14.921933788333334
0.28623399732707	0.6113784333333333	14.8081558193
0.28797932657906433	0.7171710666666666	14.833704841433333
0.2897246558310587	0.5909593	14.634453454866666
0.291469985083053	0.8598368333333333	14.8774901933
0.2932153143350474	0.8092512666666667	14.690522813000001
0.29496064358704166	0.5947320333333332	14.266258557466665
0.296705972839036	0.6676135	14.227206677633333
0.2984513020910303	0.510968	13.933631598399998
0.3001966313430247	0.5544762	13.865302359733334
0.301941960595019	0.8806947999999999	14.14603421513333
0.3036872898470133	0.6855697999999999	13.8394046169
0.30543261909900765	0.6617362666666666	13.721915831699999
0.307177948351002	0.6770866333333334	13.594749266266664
0.3089232776029963	0.4348977333333333	13.146226837466665
0.3106686068549907	0.5425387666666667	13.167318585199997
0.312413936106985	0.5973453333333333	13.1398702655
0.3141592653589793	0.4662084999999999	12.882009401666666
0.31590459461097364	0.7069029333333333	13.030264974999998
0.317649923862968	0.6364181	12.814322227266667
0.3193952531149623	0.4549299333333333	12.564386683333334
0.32114058236695653	0.4646792333333334	12.5538712033
0.32288591161895097	0.30099719999999996	12.211871870033335
0.3246312408709453	0.3578471666666666	12.091250287233333
0.32637657012293964	0.5710248666666666	12.210147127266666
0.32812189937493397	0.41430740000000005	12.016423175833333
0.32986722862692824	0.40802189999999994	12.075258107399998
0.33161255787892263	0.3631911333333333	11.939053040266666
0.3333578871309169	0.2433182333333333	11.554299041766665
0.3351032163829113	0.3516466999999999	11.501487151500001
0.3368485456349056	0.30845389999999995	11.386304601833332
0.33859387488689985	0.23767459999999999	11.312596611666665
0.34033920413889424	0.4305931666666667	11.496856971866666
0.3420845333908886	0.40635509999999997	11.280485644333332
0.3438298626428829	0.42997510000000005	11.1174496008
0.3455751918948773	0.4328806666666667	11.040932507733332
0.34732052114687156	0.2581773633333333	10.778338198066667
0.34906585039886595	0.3741369	10.8269798326
0.3508111796508603	0.5516581666666667	10.9113263461
0.3525565089028545	0.4912779666666667	10.7464002069
0.3543018381548489	0.5853741666666666	10.832114233033332
0.35604716740684317	0.518675	10.702236603933333
0.35779249665883756	0.4369617	10.47198245513
0.35953782591083194	0.5703811999999999	10.487274316293334
0.3612831551628262	0.5014375	10.34000865845
0.3630284844148205	0.39245430000000003	10.258681165216666
0.3647738136668149	0.4979531	10.422494571483334
0.36651914291880916	0.4678654333333333	10.32509733015
0.36826447217080355	0.49981616666666673	10.276194012116665
0.37000980142279777	0.45492299999999997	10.173887204766666
0.3717551306747922	0.22463026666666666	9.872194492856666
0.3735004599267865	0.19207409999999997	9.809523259339999
0.3752457891787809	0.28550713333333333	9.86384801323
0.37699111843077515	0.3049909333333333	9.858575819273334
0.3787364476827695	0.36285026666666664	9.976265213043332
0.3804817769347638	0.21282510000000002	9.810162482516667
0.38222710618675815	0.10528684666666666	9.55860624263
0.3839724354387525	0.1965709	9.497391719753333
0.38571776469074687	0.20893279999999997	9.431417002893333
0.38746309394274114	0.2173343	9.490684814086666
0.3892084231947355	0.2718905333333333	9.601273370993333
0.39095375244672975	0.19982787333333332	9.40302349762
0.39269908169872414	0.28306729999999997	9.272016033396666
0.39444441095071847	0.3383971333333333	9.21184287374
0.3961897402027128	0.21506119999999998	9.133313374826667
0.3979350694547071	0.20652034666666666	9.20708633965
0.39968039870670136	0.28678404999999996	9.18810932617
0.4014257279586958	0.3269514333333333	8.966051795666667
0.4031710572106902	0.4357102666666666	8.894773712803334
0.4049163864626844	0.35109866666666667	8.832102732746666
0.4066617157146788	0.2039397	8.810854069313333
0.4084070449666731	0.2589205333333333	8.845058523916666
0.41015237421866746	0.3636567	8.679642944103332
0.41189770347066174	0.40671616666666666	8.427248835899999
0.413643032722656	0.4181956	8.344518548616666
0.41538836197465046	0.2861043333333333	8.302785220716665
0.4171336912266447	0.2563912666666667	8.36780427415
0.41887902047863906	0.37010419999999994	8.379280551139999
0.42062434973063334	0.4128046666666667	8.16021969132333
0.4223696789826278	0.36337129999999995	7.911069412093333
0.4241150082346221	0.3104106	7.817233752263332
0.42586033748661634	0.24796616666666665	7.819561581750001
0.4276056667386108	0.30913976666666665	7.9430769822633325
0.4293509959906051	0.3651526333333333	7.95251782306
0.43109632524259933	0.2951875666666667	7.765148829796666
0.4328416544945937	0.19196806666666666	7.573828458313333
0.434586983746588	0.17071039999999998	7.53133326702
0.4363323129985824	0.19097866666666663	7.615821291526666
0.43807764225057666	0.23878160000000004	7.7707624401299995
0.43982297150257105	0.19713719	7.7536560759299995
0.44156830075456543	0.10990695	7.576487239926667
0.44331363000655966	0.07015215666666666	7.41438198843
0.445058959258554	0.10852102999999999	7.413774697539999
0.4468042885105484	0.15260541666666666	7.576201037136667
0.44854961776254265	0.15952116666666666	7.749450388273333
0.45029494701453704	0.10239674	7.6773613262
0.4520402762665313	0.11527493	7.462969997006667
0.4537856055185257	0.16508316666666667	7.271453716743334
0.45553093477052	0.19036809999999998	7.253087604753333
0.4572762640225143	0.2035361	7.44924448342
0.45902159327450864	0.20574162333333335	7.62255057518
0.460766922526503	0.19811016666666664	7.5058983526
0.46251225177849725	0.2936909	7.27397544054
0.4642575810304917	0.3305827333333333	7.059754101906666
0.46600291028248597	0.2670880333333333	7.023949047756666
0.46774823953448036	0.2475832	7.231681062003333
0.4694935687864746	0.2715054333333333	7.381162426266666
0.47123889803846897	0.30038776666666667	7.249941262183333
0.4729842272904633	0.3842162333333333	7.0412740282
0.47472955654245763	0.3319794	6.836789885306666
0.4764748857944519	0.21257109999999996	6.82410567816
0.4782202150464463	0.20204856666666665	7.025159954296666
0.4799655442984406	0.23609086666666662	7.110241752793333
0.481710873550435	0.2621287666666666	6.968863318553333
0.48345620280242924	0.2886054333333333	6.780057814356667
0.4852015320544237	0.18813096666666665	6.6047499882933325
0.48694686130641796	0.11715343333333333	6.664198677483334
0.4886921905584123	0.14019794	6.85853237404
0.49043751981040656	0.15404985999999998	6.87729155149
0.49218284906240095	0.16020230666666663	6.721649452173333
0.4939281783143953	0.14795498666666665	6.507258530549999
0.4956735075663895	0.08005537666666666	6.348100151916666
0.4974188368183839	0.10359663999999999	6.477154897559999
0.49916416607037833	0.12764925333333332	6.65821964621
0.5009094953223726	0.10465068333333334	6.654426278979999
0.5026548245743669	0.09693389	6.4981146220433335
0.5044001538263612	0.07524780333333334	6.240385437076666
0.5061454830783556	0.07620577	6.102499725766667
0.5078908123303499	0.15509076666666666	6.2646986001633325
0.5096361415823442	0.14078743	6.41312917801
0.5113814708343385	0.10779101666666666	6.419801030683333
0.5131268000863327	0.10425230666666666	6.257131261616665
0.5148721293383272	0.0846595	5.967865631563333
0.5166174585903216	0.13662198666666667	5.880935453866667
0.5183627878423158	0.20769859999999998	6.059926653536667
0.5201081170943103	0.15950966666666666	6.198501655126667
0.5218534463463045	0.16340358	6.24923110316
0.5235987755982989	0.17009433333333335	6.0728857744599996
0.5253441048502931	0.14376119999999998	5.773335729676667
0.5270894341022874	0.19947283333333332	5.730652801843334
0.5288347633542818	0.2202707333333333	5.891366742166667
0.5305800926062761	0.1672779	6.034590308309999
0.5323254218582705	0.21864699999999998	6.125465877803333
0.5340707511102649	0.2175868333333333	5.934898611956666
0.5358160803622593	0.17496026666666667	5.657860464216666
0.5375614096142536	0.19784833333333332	5.632343554313332
0.5393067388662478	0.1672741	5.746225358483333
0.541052068118242	0.136309	5.888570274066667
0.5427973973702365	0.20566086666666666	5.9682249996
0.5445427266222308	0.1833185333333333	5.747965159776666
0.5462880558742251	0.14082978	5.497016395813334
0.5480333851262194	0.13195116666666667	5.446321339123333
0.5497787143782138	0.08443733333333332	5.5195378773
0.5515240436302082	0.09219274	5.689169186139999
0.5532693728822025	0.14966204	5.7674115293699995
0.5550147021341967	0.11858355333333333	5.5719120178
0.5567600313861911	0.10426763	5.3715512607299996
0.5585053606381855	0.08121724999999999	5.271230281073333
0.5602506898901798	0.04386230666666666	5.30035275718
0.561996019142174	0.07371483666666667	5.47299736539
0.5637413483941685	0.09652707666666667	5.544476532600001
0.5654866776461628	0.07600960666666666	5.426575339926666
0.5672320068981571	0.09890804666666667	5.3099550603433325
0.5689773361501516	0.07640696333333333	5.196205812493333
0.5707226654021459	0.06185894666666667	5.20655014013
0.57246799465414	0.08577163666666666	5.330316536003332
0.5742133239061344	0.07059483	5.34334995926
0.5759586531581287	0.07458795	5.266681557373333
0.5777039824101231	0.12214570999999999	5.194055559063333
0.5794493116621174	0.10688771	5.095033197039999
0.5811946409141118	0.11854526666666665	5.129483211396666
0.582939970166106	0.12303346666666666	5.208878809683334
0.5846852994181004	0.08363396666666667	5.173351794949999
0.5864306286700948	0.10624229666666665	5.109467426196667
0.5881759579220891	0.14898273333333334	5.031153429673333
0.5899212871740833	0.13706776666666665	4.945349407093333
0.5916666164260775	0.16706746666666664	5.004771188103334
0.593411945678072	0.15193769999999998	5.052437081596666
0.5951572749300664	0.10452661333333332	5.008890265433333
0.5969026041820606	0.12655679999999997	4.961873786953333
0.5986479334340549	0.14303929999999998	4.8772938795566665
0.6003932626860494	0.134237	4.818883992683333
0.6021385919380438	0.17311583333333336	4.893888918006667
0.603883921190038	0.14775186666666668	4.921705836626666
0.6056292504420324	0.10595010666666667	4.89396769765
0.6073745796940266	0.11439923333333332	4.858333142593333
0.609119908946021	0.10621276000000002	4.773258887423333
0.6108652381980153	0.10244283333333333	4.738310567906667
0.6126105674500095	0.13505	4.80129076695
0.614355896702004	0.10717942333333333	4.8127772728
0.6161012259539983	0.08070684333333332	4.8111869590400005
0.6178465552059926	0.07647314666666666	4.7943085133666665
0.6195918844579871	0.06128933	4.742073633146667
0.6213372137099814	0.06509007	4.742623352636667
0.6230825429619757	0.0798791	4.778122080136666
0.62482787221397	0.05757635666666667	4.758142201529999
0.6265732014659642	0.05679167333333333	4.745042454166666
0.6283185307179586	0.05154366	4.714103121273332
0.630063859969953	0.04507883333333333	4.695936036176666
0.6318091892219473	0.057038226666666664	4.743423724916666
0.6335545184739415	0.056531393333333325	4.778867610699999
0.635299847725936	0.050901146666666675	4.7525059278
0.6370451769779303	0.08227613333333333	4.71472196175
0.6387905062299246	0.08317711666666666	4.634630999753332
0.6405358354819191	0.08046579333333333	4.5956178555
0.6422811647339131	0.08752327333333333	4.627916093586666
0.6440264939859075	0.07514264333333333	4.638116779216666
0.6457718232379019	0.08582093666666665	4.610446511523333
0.6475171524898962	0.13896865333333333	4.57666849996
0.6492624817418906	0.14185836666666665	4.500538780723333
0.6510078109938849	0.12982233333333332	4.468491464546666
0.6527531402458793	0.12090105666666665	4.4745816093199995
0.6544984694978735	0.10071173333333333	4.431976979706667
0.6562437987498679	0.11323073666666666	4.358406855369999
0.6579891280018623	0.15997093333333334	4.304861077126667
0.6597344572538565	0.15359746666666665	4.263048001336667
0.6614797865058508	0.13170343333333334	4.293128909956666
0.6632251157578453	0.11670575333333333	4.333342549623333
0.6649704450098396	0.10266105666666665	4.286936472759999
0.6667157742618338	0.10752301333333332	4.1767210941199995
0.668461103513828	0.12508883333333332	4.086260907313333
0.6702064327658226	0.10226980333333333	4.06073305008
0.6719517620178169	0.08084192	4.144300339499999
0.6736970912698113	0.07647636666666666	4.232009046456666
0.6754424205218055	0.07897994333333333	4.21199182536
0.6771877497737997	0.07762880333333333	4.094294422396667
0.6789330790257941	0.06884565666666666	3.9815132061933327
0.6806784082777885	0.040004193333333334	3.9618496926633338
0.6824237375297828	0.03479190333333333	4.075195070533333
0.6841690667817772	0.04904478666666666	4.19188489659
0.6859143960337715	0.06294988466666668	4.18810807781
0.6876597252857658	0.05743898333333334	4.063710772049999
0.6894050545377601	0.040259076666666664	3.9300644483733334
0.6911503837897546	0.023016899999999996	3.9006873028333335
0.6928957130417489	0.04160542666666667	4.020003365576667
0.6946410422937431	0.06850946999999999	4.149145044649999
0.6963863715457373	0.07956324000000001	4.15681082399
0.6981317007977319	0.06730850333333332	4.036643153076666
0.6998770300497262	0.05299670999999999	3.9008145002566668
0.7016223593017206	0.05127880666666666	3.8705318301
0.7033676885537148	0.08063644666666667	3.9870880646733333
0.705113017805709	0.10205809666666667	4.106131194256666
0.7068583470577035	0.10105013333333332	4.097349458536667
0.7086036763096978	0.08197151666666666	3.955538212593333
0.710349005561692	0.07225643999999999	3.805933620236667
0.7120943348136863	0.08232141666666666	3.788745481936666
0.7138396640656808	0.10807668666666666	3.931475856013334
0.7155849933176751	0.11225356666666667	4.069665884389999
0.7173303225696694	0.10664089	4.066933793426666
0.7190756518216639	0.09277463666666666	3.9002446462766667
0.7208209810736581	0.08741963333333333	3.7034517367066666
0.7225663103256524	0.10400919666666666	3.660000028923333
0.7243116395776467	0.11961449999999998	3.7997423048766663
0.726056968829641	0.10132584	3.9514450074799994
0.7278022980816354	0.09770730666666666	3.9896400188266665
0.7295476273336298	0.10032147666666666	3.8589940315333333
0.7312929565856241	0.10076906666666666	3.6642284635899998
0.7330382858376183	0.12167186999999999	3.606960630023333
0.7347836150896128	0.13117910333333332	3.7163017665166667
0.7365289443416071	0.09287578999999999	3.831741182519999
0.7382742735936013	0.082489137	3.86991540958
0.7400196028455955	0.08812083999999999	3.771784451686667
0.7417649320975901	0.08337468666666666	3.611842711143333
0.7435102613495844	0.10250091333333333	3.5795200699266667
0.7452555906015788	0.11709391666666666	3.6869817513466665
0.747000919853573	0.08142858333333332	3.7780606575433326
0.7487462491055674	0.06833938	3.7941877557899994
0.7504915783575618	0.06477350999999999	3.683847113613333
0.752236907609556	0.04589781	3.5182631956933332
0.7539822368615503	0.05227795999999999	3.4775859476499997
0.7557275661135445	0.06809580999999999	3.5762759139099995
0.757472895365539	0.05146389333333332	3.680939912983334
0.7592182246175333	0.050051196666666666	3.7224325691999995
0.7609635538695276	0.04498055666666667	3.624993759976667
0.7627088831215221	0.02869248466666667	3.4522852145
0.7644542123735163	0.031539355899999996	3.363795331266666
0.7661995416255106	0.04213707633333333	3.39638433517
0.767944870877505	0.04156324433333333	3.48576261281
0.7696902001294994	0.05186143333333333	3.562445513423333
0.7714355293814937	0.04543015833333333	3.51779495341
0.773180858633488	0.043034086666666665	3.3970939847966664
0.7749261878854823	0.05656079	3.3075028568899993
0.7766715171374765	0.06386338333333333	3.28249067281
0.778416846389471	0.07435661999999998	3.3293590683266663
0.7801621756414653	0.09316692	3.39933008681
0.7819075048934595	0.08018038666666666	3.3785968244499998
0.7836528341454538	0.08104818	3.31130314185
0.7853981633974483	0.09551131666666665	3.2534897219233327
0.7871434926494427	0.09209549666666667	3.2160803456866667
0.7888888219014369	0.10544798666666666	3.2446891750900004
0.7906341511534312	0.13261950333333333	3.303377454893333
0.7923794804054256	0.11846006666666667	3.28681394985
0.7941248096574199	0.11465055333333332	3.2443755226166666
0.7958701389094142	0.11531074666666666	3.1996466153799994
0.7976154681614087	0.09325560666666666	3.1562260543466665
0.7993607974134027	0.10016672666666666	3.180624086563333
0.8011061266653973	0.12974527333333333	3.240345652826667
0.8028514559173916	0.11893005999999998	3.23892379064
0.8045967851693858	0.11065420666666666	3.2148963812166667
0.8063421144213804	0.09620103333333332	3.1624741271700003
0.8080874436733746	0.06286665666666666	3.0951266270999995
0.8098327729253688	0.06400250999999998	3.09961487972
0.8115781021773631	0.08809965666666666	3.15602496968
0.8133234314293576	0.08009665666666667	3.188186018246667
0.815068760681352	0.07472086666666666	3.2102589200633327
0.8168140899333463	0.06106387033333333	3.1748368438566663
0.8185594191853405	0.03917261233333333	3.0947135460133333
0.8203047484373349	0.044550769999999996	3.0609680522333336
0.8220500776893291	0.054440746666666665	3.0748373174999992
0.8237954069413235	0.03774674333333333	3.1046174321933333
0.8255407361933177	0.03441645533333333	3.1583183920699995
0.827286065445312	0.035573746999999996	3.159914854523333
0.8290313946973066	0.044986636	3.1090955181166664
0.8307767239493009	0.06509174200000001	3.0690474797433334
0.8325220532012951	0.05966363	3.0448403742266668
0.8342673824532894	0.028526086666666662	3.0472978696033337
0.8360127117052839	0.02318849333333333	3.0931336328166665
0.8377580409572781	0.038110109999999996	3.1076552148833327
0.8395033702092725	0.07422600499999998	3.0889161518933332
0.8412486994612667	0.10100398000000001	3.062023592696667
0.8429940287132611	0.07938901999999999	3.0229340560933338
0.8447393579652556	0.04259792966666666	3.0086224763466665
0.8464846872172498	0.04495764233333333	3.0378787119
0.8482300164692442	0.07314484666666665	3.0489778292733334
0.8499753457212386	0.12182683333333333	3.0517587336666665
0.8517206749732327	0.13956053999999998	3.0418241040266665
0.853466004225227	0.09596097333333332	3.0046957515933332
0.8552113334772216	0.05489437666666667	2.9912700951199995
0.8569566627292158	0.06528774	3.0138881220366667
0.8587019919812102	0.09802093333333334	3.019282157673333
0.8604473212332044	0.14596186	3.0305802596866664
0.8621926504851987	0.15507218666666667	3.027104691363333
0.8639379797371932	0.10317354666666667	2.9884253083299996
0.8656833089891874	0.06532136	2.975499114763333
0.8674286382411818	0.07728137999999998	2.99942284817
0.869173967493176	0.09538785333333333	3.01104972348
0.8709192967451702	0.12190367999999999	3.0350242650666663
0.8726646259971648	0.12324303666666665	3.037099652143333
0.8744099552491591	0.08350262666666666	2.9879899137966666
0.8761552845011533	0.06391463666666666	2.952375211653333
0.8779006137531478	0.08104876999999999	2.9562251750533335
0.8796459430051421	0.08155359333333333	2.96646291121
0.8813912722571363	0.07951160999999998	3.0045836798900005
0.8831366015091309	0.07278827	3.0247725634466662
0.8848819307611251	0.051172243333333325	2.98161547756
0.8866272600131193	0.04725920966666667	2.923797409153333
0.8883725892651138	0.06469919333333332	2.8932825568866662
0.890117918517108	0.05579095666666667	2.884654633106667
0.8918632477691024	0.04064131333333333	2.9195558685866665
0.8936085770210968	0.03811816	2.9518205062466665
0.895353906273091	0.03948278933333333	2.9303004330833327
0.8970992355250853	0.04329913966666666	2.8768623698466667
0.8988445647770799	0.048261639999999995	2.8339003177066666
0.9005898940290741	0.031233743333333334	2.8167665277766663
0.9023352232810684	0.015947988999999996	2.8418984802466665
0.9040805525330626	0.02432818133333333	2.8661485484066667
0.9058258817850569	0.047924369	2.8515170763766666
0.9075712110370514	0.05884023333333333	2.805571729366666
0.9093165402890456	0.051238976666666665	2.7638017206466667
0.91106186954104	0.03091581666666667	2.754309144663333
0.9128071987930344	0.024136274333333336	2.785325240093333
0.9145525280450286	0.039113333333333326	2.807993999003333
0.9162978572970231	0.06846047866666666	2.79697054077
0.9180431865490173	0.07890530200000001	2.7549081951366667
0.9197885158010117	0.06188046666666667	2.7058863363666665
0.921533845053006	0.04358351833333333	2.6872460271799996
0.9232791743050003	0.05376791	2.7147824454033334
0.9250245035569945	0.07727468333333333	2.7401750211533327
0.9267698328089891	0.10085350666666666	2.743872482793333
0.9285151620609834	0.10245710666666666	2.7232659389466662
0.9302604913129776	0.07462244666666666	2.6794374196399997
0.9320058205649719	0.04984776666666666	2.6417121601466667
0.9337511498169662	0.06712707666666666	2.64450039049
0.9354964790689607	0.09755087333333334	2.658356898636667
0.9372418083209549	0.11552936666666665	2.670469242213333
0.9389871375729492	0.11262383666666666	2.67722493337
0.9407324668249435	0.08472948999999999	2.65827119884
0.9424777960769379	0.05282475666666667	2.6169303351033335
0.9442231253289324	0.060309879999999996	2.59561300337
0.9459684545809266	0.08259157333333333	2.5898684656366666
0.9477137838329208	0.08822921333333333	2.5947250419800003
0.9494591130849153	0.08109815666666666	2.6109488472799995
0.9512044423369096	0.06652789666666666	2.6151618747966667
0.9529497715889038	0.04559690799999999	2.587788876413333
0.9546951008408984	0.048367709999999994	2.562140777863333
0.9564404300928926	0.05868357	2.5483238205766665
0.9581857593448869	0.04967819333333333	2.545889568853333
0.9599310885968813	0.03382799	2.556382579396667
0.9616764178488755	0.029241363	2.5643760006066665
0.96342174710087	0.02553337333333333	2.54434454282
0.9651670763528643	0.03181100333333333	2.5177934223200005
0.9669124056048585	0.036285396666666664	2.501366951633333
0.9686577348568528	0.024515820666666664	2.5021009257633335
0.9704030641088474	0.010250664136666667	2.5175330779866663
0.9721483933608416	0.013320140666666667	2.5305779995333335
0.9738937226128359	0.020772940999999996	2.5137726280066666
0.9756390518648301	0.027575757999999995	2.4789053129500003
0.9773843811168246	0.0238489242	2.44529788563
0.9791297103688189	0.014014008666666664	2.438625833843333
0.9808750396208131	0.012508788333333333	2.464109920483333
0.9826203688728073	0.026242133333333334	2.4961187314066664
0.9843656981248019	0.04045427	2.4986626034166664
0.9861110273767961	0.047451056666666665	2.4707194308199996
0.9878563566287906	0.03613581666666667	2.4213999533333332
0.9896016858807848	0.025259069999999998	2.3902802618233334
0.991347015132779	0.03297852	2.404011753053333
0.9930923443847736	0.04964763999999999	2.439989631703333
0.9948376736367678	0.05907383666666666	2.4603736334666664
0.9965830028887621	0.06423063333333331	2.4590509048399998
0.9983283321407567	0.05362215000000001	2.4268480904366663
1.0000736613927508	0.045587536666666664	2.39390512376
1.0018189906447452	0.058168859999999996	2.3967518417133333
1.0035643198967397	0.07003121	2.419878369953333
1.0053096491487339	0.06459361333333333	2.4310583595466664
1.007054978400728	0.06162023333333334	2.4327185166166663
1.0088003076527223	0.05429025999999999	2.4114442910266662
1.0105456369047165	0.051424953333333336	2.3865795425866665
1.0122909661567112	0.06589628666666666	2.3956339326
1.0140362954087054	0.07290418666666666	2.42587096868
1.0157816246606999	0.05633262	2.4423923833533334
1.017526953912694	0.04646228	2.44541908274
1.0192722831646883	0.041732556666666656	2.4182560162133333
1.0210176124166828	0.041798346666666666	2.3779455558333336
1.022762941668677	0.05421161	2.37084926941
1.0245082709206712	0.05858119666666667	2.397343258873333
1.0262536001726654	0.04140651	2.425994009523333
1.02799892942466	0.032682837	2.448110327786667
1.0297442586766543	0.03044529	2.4330757953899997
1.0314895879286488	0.029320939999999997	2.3886654586333327
1.0332349171806432	0.03553471	2.364125246333333
1.0349802464326374	0.03763804333333333	2.371671154536666
1.0367255756846316	0.027466619333333334	2.3913967897333333
1.0384709049366259	0.028450482	2.4168187949399997
1.0402162341886205	0.031381624999999996	2.4106991628166665
1.041961563440615	0.027835226999999997	2.3737658442433336
1.043706892692609	0.026086587666666664	2.353073680663333
1.0454522219446034	0.023476516333333336	2.360578579866667
1.0471975511965979	0.018354904486666664	2.3775822909
1.048942880448592	0.02892626633333333	2.3986892847999997
1.0506882097005863	0.03762131166666667	2.3852583013766666
1.0524335389525805	0.033676305	2.3384124097133334
1.0541788682045747	0.028227799666666664	2.31180575517
1.0559241974565694	0.023227795333333332	2.3225747173199998
1.0576695267085636	0.020518166666666664	2.3510777799966665
1.059414855960558	0.035744439999999995	2.3861899853533335
1.0611601852125523	0.045893510000000005	2.3793689011666666
1.0629055144645467	0.04063062666666667	2.3240826097166662
1.064650843716541	0.03608123666666666	2.2788184726366665
1.0663961729685352	0.03396939	2.2727843622866666
1.0681415022205298	0.033699186666666665	2.296433192463333
1.069886831472524	0.050522396666666664	2.3425667609599996
1.0716321607245185	0.05924740666666667	2.3551447822466667
1.0733774899765127	0.050521063333333324	2.3123141588433334
1.0751228192285072	0.04764835666666667	2.2646515133866667
1.0768681484805014	0.050211103333333326	2.2430872894266667
1.0786134777324956	0.04960827666666666	2.246605350456666
1.0803588069844898	0.06352099333333333	2.2821946557699997
1.082104136236484	0.06972635999999999	2.3002367512033333
1.0838494654884787	0.056460246666666665	2.26961466684
1.085594794740473	0.052497459999999996	2.230833307876667
1.0873401239924672	0.05889272333333334	2.2097371268533332
1.0890854532444616	0.05753788666666666	2.20430630548
1.0908307824964558	0.06705187666666666	2.2310320840566664
1.0925761117484503	0.07191693666666665	2.250208221773333
1.0943214410004445	0.055545733333333326	2.2252530671733335
1.0960667702524387	0.047028926666666665	2.1887946147233333
1.0978120995044334	0.05371990333333333	2.1657310924366664
1.0995574287564276	0.05228496333333334	2.1539755446
1.101302758008422	0.05853683333333333	2.17606380865
1.1030480872604165	0.06409125666666667	2.2016553766599998
1.1047934165124107	0.04918426333333334	2.1884592000466663
1.106538745764405	0.03765302533333333	2.1571588709366663
1.1082840750163991	0.042670839999999995	2.131069787333333
1.1100294042683934	0.041219725	2.11086151775
1.111774733520388	0.044344391999999996	2.1252588860899997
1.1135200627723822	0.049188377333333325	2.1558749680466667
1.1152653920243765	0.037652223666666665	2.15971292607
1.117010721276371	0.026317482999999996	2.142817063986666
1.1187560505283651	0.029872322999999996	2.1204133564866665
1.1205013797803596	0.029546351	2.0931381123399997
1.1222467090323538	0.031749065666666666	2.0926193648033333
1.123992038284348	0.03497181766666667	2.11288281417
1.1257373675363422	0.026903881666666664	2.12105611647
1.127482696788337	0.018932813333333333	2.1169555679166665
1.1292280260403311	0.021094216666666665	2.10556726275
1.1309733552923256	0.019873473333333332	2.083643430753333
1.13271868454432	0.022212046666666665	2.08023819635
1.1344640137963142	0.025395389999999997	2.0927356528766667
1.1362093430483085	0.022260903333333335	2.09709637193
1.1379546723003031	0.021984701	2.094050004543333
1.139700001552297	0.02519255333333333	2.0824535625533334
1.1414453308042918	0.020009323333333332	2.05838756679
1.143190660056286	0.01999307033333333	2.053735082446667
1.14493598930828	0.023141483999999997	2.0670796480833333
1.1466813185602747	0.023353555999999998	2.0750112181666664
1.1484266478122689	0.029915757333333334	2.076885676443333
1.150171977064263	0.03702310266666667	2.0663860638599996
1.1519173063162573	0.030828767333333333	2.037673229583333
1.1536626355682515	0.030416791333333335	2.02749545957
1.1554079648202462	0.03524721	2.03899461836
1.1571532940722404	0.03593495666666666	2.047846685143333
1.1588986233242349	0.041962752666666665	2.0521627325866665
1.160643952576229	0.048739073333333334	2.0446355035033332
1.1623892818282235	0.042400424	2.01662759363
1.1641346110802178	0.04415861733333333	2.0054623856699996
1.165879940332212	0.05425051333333333	2.017997923176667
1.1676252695842066	0.05773327	2.0280432178733334
1.1693705988362009	0.06113356666666667	2.03141481061
1.171115928088195	0.06365665	2.0230334216466663
1.1728612573401895	0.053885763333333336	1.99370814153
1.1746065865921838	0.053861401333333336	1.9801958828833333
1.1763519158441782	0.0659875	1.9941773800866667
1.1780972450961724	0.07214202666666666	2.008898337303333
1.1798425743481666	0.07477232333333333	2.01565767367
1.1815879036001609	0.07560025666666666	2.0096315903099997
1.183333232852155	0.06436685333333333	1.9796056887733333
1.18507856210415	0.06124241566666666	1.9598071841266667
1.186823891356144	0.07080354999999999	1.9687563599366666
1.1885692206081382	0.07480102999999999	1.9840965158100001
1.1903145498601329	0.073961112	1.99480367966
1.192059879112127	0.07374021333333333	1.99596610673
1.1938052083641213	0.06457478333333333	1.9721005020533333
1.1955505376161155	0.062269241333333336	1.95032202118
1.1972958668681097	0.07150268666666666	1.9534697414566669
1.1990411961201044	0.07308651333333333	1.9651540239233332
1.2007865253720988	0.06630277666666666	1.9743880939766667
1.2025318546240933	0.06230629666666666	1.9786327397666668
1.2042771838760875	0.05395028333333333	1.9602727664533335
1.2060225131280817	0.05300403666666667	1.9386942014833333
1.207767842380076	0.06453879	1.9389729107
1.2095131716320702	0.06745988333333333	1.9492069844333333
1.2112585008840648	0.05721299933333333	1.95707066803
1.213003830136059	0.050108865	1.9624804132266667
1.2147491593880533	0.041833557333333334	1.9475963943399999
1.2164944886400477	0.039897552333333336	1.9251883741866664
1.218239817892042	0.05181715199999999	1.9229232557466667
1.2199851471440364	0.05696816233333333	1.9330465597399997
1.2217304763960306	0.04555296833333333	1.9396731779233334
1.2234758056480248	0.038019895	1.9444893161066665
1.225221134900019	0.033071195666666664	1.9308926473099999
1.2269664641520137	0.030721911666666664	1.904144495523333
1.228711793404008	0.040144283333333336	1.8948005016533334
1.2304571226560024	0.046269546999999994	1.9037840492066667
1.2322024519079966	0.03482543033333333	1.91253871978
1.233947781159991	0.027617594	1.9219531239799998
1.2356931104119853	0.02779101366666667	1.9163708207599996
1.23743843966398	0.026309769333333333	1.8892946896466667
1.2391837689159741	0.03026433133333333	1.8682957470533332
1.240929098167968	0.03564476233333333	1.8678235724833332
1.2426744274199628	0.02751897333333333	1.8731333011599998
1.244419756671957	0.022155388666666664	1.88261601272
1.2461650859239515	0.026025201333333334	1.88384371956
1.2479104151759457	0.025790121266666664	1.8630766893
1.24965574442794	0.023572856666666663	1.8394386500866668
1.2514010736799341	0.026079769666666662	1.8367650073333333
1.2531464029319284	0.022892217666666662	1.8463954040033332
1.254891732183923	0.020677938333333333	1.8598660365766666
1.2566370614359172	0.025430203333333335	1.8646291341766663
1.2583823906879115	0.026506916	1.8465240165866663
1.260127719939906	0.021574574333333332	1.81756904024
1.2618730491919004	0.021149758266666666	1.8063998633566665
1.2636183784438946	0.021157247666666663	1.8151031743833332
1.2653637076958888	0.021811787666666665	1.8344416768766667
1.267109036947883	0.026143325999999998	1.8504097368766665
1.2688543661998777	0.02834618	1.84764780321
1.270599695451872	0.023848946666666666	1.82770599309
1.2723450247038663	0.02162560933333333	1.8136578837766664
1.2740903539558606	0.022391277333333327	1.81420264242
1.2758356832078548	0.02450960333333333	1.82543849046
1.2775810124598492	0.028279106666666665	1.8382193577666666
1.2793263417118435	0.03132958333333333	1.84172188779
1.2810716709638381	0.028412133333333332	1.83227271292
1.282817000215832	0.02609526333333333	1.8254066600799999
1.2845623294678261	0.02773087333333333	1.8290571907199997
1.286307658719821	0.030818569999999997	1.8387495111799999
1.288052987971815	0.033415396666666666	1.84662724563
1.2897983172238097	0.03575055	1.8462926136366664
1.2915436464758039	0.033071859999999995	1.8334897100533332
1.293288975727798	0.03065224	1.82185267733
1.2950343049797923	0.03394491333333333	1.82210213518
1.296779634231787	0.03939346	1.8305302141533333
1.2985249634837812	0.04222860499999999	1.8394748469833333
1.3002702927357757	0.044113503666666665	1.8441399486933332
1.3020156219877699	0.04069697333333333	1.8356961982133333
1.3037609512397643	0.035932257999999995	1.8213787368366667
1.3055062804917585	0.03767967366666666	1.81292416528
1.3072516097437528	0.04340920066666666	1.80963078529
1.308996938995747	0.046694896666666666	1.8083376617366664
1.3107422682477412	0.04976904916666667	1.8114597632333331
1.3124875974997359	0.04794627966666666	1.809546776163333
1.31423292675173	0.04236980333333333	1.8019409434433329
1.3159782560037245	0.0414463018	1.7973284055666667
1.3177235852557188	0.0445741645	1.7941505482900002
1.319468914507713	0.045555039	1.7888260945366667
1.3212142437597074	0.04775359733333333	1.7883844464833332
1.3229595730117016	0.04717064133333333	1.78503899728
1.3247049022636959	0.04275470599999999	1.7737490399299998
1.3264502315156905	0.04186033166666667	1.7652263974466664
1.3281955607676847	0.04403224033333333	1.7635401979199998
1.3299408900196792	0.04262429333333334	1.76533216803
1.3316862192716734	0.04240189	1.7769115240966666
1.3334315485236676	0.041330283333333336	1.786326444383333
1.3351768777756619	0.03726141333333333	1.7773524661233333
1.336922207027656	0.03704003	1.7588969256499998
1.338667536279651	0.040405699999999996	1.7457566025399998
1.3404128655316452	0.03888214666666666	1.7422228334366665
1.3421581947836396	0.03761697666666666	1.7585549645666667
1.3439035240356338	0.03682972999999999	1.7831304700866666
1.345648853287628	0.032473183333333336	1.78784903666
1.3473941825396225	0.031122086666666667	1.7719235954466666
1.3491395117916167	0.0356685	1.7548710635066667
1.350884841043611	0.03616854333333333	1.74592795171
1.3526301702956052	0.036231189999999996	1.7581147182833334
1.3543754995475994	0.03833853999999999	1.7854063538566667
1.356120828799594	0.034980156666666665	1.7948369910266664
1.3578661580515883	0.030317403333333333	1.7762993300899999
1.3596114873035827	0.03347454	1.752860903233333
1.361356816555577	0.03538490666666666	1.7389080743066665
1.3631021458075712	0.03623258	1.7492374323599997
1.3648474750595656	0.04198942666666666	1.7854556369766668
1.3665928043115598	0.042591809999999994	1.8114088336733332
1.3683381335635545	0.035663409333333326	1.80041021552
1.3700834628155487	0.03677932666666667	1.7707840065466665
1.371828792067543	0.04026104666666667	1.7397898603200002
1.3735741213195374	0.03842653333333333	1.7245094822999998
1.3753194505715316	0.04073757333333333	1.7446568600866668
1.377064779823526	0.04287346533333333	1.77988679488
1.3788101090755203	0.03578628233333333	1.7921949978599998
1.3805554383275145	0.036845727999999994	1.7848579527066666
1.3823007675795091	0.04586737	1.7661578005999998
1.384046096831503	0.04383970666666666	1.7394055154266668
1.3857914260834978	0.037490088666666664	1.7313132925699999
1.387536755335492	0.03631710666666667	1.7496218837066666
1.3892820845874863	0.03006020433333334	1.7619249565833333
1.3910274138394805	0.028869625333333333	1.7597058872866667
1.3927727430914747	0.039150889999999994	1.74878584038
1.3945180723434691	0.03972482	1.7248304351833332
1.3962634015954638	0.029451103666666662	1.7095629259699998
1.398008730847458	0.027407333666666662	1.7283423536766667
1.3997540600994525	0.026926487	1.755209873933333
1.4014993893514467	0.02441928	1.7621489962866665
1.4032447186034411	0.027930633333333333	1.747569550713333
1.4049900478554354	0.02744061333333333	1.7115626576566667
1.4067353771074296	0.017521563999999996	1.6745070791
1.4084807063594238	0.015367223333333332	1.6740681997966664
1.410226035611418	0.02006558	1.7028938242366665
1.4119713648634127	0.020574936666666665	1.727195141133333
1.413716694115407	0.020051719	1.7326312860099997
1.4154620233674011	0.019255164999999998	1.71514297087
1.4172073526193956	0.01354832333333333	1.6823044822999997
1.4189526818713898	0.010843533333333332	1.66344962845
1.420698011123384	0.013445316333333334	1.6675290697533331
1.4224433403753782	0.014931764	1.6782241973733332
1.4241886696273727	0.014721651999999998	1.6851685063899997
1.4259339988793673	0.014879996	1.6835782533333332
1.4276793281313616	0.013395846999999999	1.6704673179933334
1.429424657383356	0.012811973333333332	1.65910774965
1.4311699866353502	0.013941063333333331	1.6587686878199999
1.4329153158873444	0.015795019	1.6657603458033332
1.4346606451393389	0.01807293733333333	1.6756864945333334
1.436405974391333	0.018173000999999998	1.6802188202266666
1.4381513036433278	0.014412759	1.6691129227466668
1.439896632895322	0.013675383333333332	1.6513399977166667
1.4416419621473162	0.016911845	1.6401821268866668
1.4433872913993107	0.020313355999999998	1.6416137229566665
1.4451326206513049	0.024883247999999997	1.6605455518966665
1.446877949903299	0.027822096999999997	1.6873877356933333
1.4486232791552933	0.023203372333333333	1.6968170096533335
1.4503686084072875	0.020811385666666668	1.6852527890933333
1.452113937659282	0.025855017666666664	1.66474728698
1.4538592669112762	0.027646606666666663	1.6437044016733333
1.4556045961632709	0.026419930999999997	1.6395097739899998
1.457349925415265	0.030047091999999997	1.6620076859366666
1.4590952546672595	0.03091468	1.68579426953
1.460840583919254	0.030591753	1.692091997393333
1.4625859131712482	0.03776401433333333	1.68648208694
1.4643312424232424	0.04031204333333333	1.6709401667866666
1.4660765716752366	0.03235685333333333	1.6571964762166664
1.4678219009272309	0.031444433333333334	1.6679909019633332
1.4695672301792255	0.03566753333333333	1.6875912517733334
1.4713125594312197	0.03452848633333333	1.6872787493666666
1.4730578886832142	0.037317837666666666	1.6729944474666667
1.4748032179352084	0.042540670333333336	1.6565317488833333
1.4765485471872026	0.038152157	1.644536426493333
1.478293876439197	0.036540188333333334	1.6583483432633335
1.480039205691191	0.042052869	1.6902489558566665
1.481784534943186	0.03842906633333333	1.7014471277933334
1.4835298641951802	0.030752907	1.6868232585666665
1.4852751934471744	0.03223770833333333	1.6669813238866666
1.4870205226991688	0.03344840666666666	1.6485376355899999
1.488765851951163	0.033369797666666666	1.64563248414
1.4905111812031575	0.03873172133333333	1.6652294575466666
1.4922565104551517	0.038480666	1.6806084898666667
1.494001839707146	0.02961130666666667	1.6778533490399998
1.4957471689591406	0.027212825999999996	1.6740655869899999
1.4974924982111348	0.028738103333333334	1.6715505195066664
1.4992378274631293	0.02522142933333333	1.6670393256333331
1.5009831567151235	0.02332921016666667	1.6697833419833332
1.5027284859671177	0.024733716566666664	1.6737347089266668
1.504473815219112	0.023481481099999996	1.6675796121666666
1.5062191444711062	0.024842591733333336	1.6635016089
1.5079644737231006	0.028623864563	1.667135032813333
1.5097098029750948	0.025488101316666668	1.6694582573399999
1.511455132227089	0.018873516666666666	1.6739740860866665
1.5132004614790837	0.017031708	1.6824439843833332
1.514945790731078	0.01746989733333333	1.6827843730933332
1.5166911199830724	0.020381587333333333	1.6762906855366666
1.5184364492350666	0.025847040333333335	1.6693561049733332
1.520181778487061	0.026728712333333335	1.6585563723433332
1.5219271077390553	0.023444991999999998	1.6508642708499999
1.5236724369910495	0.02243274133333333	1.6568529133899998
1.5254177662430441	0.02253394066666667	1.6682831540833334
1.5271630954950384	0.025744236666666663	1.6780492641600002
1.5289084247470326	0.03338213466666666	1.6835720587266665
1.530653753999027	0.035912083666666664	1.6739244750166666
1.5323990832510213	0.03217474199999999	1.6533189345866666
1.5341444125030157	0.03133920533333333	1.6427510724366665
1.53588974175501	0.032142565	1.6450779129733333
1.537635071007004	0.03547337433333333	1.6542468759499998
1.5393804002589988	0.045832303866666674	1.6671895690466667
1.541125729510993	0.05113929926666666	1.6674072768
1.5428710587629875	0.0451683292	1.649124200323333
1.5446163880149817	0.04325237466666666	1.63690788015
1.546361717266976	0.04714914433333334	1.641231754853333
1.5481070465189704	0.048303813333333334	1.64991708222
1.5498523757709646	0.05302898433333332	1.6593220561033333
1.5515977050229588	0.05948174666666667	1.6608648542366666
1.553343034274953	0.05617643866666666	1.6418672350399999
1.5550883635269477	0.05318223366666667	1.6209232629533332
1.556833692778942	0.05841995999999999	1.6200568607033334
1.5585790220309363	0.05806965	1.62954817454
1.5603243512829306	0.05378170666666666	1.6417930988633334
1.5620696805349248	0.059825503333333335	1.6581208711299997
1.563815009786919	0.06689031999999999	1.6595887604400001
1.5655603390389135	0.0648854	1.6370144544999996
1.5673056682909077	0.06295793999999999	1.6130104612433334
1.5690509975429023	0.06035808999999999	1.6005647812866668
1.5707963267948966	0.052470739999999995	1.5987325425766665
1.5725416560468908	0.05395057333333332	1.61649809536
1.5742869852988854	0.06643187	1.6437132434166666
1.5760323145508797	0.06858597666666666	1.6486359411666665
1.5777776438028739	0.061010296666666665	1.6313472843633332
1.579522973054868	0.05981030333333333	1.6154570201966667
1.5812683023068623	0.05965474999999999	1.604652671646667
1.583013631558857	0.05567053	1.6003261379266667
1.5847589608108512	0.056882619999999995	1.6102090194266667
1.5865042900628454	0.05706245333333333	1.6200082462833332
1.5882496193148399	0.04933918333333333	1.6164066902466665
1.589994948566834	0.048411416666666665	1.61364798352
1.5917402778188283	0.055969290000000005	1.6172453288266664
1.5934856070708228	0.054948769999999994	1.61558008707
1.5952309363228174	0.048415639999999996	1.6140542158966666
1.5969762655748112	0.04762324333333333	1.6198958415733333
1.5987215948268054	0.04603843333333333	1.6208450366433333
1.6004669240788003	0.040904353333333324	1.6127930764166667
1.6022122533307945	0.03959837333333333	1.6055272224066663
1.603957582582789	0.03818600333333333	1.59858017032
1.6057029118347832	0.03309257333333333	1.5920863953566666
1.6074482410867772	0.03310492999999999	1.5959285667799998
1.6091935703387716	0.037843466666666666	1.6065926958466665
1.6109388995907659	0.03579597233333333	1.6093621435633332
1.6126842288427607	0.029180489999999996	1.60505616994
1.614429558094755	0.027466274333333335	1.6009226872766666
1.6161748873467492	0.027652406666666664	1.5932930610166665
1.6179202165987434	0.02465123333333333	1.5807457402233331
1.6196655458507376	0.022366137666666668	1.5708801502666667
1.621410875102732	0.020699883999999998	1.5653326675566668
1.6231562043547263	0.017044113	1.5633912094133333
1.624901533606721	0.016590395666666667	1.5693913532733332
1.6266468628587152	0.020710669	1.5800052467533334
1.6283921921107094	0.020565767333333332	1.5835550530966664
1.630137521362704	0.015900993666666665	1.5795888911866665
1.6318828506146983	0.014360682	1.5743071225399998
1.6336281798666925	0.014766839333333334	1.5663094933033332
1.6353735091186867	0.012212149333333333	1.5545678592866665
1.637118838370681	0.009841517666666667	1.5469552926566668
1.6388641676226756	0.009748332333333332	1.5493503537466666
1.6406094968746698	0.009481368333333332	1.5615867118999998
1.642354826126664	0.009708129333333333	1.5792044117166668
1.6441001553786583	0.012382957333333333	1.5912873515699997
1.6458454846306525	0.013488300033333333	1.58574388191
1.647590813882647	0.011534153833333333	1.5663263536066667
1.6493361431346412	0.011376583933333333	1.55107968175
1.6510814723866354	0.013208626666666664	1.5524207278233333
1.6528268016386303	0.011029338999999999	1.5660248535666668
1.654572130890624	0.0071265072	1.5796641183533335
1.6563174601426187	0.007623157216666667	1.5813490746666665
1.6580627893946132	0.010707871266666665	1.5675306935499997
1.6598081186466074	0.012865845133333333	1.54951173187
1.6615534478986018	0.015932168833333333	1.5454694205366666
1.663298777150596	0.017981488366666666	1.5592616660099998
1.6650441064025903	0.016554415766666664	1.5780800557666668
1.6667894356545845	0.0155849467	1.58594547693
1.6685347649065787	0.016996511566666664	1.5745000069366664
1.6702800941585736	0.015251187266666664	1.5468521330733334
1.6720254234105678	0.0115507532	1.5212457955266665
1.673770752662562	0.013143259766666665	1.5172535822866666
1.6755160819145563	0.018913540666666666	1.5357839920766665
1.6772614111665505	0.02211674	1.5603813038699998
1.679006740418545	0.024210754333333334	1.5773215695633331
1.6807520696705391	0.02606030733333333	1.5784787812633332
1.6824973989225334	0.023792729333333335	1.5611655363533332
1.684242728174528	0.020409064666666664	1.53577749922
1.6859880574265222	0.021274042333333333	1.519167921023333
1.6877333866785167	0.020613998666666664	1.5163775461566669
1.6894787159305111	0.018352516666666666	1.5282858016833334
1.6912240451825054	0.02342438833333333	1.55360977195
1.6929693744344996	0.031956887333333336	1.57476584176
1.6947147036864938	0.03329582	1.5712122599366665
1.6964600329384885	0.031765817	1.5489871353433333
1.6982053621904827	0.030866915666666665	1.5272031487066666
1.6999506914424771	0.027293565	1.5197293974133335
1.7016960206944713	0.02620015666666667	1.5353429300933332
1.7034413499464653	0.03138560933333333	1.56520351667
1.7051866791984598	0.03233287533333333	1.5781299593733333
1.706932008450454	0.028840263666666664	1.5611214030266667
1.708677337702449	0.03222670266666666	1.5331576769566664
1.7104226669544431	0.039847099999999996	1.51420649798
1.7121679962064373	0.04178901299999999	1.5136377085766664
1.7139133254584316	0.04212588366666667	1.5372891044199997
1.7156586547104258	0.042332853666666656	1.5688406232133332
1.7174039839624204	0.03712701033333333	1.5793115647533331
1.7191493132144147	0.032715236999999994	1.5641867605799997
1.7208946424664089	0.036407178666666665	1.5389101914433332
1.722639971718403	0.03846880833333333	1.5124030288199999
1.7243853009703973	0.038098386666666664	1.5004070743466666
1.726130630222392	0.046022442999999996	1.51677306494
1.7278759594743864	0.05465746933333333	1.5430354252233331
1.7296212887263807	0.050677938333333325	1.55196821963
1.7313666179783749	0.04330831033333333	1.54531032201
1.733111947230369	0.03876276266666666	1.5298799528666667
1.7348572764823635	0.03364864166666666	1.5096520702599998
1.7366026057343578	0.035838330599999996	1.5017373421133335
1.738347934986352	0.04671724133333333	1.5116899322
1.7400932642383462	0.048244549	1.51883557763
1.7418385934903404	0.041068769533333334	1.5185463803500001
1.7435839227423353	0.04004707053333333	1.5199456918699998
1.7453292519943295	0.0416514888	1.5151737585599998
1.7470745812463238	0.039149712899999994	1.5001215064766664
1.7488199104983182	0.039822784	1.4918843720366666
1.7505652397503124	0.040747977666666664	1.4951382261633333
1.7523105690023066	0.03588610643333333	1.50405191661
1.7540558982543013	0.033196448999999996	1.5195257355400003
1.7558012275062955	0.035863104	1.5307527682633335
1.75754655675829	0.034059742	1.5176130626233333
1.7592918860102842	0.031529445999999996	1.4912880714599999
1.7610372152622784	0.036790616	1.4783872999766665
1.7627825445142726	0.042461573	1.4838054783866665
1.7645278737662669	0.040407636	1.5001962781633331
1.7662732030182617	0.03648626299999999	1.52090703864
1.768018532270256	0.031580317000000004	1.5266537409266665
1.7697638615222502	0.02561999866666666	1.5092146259433332
1.7715091907742444	0.027322411666666664	1.4876057740166666
1.7732545200262386	0.036475163333333324	1.4759112934233332
1.7749998492782333	0.03942941	1.4697296641666668
1.7767451785302275	0.036822013333333334	1.4725514851166666
1.7784905077822217	0.035188253333333336	1.4833172259066665
1.780235837034216	0.03150587	1.4868226738466666
1.7819811662862102	0.0271403	1.4798010711266667
1.7837264955382048	0.028992829333333334	1.4714499931766665
1.785471824790199	0.03060929833333333	1.458654182843333
1.7872171540421935	0.029175396666666662	1.4448673865266666
1.7889624832941877	0.031061609999999996	1.4430112387599998
1.790707812546182	0.033265177333333326	1.4491616491066666
1.7924531417981764	0.029751213	1.4516736606466663
1.7941984710501706	0.027575343333333335	1.45469566023
1.7959438003021653	0.02762917133333333	1.45667379739
1.7976891295541597	0.025968629666666666	1.45132148237
1.7994344588061533	0.02740959883333333	1.4464971364033332
1.8011797880581482	0.032753923	1.4479848770466666
1.8029251173101424	0.03197542	1.4464615564466663
1.8046704465621368	0.028482614666666663	1.4458692151766663
1.806415775814131	0.030230149999999997	1.4548620392533334
1.8081611050661253	0.03270732	1.4644057256866667
1.8099064343181195	0.032581574333333335	1.4661621804566665
1.8116517635701137	0.035216229333333335	1.4663224986066665
1.8133970928221086	0.03548343266666666	1.4616368088933331
1.8151424220741028	0.031207865	1.4514142034833333
1.816887751326097	0.03315410133333333	1.4501353736533331
1.8186330805780913	0.041171926666666664	1.4588640036066665
1.8203784098300855	0.041328533333333334	1.4598659746999998
1.82212373908208	0.03828520666666667	1.4551854048166668
1.8238690683340746	0.04132638333333333	1.4535744259399999
1.8256143975860688	0.04373223333333333	1.4477456821199999
1.827359726838063	0.042621403333333335	1.4372781044866667
1.8291050560900572	0.045491790000000004	1.4346893674066667
1.830850385342052	0.04524337666666667	1.4343245824433333
1.8325957145940461	0.03933686333333333	1.4317841359233334
1.8343410438460404	0.041936716666666665	1.4387515913666669
1.8360863730980346	0.05181087666666667	1.4500382727599999
1.8378317023500288	0.051101719999999996	1.4446703748633332
1.8395770316020235	0.04601843666666667	1.43096897722
1.8413223608540177	0.048703603333333324	1.42585285689
1.843067690106012	0.05072184	1.4254463024000001
1.8448130193580063	0.047361589999999995	1.4290492346233332
1.8465583486100006	0.04804601333333333	1.44520848821
1.8483036778619948	0.04720823333333333	1.4599262064266665
1.850049007113989	0.04155669666666666	1.4610026392600002
1.8517943363659835	0.04485931666666666	1.4589379831933331
1.8535396656179781	0.05517119333333333	1.4553108844399998
1.8552849948699723	0.05223702	1.44038094178
1.8570303241219668	0.04269433	1.4321776987233332
1.858775653373961	0.04241719	1.4471917444933333
1.8605209826259552	0.044074796666666666	1.4672146688799999
1.8622663118779497	0.04092786999999999	1.4727742326566666
1.8640116411299439	0.04212973666666665	1.466253266
1.865756970381938	0.04304799666666666	1.4468213456066668
1.8675022996339323	0.038243896666666666	1.4237628507466664
1.8692476288859265	0.03790311333333333	1.42105278939
1.8709929581379214	0.04243981333333333	1.43917134368
1.8727382873899157	0.03713648	1.4522704064400003
1.8744836166419099	0.028259262666666667	1.4547575898433334
1.876228945893904	0.029634840000000003	1.45292226174
1.8779742751458983	0.03461911	1.4416742523733332
1.8797196043978928	0.03236000666666666	1.4218169048266667
1.881464933649887	0.02947634666666666	1.4111560915233332
1.8832102629018816	0.028396556666666663	1.4148856596433332
1.8849555921538759	0.024958346666666662	1.4274705229699998
1.88670092140587	0.022799502	1.44643624272
1.8884462506578648	0.025823236	1.4627041898099997
1.890191579909859	0.024587926666666666	1.457977694003333
1.8919369091618532	0.019580561666666663	1.4366938983166666
1.8936822384138474	0.020978499666666667	1.4197221509166664
1.8954275676658416	0.024879116666666663	1.41570964471
1.8971728969178363	0.019910164999999997	1.4221750284866665
1.8989182261698305	0.0134694	1.44066353542
1.900663555421825	0.012909493666666667	1.4602109720466665
1.9024088846738192	0.013739658333333332	1.4632172540233332
1.9041542139258134	0.013495112666666665	1.4471527260166666
1.9058995431778076	0.015296096999999998	1.4246411547199997
1.9076448724298019	0.015090468	1.40672574884
1.9093902016817967	0.012422032666666666	1.405346671003333
1.911135530933791	0.011337102666666665	1.4227392770066667
1.9128808601857852	0.011940936999999999	1.4446041542966666
1.9146261894377794	0.009206189	1.451975957753333
1.9163715186897738	0.005873079333333333	1.4421785162866665
1.9181168479417683	0.007424917666666667	1.4242619206466665
1.9198621771937625	0.012743263666666666	1.4097260630033333
1.9216075064457567	0.013773249666666664	1.4043416700566667
1.923352835697751	0.012175299666666667	1.4119022532233334
1.9250981649497452	0.012864899666666665	1.4284360744599998
1.92684349420174	0.013482574333333334	1.442351115733333
1.9285888234537343	0.010928281666666666	1.4429435717866668
1.9303341527057285	0.011005666333333334	1.4320094630533333
1.9320794819577227	0.012936762333333332	1.4148180229066665
1.933824811209717	0.013640169033333333	1.4006131475599999
1.9355701404617114	0.015512099266666666	1.4000710492100001
1.9373154697137056	0.018620814	1.41515798032
1.9390607989656998	0.015596097666666666	1.4324840942433332
1.9408061282176947	0.010433625999999998	1.44202987758
1.9425514574696887	0.011375389699999999	1.4404393126366666
1.9442967867216832	0.016131291666666665	1.4270768066533333
1.9460421159736774	0.016722547966666668	1.4058541018566668
1.9477874452256718	0.016380639066666668	1.3925969632200002
1.949532774477666	0.018283972833333332	1.3965490908
1.9512781037296603	0.01924680933333333	1.4111346406966665
1.953023432981655	0.017562101666666663	1.4236563522433334
1.9547687622336491	0.01824087583333333	1.4286703971199999
1.9565140914856434	0.01896383733333333	1.4217260690366667
1.9582594207376378	0.018679167666666666	1.4078427307733332
1.960004749989632	0.022833396	1.4004895031366664
1.9617500792416263	0.030039642666666665	1.4041928641433332
1.9634954084936205	0.029119009333333334	1.4084020720466666
1.9652407377456147	0.02462320033333333	1.4118592687033333
1.9669860669976096	0.025897072999999996	1.4164098004133332
1.9687313962496038	0.029152253666666662	1.4149840218699998
1.970476725501598	0.028775499333333333	1.4030645580199999
1.9722220547535922	0.03024069733333333	1.3907333423333335
1.9739673840055865	0.032092106999999995	1.3831780243199998
1.9757127132575811	0.031256759999999995	1.3822503959699999
1.9774580425095754	0.03166330366666666	1.391513970103333
1.9792033717615696	0.034849895666666665	1.40681214982
1.9809487010135638	0.03291967533333333	1.4121579245833333
1.982694030265558	0.028856828666666667	1.4056947521999998
1.9844393595175527	0.03054668833333333	1.3966760128666666
1.9861846887695471	0.034648766666666664	1.3879923288233331
1.9879300180215413	0.032907296333333336	1.3783655790066667
1.9896753472735356	0.031280548	1.3768977806833331
1.9914206765255298	0.033914742	1.3849502572899999
1.9931660057775242	0.036594459999999995	1.3933147419566665
1.9949113350295185	0.037850663333333326	1.3971817801833333
1.9966566642815133	0.04072845333333333	1.398856247393333
1.9984019935335076	0.039532472666666665	1.39395189085
2.0001473227855016	0.03505349333333333	1.38579638111
2.0018926520374962	0.035464792999999994	1.38392101923
2.0036379812894904	0.04001188533333333	1.38683331427
2.0053833105414847	0.039664215	1.384252197333333
2.0071286397934793	0.03881490433333333	1.3809116336133336
2.0088739690454736	0.04234105333333334	1.3824281108100003
2.0106192982974678	0.045028595000000005	1.3835461148633332
2.012364627549462	0.042257266999999994	1.3794309999666665
2.014109956801456	0.03985151533333334	1.3756897120999998
2.0158552860534504	0.03827677533333333	1.3721084076733334
2.0176006153054447	0.03633552466666666	1.3685482667866664
2.019345944557439	0.036990679	1.3703044298366667
2.021091273809433	0.040632382999999994	1.3781655158066668
2.022836603061428	0.038696900333333326	1.3816754864999998
2.0245819323134224	0.033995847999999995	1.3814939215933333
2.0263272615654166	0.034848209666666664	1.3834257149533333
2.028072590817411	0.03842750466666667	1.3832203551033333
2.029817920069405	0.037168295	1.3750238392466667
2.0315632493213998	0.036602306	1.36861303449
2.033308578573394	0.03826444666666667	1.3690890470033334
2.035053907825388	0.03745207166666667	1.3725982633666667
2.036799237077383	0.034208694666666664	1.3769848003533334
2.0385445663293766	0.032494484	1.3824354432266666
2.0402898955813713	0.028997614999999997	1.3818375630133333
2.0420352248333655	0.026349737	1.3765478161366667
2.0437805540853597	0.029678410999999995	1.3736135920266666
2.045525883337354	0.035550322	1.3729111625166666
2.047271212589348	0.03469636466666666	1.3686130942799999
2.0490165418413424	0.03025888266666666	1.367213557943333
2.0507618710933366	0.027413382699999995	1.3737683884633332
2.052507200345331	0.024761015666666664	1.3818414829266665
2.054252529597326	0.020115908566666667	1.3825152372799998
2.05599785884932	0.018910745033333332	1.3775336027866665
2.0577431881013144	0.0199047473	1.367735799523333
2.0594885173533086	0.020304512833333333	1.3578514934933335
2.0612338466053033	0.021981559	1.3575062002699998
2.0629791758572975	0.024861731999999997	1.36932380676
2.0647245051092917	0.021630631666666667	1.3811943216866667
2.0664698343612864	0.016675270666666665	1.3881678499966665
2.0682151636132806	0.016763115333333335	1.3901231247499999
2.069960492865275	0.018728834333333333	1.3839588355066665
2.071705822117269	0.017250585	1.3693056904833334
2.0734511513692633	0.016534476333333332	1.3574734732466667
2.0751964806212575	0.016248735	1.35334221402
2.0769418098732517	0.014966840666666665	1.3550763510666664
2.078687139125246	0.014266589	1.3603444215033331
2.080432468377241	0.016102096333333333	1.368374762023333
2.0821777976292353	0.016304360999999996	1.3726145809133332
2.08392312688123	0.015544883333333332	1.3712216666366666
2.0856684561332237	0.016304850333333332	1.366496480513333
2.087413785385218	0.017443358	1.36062349848
2.0891591146372126	0.013676119666666667	1.3527855124566666
2.090904443889207	0.009648142666666666	1.3504764451566666
2.0926497731412015	0.0105533591	1.3576487477366666
2.0943951023931957	0.013638746299999999	1.3661225964466666
2.0961404316451895	0.013953701	1.3644305149466667
2.097885760897184	0.015254461	1.3553340025899998
2.0996310901491784	0.016470407	1.3441778403733333
2.1013764194011726	0.015829417999999998	1.3367980704433333
2.103121748653167	0.015689323866666664	1.33869384019
2.104867077905161	0.017367829699999997	1.3501394713933332
2.1066124071571553	0.015412894699999999	1.3598721043666666
2.1083577364091495	0.013064303666666666	1.36327386226
2.1101030656611446	0.015022054333333333	1.36225958989
2.111848394913139	0.018575941333333332	1.3575261106433332
2.113593724165133	0.017476264	1.34674067933
2.1153390534171272	0.016120420666666666	1.33738462155
2.1170843826691215	0.018481933333333332	1.3357781487666665
2.118829711921116	0.022074393	1.3399775238
2.1205750411731104	0.022338806666666662	1.3449324587433333
2.1223203704251046	0.022745336666666664	1.3539591605266665
2.124065699677099	0.022821953333333332	1.36428490613
2.1258110289290935	0.021023617666666664	1.3690801508533332
2.1275563581810877	0.020255978333333334	1.3670537332133332
2.129301687433082	0.023064110333333332	1.3624926078299997
2.131047016685076	0.02245888	1.3539008390733334
2.1327923459370703	0.020972396666666664	1.3477804469199999
2.1345376751890646	0.025179743333333327	1.35124774946
2.1362830044410597	0.03036026	1.35748207139
2.138028333693054	0.027675909999999998	1.3538764416433333
2.139773662945048	0.024256807999999998	1.3466625546866666
2.141518992197043	0.025032064	1.3440183487566668
2.143264321449037	0.026297545	1.3445815419399998
2.1450096507010312	0.025937733999999997	1.34483093084
2.1467549799530254	0.028197830666666663	1.3468197220166664
2.1485003092050197	0.029925760333333332	1.3456193372999998
2.1502456384570143	0.030088335666666667	1.3400380476466665
2.1519909677090086	0.03218085033333333	1.3362747204633332
2.1537362969610028	0.03595312666666667	1.3372764854033332
2.155481626212997	0.03358607333333333	1.33491325283
2.157226955464991	0.029845292	1.3313827203
2.1589722847169854	0.032607628	1.33315236788
2.1607176139689797	0.037317410999999995	1.3370155043266667
2.162462943220974	0.03519361933333333	1.33649127979
2.164208272472968	0.033290335666666664	1.3394640695733333
2.1659536017249623	0.035551901	1.3474820531699998
2.1676989309769574	0.037145062333333326	1.3515568409666665
2.1694442602289516	0.03617515333333333	1.3474500017866664
2.171189589480946	0.03699081333333333	1.3413864246233331
2.17293491873294	0.03571757333333333	1.3329281284566667
2.1746802479849343	0.03294927266666666	1.3246444540133333
2.176425577236929	0.03444275233333333	1.32217806312
2.178170906488923	0.03911020666666666	1.32360025074
2.179916235740918	0.03786839533333333	1.3198042373299999
2.1816615649929116	0.03594222166666666	1.3178616189066665
2.183406894244906	0.04056843333333333	1.3260310850766666
2.1851522234969005	0.04574797666666666	1.3362982057466666
2.1868975527488947	0.04261819	1.3360716612899997
2.188642882000889	0.03913245333333333	1.3310598167733332
2.190388211252883	0.04002794333333333	1.326664143993333
2.1921335405048774	0.041094153333333334	1.32256598319
2.1938788697568716	0.04073407666666666	1.3213605256699998
2.1956241990088667	0.04298241	1.3279134903133332
2.197369528260861	0.042733686666666666	1.334250495203333
2.199114857512855	0.039823231333333334	1.33723603326
2.20086018676485	0.04039680333333333	1.3413289281166665
2.202605516016844	0.04330536999999999	1.3447334744333332
2.2043508452688383	0.03907952	1.3387118396366664
2.206096174520833	0.03459356333333333	1.3322765232066667
2.207841503772827	0.038922429999999994	1.3354770437599996
2.2095868330248214	0.04493037333333333	1.3408223533666668
2.2113321622768156	0.04192833	1.3370807420766664
2.21307749152881	0.038303666666666666	1.3315346615133334
2.214822820780804	0.038758338333333336	1.3271811991433333
2.2165681500327983	0.03805843933333333	1.3192324530233333
2.2183134792847925	0.03591108333333333	1.3095637845499999
2.2200588085367867	0.03817059666666666	1.3058213076466665
2.221804137788781	0.039043426666666665	1.3037516137966665
2.223549467040776	0.03812092	1.3051962535366666
2.2252947962927703	0.04123252333333333	1.3163542421333334
2.2270401255447645	0.04441734000000001	1.32999350412
2.2287854547967587	0.03727608333333333	1.3306244296466665
2.230530784048753	0.028940358333333333	1.32410790137
2.2322761133007476	0.02939660533333333	1.3198451811933334
2.234021442552742	0.03274239333333333	1.3147288474866665
2.235766771804736	0.030462741333333335	1.3063103085866665
2.2375121010567303	0.029958016666666663	1.3073566441066666
2.239257430308725	0.03381607	1.31991325115
2.241002759560719	0.03582171	1.3330126714
2.2427480888127134	0.03332683333333333	1.338633573573333
2.2444934180647076	0.031864699999999996	1.3381143251033332
2.246238747316702	0.028975279999999996	1.3286472373533331
2.247984076568696	0.025619994666666663	1.3162981548299997
2.2497294058206903	0.027546616666666666	1.311767014
2.2514747350726845	0.032471796666666664	1.3133295942533332
2.2532200643246787	0.029523756666666668	1.3089845463666667
2.254965393576674	0.024677266333333336	1.3053177914199998
2.256710722828668	0.026202179999999995	1.3105822625466665
2.2584560520806622	0.028353856666666667	1.3166059820133333
2.260201381332657	0.023403273333333335	1.3128620755866667
2.261946710584651	0.02017132	1.3076110101366665
2.2636920398366454	0.022693376666666668	1.3064840452833333
2.26543736908864	0.025045780000000004	1.3080799292466665
2.2671826983406342	0.023039193333333333	1.31317582009
2.2689280275926285	0.021805399999999996	1.3259697087466666
2.2706733568446227	0.020241119999999998	1.3379134771999999
2.272418686096617	0.017612274999999997	1.3424719893266666
2.274164015348611	0.017300643333333334	1.3418006715566666
2.2759093446006062	0.020339236666666666	1.3382291577533334
2.2776546738525996	0.01884484	1.3281423317966667
2.279400003104594	0.016624286666666665	1.3214867420833332
2.281145332356588	0.02055584	1.3265603052033335
2.2828906616085836	0.024628086666666663	1.3336329342966666
2.284635990860578	0.019115903333333333	1.32991332305
2.286381320112572	0.013447479999999998	1.32444379017
2.288126649364566	0.014309026666666665	1.3232957226666666
2.28987197861656	0.015705523333333332	1.3201079157833333
2.291617307868555	0.012699805666666664	1.31087531019
2.2933626371205493	0.011741776666666665	1.3032159217766666
2.2951079663725436	0.012724019999999997	1.2986987500766665
2.2968532956245378	0.013029636666666667	1.2991352334533333
2.2985986248765315	0.012713065333333332	1.3073996507633332
2.300343954128526	0.013808956666666667	1.3215839060599999
2.3020892833805204	0.012307821666666666	1.3309559583033332
2.3038346126325147	0.010342631666666666	1.3351647175233332
2.305579941884509	0.011677080000000001	1.3381399178133333
2.307325271136503	0.014310999333333333	1.3384362850933331
2.309070600388498	0.011267921	1.3313715423333332
2.3108159296404924	0.007987088	1.32522324092
2.3125612588924866	0.010015727333333332	1.3251163192466664
2.314306588144481	0.013186603	1.3253469917166667
2.316051917396475	0.010478096666666667	1.3190055462366665
2.3177972466484698	0.008594089999999999	1.3129598877433333
2.319542575900464	0.011637507666666666	1.31053190842
2.321287905152458	0.014529834666666666	1.3077525477999998
2.3230332344044524	0.011852866999999998	1.30065136955
2.324778563656447	0.009774763999999998	1.2945307617966666
2.3265238929084413	0.009949983333333332	1.2907771653066666
2.3282692221604355	0.009809486666666666	1.2900742595099999
2.3300145514124297	0.008579637999999999	1.29355709842
2.331759880664424	0.009549121666666667	1.3023511720066665
2.333505209916418	0.009399583	1.31012623254
2.3352505391684133	0.0089862903	1.31619032466
2.3369958684204075	0.011026039000000001	1.3218790788166666
2.3387411976724017	0.013979462	1.3254045861
2.340486526924396	0.011574186	1.3219253541499998
2.34223185617639	0.009027547766666666	1.3180760543166667
2.343977185428385	0.011461742399999999	1.3190739697266665
2.345722514680379	0.014904349	1.3216083802733334
2.3474678439323733	0.012168561633333333	1.3191475627666667
2.3492131731843675	0.009754881333333333	1.3166464443199999
2.3509585024363617	0.011982617433333332	1.3159437083066667
2.3527038316883564	0.013860389699999998	1.3122981090766666
2.3544491609403506	0.010246071866666666	1.3020126948166668
2.356194490192345	0.008148697	1.2932143968299998
2.357939819444339	0.0098072927	1.2903075834266666
2.3596851486963333	0.012310323533333334	1.2929974548733334
2.3614304779483275	0.013114499333333331	1.29846824708
2.3631758072003217	0.015165525333333332	1.3073602878133332
2.364921136452316	0.017111725666666664	1.3158097923466667
2.36666646570431	0.018067971000000002	1.3208201516733333
2.3684117949563044	0.017043620666666665	1.3197190140666666
2.3701571242083	0.016209784966666665	1.3143436212033333
2.371902453460294	0.013932396333333333	1.3044160186133331
2.373647782712288	0.012177203999999999	1.29504886372
2.375393111964282	0.014396554666666667	1.2928459988133332
2.3771384412162764	0.019971734499999998	1.2991463362733333
2.3788837704682715	0.020541718333333334	1.3043943826366666
2.3806290997202657	0.020369012333333332	1.3078419740666667
2.38237442897226	0.02563043333333333	1.3108225922733332
2.384119758224254	0.029709318000000002	1.30716775129
2.3858650874762484	0.023855355666666665	1.2916909345366665
2.3876104167282426	0.018828859	1.2785707768033332
2.389355745980237	0.02112821833333333	1.2765840859366666
2.391101075232231	0.023942244333333335	1.2791609681866665
2.3928464044842253	0.02150039566666666	1.2790003459866663
2.3945917337362195	0.02113606833333333	1.2831334733533333
2.3963370629882146	0.024186210000000003	1.2927469346266667
2.398082392240209	0.026395732333333328	1.30129723636
2.3998277214922035	0.025607299666666666	1.3030291408666665
2.4015730507441977	0.026257303333333332	1.30076399882
2.403318379996192	0.02614647433333333	1.2940714705799998
2.4050637092481866	0.025874206	1.2879206213166665
2.406809038500181	0.02922106733333333	1.2897272526933334
2.408554367752175	0.034522192666666666	1.2983209844866666
2.4102996970041692	0.03249000433333333	1.3004649166166664
2.4120450262561635	0.028934746333333334	1.2965048804433332
2.4137903555081577	0.03097808566666667	1.2919047058033333
2.415535684760152	0.032454156666666664	1.28376045047
2.417281014012146	0.025685120999999995	1.2682118600466668
2.4190263432641403	0.02147106366666667	1.2590973476366667
2.4207716725161346	0.025925495333333333	1.2638607236633332
2.4225170017681297	0.03128752	1.2732535866433334
2.424262331020124	0.029524252	1.2773473881766668
2.426007660272118	0.028858199	1.28439606223
2.4277529895241123	0.033238669666666665	1.2963376521766665
2.4294983187761066	0.036116416666666665	1.3017366310599998
2.4312436480281012	0.032891059	1.2929988772599998
2.4329889772800954	0.03160860033333333	1.2803546480466665
2.4347343065320897	0.03240843133333333	1.26908058667
2.436479635784084	0.032735023	1.2618143696966666
2.438224965036078	0.034612928	1.2632475283766667
2.4399702942880728	0.038697309	1.27310138787
2.441715623540067	0.03702487833333333	1.2793027413666667
2.443460952792061	0.034460920333333325	1.2831022842666666
2.4452062820440554	0.037882212666666665	1.29003351297
2.4469516112960497	0.04113012333333333	1.2931685289566666
2.448696940548044	0.03493095433333333	1.282689919623333
2.450442269800038	0.029639297	1.27161380776
2.4521875990520323	0.032463352333333334	1.2705598278333332
2.4539329283040274	0.03505943533333333	1.2714308388866666
2.4556782575560216	0.029316392	1.264849639753333
2.457423586808016	0.02625784166666667	1.2618890661899997
2.4591689160600105	0.03105860866666666	1.2665589512366666
2.4609142453120048	0.03585055266666666	1.2686741541066664
2.462659574563999	0.03516894833333333	1.2629487550266667
2.464404903815993	0.036500867	1.2600735989666665
2.466150233067988	0.03911245933333333	1.2612043421699999
2.467895562319982	0.03891290033333333	1.2621504098866665
2.4696408915719763	0.036361851333333334	1.263287369533333
2.4713862208239705	0.034827313666666665	1.2677263662766667
2.4731315500759647	0.030587173666666665	1.2695056097266666
2.47487687932796	0.027159011666666667	1.2697645564200002
2.476622208579954	0.029139622666666663	1.27143421303
2.4783675378319483	0.032631117233333326	1.2693262009800002
2.4801128670839416	0.02889796533333333	1.2558841305200001
2.481858196335936	0.025619794	1.2446743108433334
2.4836035255879314	0.02936129933333333	1.2474368393133333
2.4853488548399256	0.0323710946	1.2554954333666668
2.48709418409192	0.02631653033333333	1.25629515081
2.488839513343914	0.02279447733333333	1.2597549418199998
2.490584842595908	0.027696848666666666	1.27108617991
2.492330171847903	0.03256744733333333	1.2797964761333331
2.494075501099897	0.030910617333333334	1.2784728886866665
2.4958208303518914	0.030708416999999995	1.2766956604366666
2.4975661596038856	0.03255063	1.2750399088966666
2.49931148885588	0.031598831333333334	1.26760675059
2.501056818107874	0.027256769666666666	1.2558664734133334
2.5028021473598683	0.025414473333333333	1.2499177988999999
2.5045474766118625	0.024118975899999995	1.24901569948
2.5062928058638567	0.023935783000000002	1.2519803025266667
2.508038135115851	0.02705705343333333	1.25839716724
2.509783464367846	0.031085185566666663	1.2636205342166664
2.5115287936198403	0.028377588866666664	1.2595677219633332
2.5132741228718345	0.024933022333333332	1.25549110461
2.5150194521238287	0.026137722633333332	1.25964243642
2.516764781375823	0.0265712371	1.2640704536066665
2.5185101106278176	0.020120362566666664	1.2579359959433332
2.520255439879812	0.016919535666666666	1.25184908004
2.522000769131806	0.021696557366666664	1.2536668887333333
2.5237460983838007	0.02690580552	1.2565115865466665
2.525491427635795	0.025176059199999996	1.2531806991166665
2.527236756887789	0.024150718333333328	1.2526733075166665
2.5289820861397834	0.02641554066666666	1.25582290761
2.5307274153917776	0.026143995236333335	1.2537192837766666
2.532472744643772	0.020411290433333333	1.2449793294933333
2.534218073895766	0.017416976766666665	1.243064657513333
2.535963403147761	0.017202474366666665	1.2496147606333332
2.5377087323997554	0.01736989507673333	1.2584014802133332
2.5394540616517496	0.01826272713333333	1.2648175773099999
2.541199390903744	0.020567783333333332	1.2677053670499998
2.542944720155738	0.018911627733333332	1.2629811242466666
2.5446900494077327	0.016895778366666662	1.2579669135333333
2.546435378659727	0.017974668200000002	1.25863742076
2.548180707911721	0.019186076	1.25958434006
2.5499260371637154	0.015455864	1.2516265204099999
2.5516713664157096	0.0137741433	1.2435560302399997
2.5534166956677042	0.017624311666666666	1.2442405634166667
2.5551620249196985	0.02132496033333333	1.2501201481466666
2.5569073541716927	0.018158238333333333	1.2524664176466667
2.558652683423687	0.01603569233333333	1.2559848924066666
2.560398012675681	0.018591298333333332	1.2602938534333332
2.5621433419276762	0.019765439	1.2571752936433331
2.5638886711796696	0.015520147666666666	1.2459559994866665
2.565634000431664	0.01425723	1.2422609635466666
2.567379329683658	0.016467522	1.2489048426733333
2.5691246589356522	0.018026956333333333	1.2566084062833334
2.570869988187648	0.017356303999999996	1.2592039282966667
2.572615317439642	0.017542117666666666	1.2616481142133331
2.5743606466916362	0.016199743666666665	1.2644196241866665
2.57610597594363	0.014515997666666664	1.2683153685266666
2.5778513051956247	0.013740874666666666	1.27196713298
2.5795966344476193	0.014044027	1.2722698911599999
2.5813419636996136	0.011667298333333334	1.2636112999366667
2.5830872929516078	0.010552668000000001	1.2533534955899999
2.584832622203602	0.013269268	1.2501005225233333
2.586577951455596	0.016271340999999998	1.2526164850666666
2.5883232807075904	0.013730759333333332	1.2521943997533331
2.5900686099595847	0.012501650999999999	1.2525478212766665
2.591813939211579	0.015469985333333333	1.2553409924333332
2.593559268463574	0.017316877	1.2550680090233333
2.595304597715568	0.013986439999999998	1.2487737852633334
2.5970499269675624	0.012695136999999999	1.246695352
2.598795256219557	0.014317343666666666	1.2499563439333332
2.6005405854715513	0.015249007999999998	1.25131456068
2.6022859147235455	0.013044248666666668	1.2470346518533333
2.6040312439755398	0.012474572	1.2454979446099999
2.6057765732275344	0.013353120999999999	1.2480531897066665
2.6075219024795286	0.01420484	1.2501560042133333
2.609267231731523	0.013776426666666668	1.2477204629966665
2.611012560983517	0.014786603333333332	1.2443188645766665
2.6127578902355113	0.01475989	1.2394724074433334
2.6145032194875055	0.014676793333333334	1.2357357465566667
2.6162485487394997	0.01605726	1.2361717638366665
2.617993877991494	0.01813261433333333	1.2412804873766667
2.619739207243488	0.01619938	1.245315240673333
2.6214845364954824	0.015561050000000002	1.2515695295666667
2.6232298657474775	0.018962996666666666	1.26161508443
2.6249751949994717	0.02148062666666667	1.2695544945633332
2.626720524251466	0.017659621666666667	1.26805092765
2.62846585350346	0.015243565666666667	1.2642454540033334
2.6302111827554544	0.01707726533333333	1.2619898206
2.631956512007449	0.018005046666666667	1.2573056541133332
2.6337018412594433	0.01420074233333333	1.2472988807499998
2.6354471705114375	0.013307969333333336	1.2415306541533333
2.6371924997634317	0.016292477666666666	1.2418107519933332
2.638937829015426	0.018902192666666665	1.2423107835333334
2.6406831582674206	0.018551246666666667	1.2394256508366666
2.642428487519415	0.019607126333333332	1.2398237613966665
2.644173816771409	0.02063110166666667	1.2430848547966664
2.6459191460234033	0.020635269666666664	1.2453540648199999
2.6476644752753975	0.019560181333333333	1.2441202823633333
2.6494098045273917	0.020016694333333335	1.2431773747933335
2.651155133779386	0.019956994999999998	1.2416205727233334
2.652900463031381	0.020957156666666664	1.2406689086033333
2.6546457922833753	0.023437184333333333	1.2409977805366665
2.6563911215353695	0.025783287000000002	1.242462746493333
2.658136450787364	0.02331511	1.2401897118166665
2.6598817800393584	0.02108318333333333	1.2379531649666666
2.6616271092913526	0.022169646333333334	1.23915223468
2.663372438543347	0.022936312666666667	1.2416525622766665
2.665117767795341	0.018819307666666663	1.2401802983266665
2.6668630970473353	0.018133492	1.2410289878533334
2.66860842629933	0.02404351366666667	1.2460583039866666
2.6703537555513237	0.029820286666666668	1.24885086933
2.6720990848033184	0.028821563999999997	1.2449112844799999
2.673844414055312	0.029028192666666668	1.24548328482
2.6755897433073077	0.033040296999999996	1.2538958868833332
2.677335072559302	0.033795059999999995	1.260444069663333
2.679080401811296	0.027317482999999993	1.2572125820300002
2.6808257310632904	0.024259799	1.2529699522633333
2.6825710603152837	0.026702892333333332	1.2507819818033332
2.6843163895672792	0.029094413333333333	1.2469883787099998
2.6860617188192735	0.029026745	1.24002506194
2.6878070480712677	0.031431158	1.2361724549433335
2.689552377323262	0.03397303966666666	1.2342884264866667
2.691297706575256	0.034784876666666666	1.2330601507066667
2.6930430358272504	0.033119173333333335	1.2334222732
2.694788365079245	0.0317705	1.23996293671
2.696533694331239	0.02988946666666667	1.2485747209766667
2.6982790235832335	0.029364206666666663	1.25423042795
2.7000243528352272	0.03108834	1.2537101503699999
2.701769682087222	0.03480920666666667	1.24928214665
2.703515011339216	0.03513441333333333	1.2411999714733333
2.7052603405912103	0.035878433333333334	1.2368754332099998
2.7070056698432046	0.039909473333333334	1.23943782876
2.708750999095199	0.04148902333333333	1.2423905322466666
2.710496328347194	0.03482517333333333	1.2382935569533333
2.712241657599188	0.030955678333333334	1.2373839729066667
2.7139869868511823	0.034202373333333334	1.2448646065566664
2.7157323161031766	0.03700112333333333	1.2524827674866665
2.7174776453551712	0.03409859	1.25120994073
2.7192229746071654	0.034634859999999996	1.2481683129799999
2.7209683038591597	0.04057053333333333	1.2471017353366667
2.722713633111154	0.04384681	1.2445285011133331
2.7244589623631486	0.03857527333333333	1.2389152394199998
2.7262042916151423	0.035829425	1.2415806756866665
2.727949620867137	0.03979957666666666	1.2523276741433333
2.729694950119131	0.04215776333333333	1.2586967964266667
2.7314402793711254	0.03862655	1.2548544444566665
2.7331856086231197	0.04027533	1.2530646733533333
2.734930937875114	0.04753726666666667	1.2556534385566667
2.736676267127109	0.052289413333333326	1.2546168899366665
2.738421596379103	0.05059131333333333	1.24532588331
2.7401669256310974	0.049193716666666665	1.23667429611
2.7419122548830916	0.04881517999999999	1.2328845277033331
2.743657584135086	0.04676131	1.2334162182
2.7454029133870805	0.041789589999999995	1.23624802298
2.7471482426390748	0.040188503333333334	1.2441693220299999
2.748893571891069	0.04092698	1.2517142498133333
2.750638901143063	0.04216999	1.2545324345933333
2.7523842303950574	0.044459509999999994	1.2532924904999998
2.754129559647052	0.048132046666666664	1.2511409053233333
2.755874888899046	0.04739761666666667	1.2444354252666665
2.7576202181510405	0.04678934333333332	1.23747871492
2.7593655474030343	0.04930768333333333	1.2338302850299998
2.761110876655029	0.050244519999999994	1.2317301372999998
2.762856205907024	0.045757146666666665	1.2284835700299999
2.7646015351590183	0.044746413333333325	1.23181797363
2.7663468644110116	0.048617633333333334	1.24125741428
2.768092193663006	0.05070194333333333	1.2481200395499998
2.769837522915	0.04603101999999999	1.2458990223033333
2.7715828521669956	0.043491263333333335	1.2434909388466666
2.77332818141899	0.04676577999999999	1.2450124992566665
2.775073510670984	0.04844018666666667	1.2440315300333333
2.7768188399229783	0.04256342333333333	1.2354296513799998
2.7785641691749725	0.041536576666666665	1.2318670765366666
2.780309498426967	0.04932611333333334	1.2375005308066667
2.782054827678961	0.055053813333333326	1.2419154552133334
2.7838001569309556	0.052427823333333345	1.2384203782133334
2.7855454861829494	0.05330966999999999	1.23866446168
2.787290815434944	0.059508006666666655	1.24449868373
2.7890361446869383	0.060728029999999995	1.24542541409
2.7907814739389325	0.052452883333333325	1.2363327595733333
2.7925268031909276	0.04782929666666667	1.2302594838599998
2.794272132442922	0.05022822333333333	1.23106446972
2.796017461694916	0.050561909999999995	1.2311397555499999
2.7977627909469107	0.04484723333333333	1.2276154154233332
2.799508120198905	0.04423325333333333	1.2316481950566667
2.801253449450899	0.049018759999999995	1.2418909023466667
2.8029987787028934	0.051575130000000004	1.2480938866133333
2.8047441079548876	0.04944195666666666	1.2459519384500002
2.8064894372068823	0.04976936333333333	1.2432636536766666
2.808234766458876	0.05173921666666666	1.2401368924866667
2.8099800957108707	0.05265001333333333	1.2340996183500001
2.8117254249628645	0.05150480333333333	1.2252909123133333
2.813470754214859	0.05238788666666667	1.2209852392066665
2.8152160834668534	0.05372972000000001	1.22258564311
2.8169614127188476	0.054635046666666666	1.2303708039199999
2.818706741970842	0.05429608666666666	1.24195829839
2.820452071222836	0.05454320666666666	1.2552043476299999
2.8221974004748303	0.05309193666666667	1.2627685451733335
2.8239427297268254	0.05218723	1.2639553484
2.8256880589788196	0.05283109666666667	1.259773960233333
2.827433388230814	0.053905383333333334	1.251068428
2.829178717482808	0.05153725666666667	1.2363927233799998
2.8309240467348022	0.05112450333333333	1.2238367716133332
2.832669375986797	0.054399696666666664	1.2176414704166665
2.834414705238791	0.05594945999999999	1.21508770228
2.8361600344907854	0.05094979	1.2125814515666666
2.8379053637427796	0.04883972	1.218151767273333
2.839650692994774	0.05237021666666667	1.231428464643333
2.841396022246768	0.054025533333333334	1.24208047061
2.8431413514987627	0.04920868666666667	1.24322350686
2.8448866807507565	0.048740210000000006	1.2449745411066666
2.846632010002751	0.05489611333333333	1.2500936782933332
2.8483773392547453	0.057845043333333325	1.2498765910566667
2.8501226685067405	0.05162028999999999	1.2399156152133335
2.8518679977587347	0.04930200666666666	1.235145794053333
2.853613327010729	0.054512656666666666	1.24010488162
2.855358656262723	0.055551603333333324	1.2431976361
2.8571039855147173	0.047720196666666666	1.2385842841633332
2.858849314766712	0.04631191	1.2403351108166665
2.8605946440187062	0.053132799999999994	1.2493505924733332
2.8623399732707004	0.05658576333333333	1.2523051259166667
2.8640853025226947	0.05246617666666667	1.2429976130633333
2.865830631774689	0.051994213333333324	1.2336133997966665
2.8675759610266836	0.05631478666666667	1.2283406338299998
2.8693212902786778	0.05659287333333333	1.2226019607866665
2.871066619530672	0.04845431	1.2163008027
2.872811948782666	0.045313820000000005	1.2231057110833332
2.87455727803466	0.05078158333333333	1.24132150499
2.8763026072866555	0.05338659333333333	1.2538668363333332
2.8780479365386498	0.048601143333333326	1.2533431685666667
2.879793265790644	0.05010884666666666	1.2540330764866665
2.881538595042638	0.057446166666666666	1.2574865737933332
2.8832839242946324	0.06007174666666666	1.25315595757
2.885029253546627	0.05542936333333333	1.2376567980366666
2.8867745827986213	0.05256732333333333	1.2235450431333332
2.8885199120506155	0.051779179999999994	1.21725415063
2.8902652413026098	0.04921864999999999	1.2192579337033334
2.892010570554604	0.043502943333333335	1.2270560870333334
2.893755899806598	0.04245370333333333	1.2411214673733333
2.895501229058593	0.045597856666666665	1.2524481794
2.8972465583105866	0.047849736666666656	1.2539951835099998
2.8989918875625813	0.047855176666666666	1.2491871543833333
2.900737216814575	0.050335279999999996	1.24910827793
2.9024825460665697	0.052193329999999996	1.2514528657233333
2.904227875318564	0.05293700999999999	1.2501712244199998
2.905973204570558	0.05223779666666667	1.2412557646033333
2.9077185338225524	0.051297853333333324	1.2298384446266666
2.9094638630745466	0.049954363333333335	1.2222503276699999
2.9112091923265417	0.05028766333333333	1.2243475581733332
2.912954521578536	0.05037204333333334	1.2319604990366666
2.91469985083053	0.05136160000000001	1.2398941573933333
2.916445180082525	0.05058794	1.24309325164
2.918190509334519	0.049194169999999995	1.2473511138699998
2.9199358385865133	0.049241506666666664	1.2584113240066666
2.921681167838508	0.04932044666666666	1.2723222488666668
2.9234264970905017	0.04464348666666666	1.2766313958233333
2.9251718263424964	0.04356063333333333	1.2732991072933333
2.92691715559449	0.04820766	1.26569477931
2.928662484846485	0.050998836666666665	1.2536215430966666
2.930407814098479	0.04882905333333333	1.2395980435266667
2.9321531433504733	0.05079065666666666	1.2332556658999998
2.9338984726024675	0.05566640666666667	1.2294282052933332
2.9356438018544617	0.05606881666666667	1.2180394366466667
2.937389131106457	0.04882512	1.19989824612
2.939134460358451	0.04430868333333333	1.1924903942833334
2.9408797896104453	0.04576257	1.2014758355600001
2.9426251188624395	0.04527859666666666	1.2163092251266665
2.9443704481144337	0.03848598333333333	1.228056085213333
2.9461157773664284	0.03858937666666666	1.2473632049233334
2.9478611066184226	0.04728554333333333	1.27504722774
2.949606435870417	0.05233141333333333	1.2954113096533333
2.951351765122411	0.04846822666666667	1.2972876506
2.9530970943744053	0.048982066666666664	1.2912390559600002
2.9548424236264	0.05538404	1.2801308865633332
2.956587752878394	0.054940923333333336	1.2562604911366666
2.9583330821303884	0.04368463	1.2227333442233332
2.960078411382382	0.03958365	1.2024498342799999
2.961823740634377	0.04535097	1.19877895372
2.963569069886372	0.046348056666666665	1.1964222583466668
2.965314399138366	0.03919918333333333	1.19221814622
2.9670597283903604	0.03968357	1.2030151804933333
2.9688050576423537	0.04743659	1.22589384559
2.970550386894349	0.04966333666666667	1.2420743232133333
2.9722957161463435	0.042493126666666665	1.245651188743333
2.9740410453983377	0.04046993	1.2546310713966666
2.975786374650332	0.04647880333333333	1.2731551640433332
2.977531703902326	0.04757695000000001	1.2847921961499997
2.9792770331543204	0.03921527333333333	1.2788662304799998
2.981022362406315	0.03937065	1.2697181724400002
2.982767691658309	0.04920632666666667	1.26174781067
2.9845130209103035	0.05243876666666667	1.2461562117666667
2.9862583501622977	0.04545381	1.22529958233
2.988003679414292	0.04434473333333333	1.2181223223699997
2.989749008666286	0.049406473333333326	1.2221895511366667
2.9914943379182812	0.04789297666666667	1.22057959284
2.9932396671702755	0.03701889666666666	1.2124583547699999
2.9949849964222697	0.03380501333333333	1.2190491508799999
2.996730325674264	0.04022452333333333	1.2399618959133332
2.9984756549262586	0.04214478333333333	1.2544617973066665
3.000220984178253	0.03676525333333333	1.25490189886
3.001966313430247	0.03938991666666666	1.2576174206266666
3.0037116426822412	0.048197176666666675	1.2651137891933333
3.0054569719342354	0.051277783333333334	1.2665828371066665
3.00720230118623	0.045940456666666664	1.2573405453933333
3.008947630438224	0.044174689999999996	1.2489396302666664
3.0106929596902186	0.04824313	1.2444885813166666
3.0124382889422123	0.04808116666666666	1.2379808456099999
3.014183618194207	0.03931515333333333	1.2302269558866668
3.015928947446201	0.038423446666666666	1.2373986378066668
3.0176742766981954	0.04598295	1.25593218251
3.0194196059501897	0.04703672666666667	1.2675381609433334
3.021164935202184	0.041136273333333334	1.2676781468866665
3.022910264454178	0.04171307666666666	1.26747484795
3.024655593706173	0.044804983333333326	1.2621344635333331
3.0264009229581674	0.043504353333333336	1.2444835942799999
3.0281462522101616	0.037141499999999994	1.2215617559433334
3.029891581462156	0.03413517666666666	1.21541444998
3.03163691071415	0.03723447666666667	1.2326886880599999
3.0333822399661448	0.03936629	1.2585404454066667
3.035127569218139	0.035477143333333336	1.275449280283333
3.036872898470133	0.037504873333333334	1.28584166748
3.0386182277221274	0.04408828666666666	1.2904989878033333
3.040363556974122	0.045995296666666664	1.2893103009066667
3.042108886226116	0.04469894	1.2859763524366665
3.0438542154781105	0.046485439999999996	1.2827990628133332
3.0455995447301047	0.04723915666666667	1.2721019391266666
3.047344873982099	0.04625560333333334	1.25705312406
3.049090203234093	0.042088096666666665	1.2492468824199998
3.0508355324860883	0.04096787333333333	1.2616965420933333
3.0525808617380825	0.04566068666666666	1.28637983152
3.0543261909900767	0.04750331	1.2993048589266665
3.056071520242071	0.04185497333333333	1.289003961783333
3.057816849494065	0.04008195333333334	1.27485951212
3.05956217874606	0.03956630999999999	1.2720805200733332
3.061307507998054	0.03666286666666666	1.2819747307466667
3.0630528372500487	0.034695439999999994	1.2923862510566666
3.0647981665020425	0.033712776666666666	1.2883228868566667
3.0665434957540367	0.031150189999999998	1.2659329245233333
3.0682888250060314	0.03237274666666666	1.2451992521233333
3.0700341542580256	0.03495470666666667	1.2444239770133332
3.07177948351002	0.041088016666666664	1.27021481053
3.073524812762014	0.050236909999999996	1.3097077316966665
3.075270142014008	0.05547220333333333	1.34690118837
3.0770154712660034	0.055621279999999995	1.37568407908
3.0787608005179976	0.05558893666666666	1.396028791933333
3.080506129769992	0.050469139999999996	1.3984351574766667
3.082251459021986	0.04618922	1.3823406267733334
3.0839967882739803	0.04431353	1.35051642149
3.085742117525975	0.03873044666666667	1.3134165114533334
3.087487446777969	0.033692436666666666	1.2917644253233331
3.0892327760299634	0.03438355	1.2951159495633333
3.0909781052819576	0.03281553666666666	1.30467240842
3.092723434533952	0.03621379333333333	1.3111430550799998
3.094468763785946	0.043013496666666665	1.3155806852033332
3.0962140930379407	0.042749206666666664	1.32321986945
3.0979594222899345	0.04243734	1.33713031364
3.099704751541929	0.044504293333333333	1.3433981721733332
3.101450080793923	0.03661192666666666	1.3269265299599997
3.1031954100459176	0.035962219999999996	1.3249801921433333
3.104940739297912	0.047291139999999995	1.37851264729
3.106686068549906	0.04800518666666666	1.4712663328366666
3.1084313978019003	0.04164201666666666	1.5461380231200001
3.1101767270538954	0.04629506	1.5485439206533336
3.1119220563058896	0.050838093333333334	1.461944625963333
3.113667385557884	0.050897366666666666	1.36000486899
3.1154127148098785	0.05010745333333333	1.3533095173333334
3.1171580440618727	0.048141653333333326	1.4690032188966664
3.118903373313867	0.04551130666666667	1.6038059545933332
3.120648702565861	0.04210204666666667	1.626690152753333
3.122394031817856	0.03655655333333333	1.5230765136299997
3.1241393610698496	0.03296937	1.4251908555066666
3.1258846903218442	0.028318399999999997	1.4645905056633333
3.127630019573838	0.03138778466666667	1.6191164911199998
3.1293753488258327	0.04331994	1.7139828103166668
3.131120678077827	0.04999966	1.6401146926033334
3.132866007329821	0.07125628	1.5825496628233329
3.1346113365818153	0.09718013666666665	1.9280294094766666
3.1363566658338096	0.07392170666666666	2.950608553333333
3.1381019950858047	0.08786482666666665	4.566974579409999
3.139847324337799	0.27363989999999994	6.212511217813334
3.141592653589793	0.5602079333333333	7.092221399123333