# O(3P)+CO2(000; j=0) -> O(3P)+CO2(000; j') scattering, statistically averaged (3A2+3B2+3B1) potential energy surfaces
# Differential cross sections; packaged by M. Gacesa (marko.gacesa@nasa.gov), Apr 30 2019
# E = 2.38546 eV
# theta(rad)                 elastic DCS                total DCS (both in units of 1E-16 cm^2/Sr)
0.	3.457566333333333e6	3.5328776230896274e6
0.0017453292519943296	2.38306e6	2.427584741316667e6
0.003490658503988659	762196.4666666668	770786.7809433333
0.005235987755982989	163644.	170434.15503033332
0.006981317007977318	89780.12666666666	97762.9659521
0.008726646259971648	54460.21166666667	59395.15793123333
0.010471975511965978	28472.783333333333	32531.378197399994
0.012217304763960305	13349.136666666667	17451.714395033334
0.013962634015954637	13202.897666666666	16465.778907333333
0.015707963267948967	10984.328000000001	12828.333016043332
0.017453292519943295	4181.830666666667	6114.044529253333
0.019198621771937624	3768.792	6354.597570940001
0.020943951023931956	4542.507	6521.011565876666
0.02268928027592628	2850.6896333333334	4088.350799113334
0.02443460952792061	1227.5506333333333	2533.71768792
0.02617993877991494	715.8139666666666	2200.8369705866667
0.027925268031909273	1134.3177999999998	2313.3672285599996
0.029670597283903602	908.3429333333333	1670.9309316833333
0.031415926535897934	267.6847866666667	1079.0128238766665
0.03316125578789226	276.3662333333333	1243.2947714616666
0.03490658503988659	437.43223333333333	1188.0615531673332
0.03665191429188092	296.2290333333333	778.5955374403331
0.03839724354387525	113.42449333333333	604.1357171176667
0.040142572795869566	87.34555666666667	674.7266548126667
0.04188790204786391	153.44791999999998	673.0729882003334
0.043633231299858244	141.54289999999997	492.6353149166667
0.04537856055185256	80.04245666666667	376.9567706773333
0.047123889803846894	63.43538566666667	409.27168324466663
0.04886921905584122	83.19221999999999	423.9141093283333
0.05061454830783555	79.75263333333334	355.3666394116667
0.05235987755982988	58.75478	294.1559503753333
0.054105206811824215	67.92956333333333	298.51978884933334
0.05585053606381855	70.92857666666666	292.36521347633334
0.05759586531581287	50.21570666666666	249.99712080733335
0.059341194567807204	49.542019999999994	236.91658876900001
0.061086523819801536	49.45895333333334	233.380090834
0.06283185307179587	46.10485666666666	219.14583543666666
0.0645771823237902	49.35513	205.10174427366667
0.06632251157578452	40.686613333333334	186.90737060633333
0.06806784082777885	42.442796666666666	189.79006185233334
0.06981317007977318	45.70952333333333	189.703523238
0.0715584993317675	30.20513	163.44914114833333
0.07330382858376185	27.417143333333335	153.22408699766666
0.07504915783575618	30.127692	151.07100899633332
0.0767944870877505	27.63883333333333	145.51174933899998
0.07853981633974483	31.232086666666664	147.12773066133332
0.08028514559173913	25.86818	136.77165107333332
0.08203047484373349	22.355026666666664	130.084857716
0.08377580409572782	24.43763	129.51812889066665
0.08552113334772216	17.53675333333333	117.52540429340002
0.08726646259971649	16.263783333333336	114.12652307423332
0.08901179185171079	17.124077	112.54213505143333
0.09075712110370512	14.69734633333333	106.48509481273334
0.09250245035569944	18.60487	109.69132997279999
0.09424777960769379	15.899989999999997	104.98495559626667
0.09599310885968812	12.880724666666666	99.27142112683333
0.09773843811168244	14.543163333333332	98.42995234029998
0.09948376736367677	9.373418666666666	88.9833709423
0.1012290966156711	8.939605	87.04910909713334
0.10297442586766543	11.139296666666667	88.93889521703332
0.10471975511965977	8.996989	84.41947302046665
0.10646508437165408	12.725893333333332	86.34127746763332
0.10821041362364843	11.605726666666666	82.56086157706666
0.10995574287564276	7.1286836666666655	75.80368032523332
0.1117010721276371	8.458915999999999	76.43470569976667
0.11344640137963143	6.153595666666666	71.71569847706667
0.11519173063162574	5.887685666666667	69.56815523286667
0.11693705988362009	8.721867999999999	71.59034365446666
0.11868238913561441	6.331817333333333	67.3916752414
0.12042771838760875	7.501064666666666	67.57102324796665
0.12217304763960307	7.930160000000001	66.3721372585
0.12391837689159738	4.653742333333334	60.93125849016667
0.12566370614359174	5.114168666666666	60.791768479199995
0.12740903539558604	4.000790666666666	58.27516024399999
0.1291543646475804	3.616047	56.183300219733326
0.13089969389957473	6.728515	58.35135182649999
0.13264502315156904	5.662395999999999	55.74018456536666
0.1343903524035634	5.384560666666666	54.7358434959
0.1361356816555577	5.561206333333333	54.11863973036666
0.13788101090755206	3.47764	50.00923091616666
0.13962634015954636	4.681951999999999	49.92072163083333
0.1413716694115407	5.0236979999999996	49.19319012466667
0.143116998663535	4.058706333333333	47.25983321216666
0.14486232791552936	6.150565	48.99382937536666
0.1466076571675237	5.749715999999999	47.466635006633325
0.148352986419518	5.139314	45.872791412699996
0.15009831567151236	5.561967	45.79605300826667
0.15184364492350666	3.4712176666666665	42.69458191376666
0.153588974175501	3.549534	42.06435925219999
0.15533430342749535	4.867549666666666	42.72344184333333
0.15707963267948966	4.0900989999999995	41.35464543959999
0.158824961931484	4.696593999999999	42.14308976069999
0.16057029118347826	4.065675666666666	41.112880885333325
0.16231562043547265	2.5838973333333333	38.69123525843333
0.16406094968746698	3.0266249999999997	38.460985856799994
0.16580627893946132	2.455828	37.22322672686667
0.16755160819145565	1.9891869999999998	36.73540433483333
0.16929693744344992	2.7102793333333333	37.5430172211
0.1710422666954443	2.187118	36.272948225866664
0.17278759594743864	2.3808030000000002	35.808546629199995
0.17453292519943298	2.3694056666666663	35.27727541013333
0.17627825445142725	1.3670461999999999	33.76444758673333
0.17802358370342158	1.5650653666666667	33.6985854265
0.17976891295541597	1.7361466666666665	33.15051560893333
0.18151424220741025	1.7209573333333332	32.254553643333324
0.18325957145940458	2.491914333333333	32.57639677126666
0.18500490071139888	2.1397036666666662	31.732659369399997
0.18675022996339324	1.9893023333333333	31.0633879322
0.18849555921538758	2.3431483333333327	30.755165670866663
0.1902408884673819	1.8928766666666665	29.41250086556667
0.19198621771937624	1.9928753333333333	28.931391022499998
0.19373154697137057	2.3615823333333332	28.888379530799998
0.19547687622336488	2.1103083333333332	28.140811902733333
0.19722220547535924	2.578878333333333	28.159809773366664
0.19896753472735354	2.5603643333333332	27.607485172866664
0.2007128639793479	1.9323793333333334	26.584606530133332
0.2024581932313422	1.9587606666666666	26.41005153493333
0.20420352248333656	1.9194446666666665	26.05888188253333
0.20594885173533087	1.8120986666666667	25.657986350999998
0.20769418098732523	2.1585929999999998	25.753473142133334
0.20943951023931953	1.8593276666666665	25.173365505566665
0.2111848394913139	1.496325	24.6894108448
0.21293016874330817	1.4993873333333332	24.577509975666665
0.21467549799530256	1.315121	24.213248201433334
0.21642082724729686	1.1993602	23.972669689533333
0.2181661564992912	1.2814039666666666	23.82855177573333
0.21991148575128552	1.0703467333333334	23.3104399641
0.22165681500327983	1.0415207999999998	23.094269359833334
0.2234021442552742	1.0492466333333332	22.967280103933334
0.22514747350726852	0.8933075333333333	22.682093776666665
0.22689280275926285	0.8520019	22.427348124033333
0.22863813201125716	0.9306289	22.0605042925
0.2303834612632515	0.9232929333333333	21.544491154066666
0.23212879051524585	1.0658023333333333	21.382926081933334
0.23387411976724018	1.0546167666666666	21.195610434133332
0.23561944901923448	1.0052075999999999	20.942514784466667
0.23736477827122882	1.0857652	20.7038925306
0.23911010752322315	1.1125610333333333	20.262187701299997
0.2408554367752175	1.1272280333333333	19.86297904713333
0.24260076602721184	1.2851436666666667	19.833473849666667
0.24434609527920614	1.2438742999999999	19.64008700986667
0.24609142453120048	1.3191216666666667	19.505199262399998
0.24783675378319475	1.3548326666666668	19.29656224353333
0.24958208303518917	1.1352365333333334	18.776364973866666
0.25132741228718347	1.1096504333333332	18.527124753266666
0.2530727415391778	1.223034	18.519120960966667
0.2548180707911721	1.1623648333333334	18.31081292163333
0.25656340004316636	1.3196288666666665	18.362355935300002
0.2583087292951608	1.1757074666666665	18.1026726145
0.26005405854715513	0.8299924666666666	17.5562263398
0.26179938779914946	0.8708696666666667	17.404816385866667
0.2635447170511437	0.8737564333333332	17.214721692666664
0.26529004630313807	0.8117466666666667	17.024059119733334
0.26703537555513246	0.9984699666666665	17.1883037629
0.2687807048071268	0.8019738000000001	16.8474129859
0.270526034059121	0.6776430333333333	16.4739841916
0.2722713633111154	0.7793954	16.339854972266664
0.2740166925631097	0.5935850333333332	15.9641214362
0.2757620218151041	0.5404483	15.9002038373
0.27750735106709834	0.6764947333333332	16.036478889833333
0.2792526803190927	0.5962474999999999	15.7506952932
0.280998009571087	0.7675053	15.696624155999999
0.2827433388230814	0.7461787	15.474616021433334
0.2844886680750758	0.45696083333333337	15.0413556491
0.28623399732707	0.4610199	15.016660822066665
0.28797932657906433	0.499763	14.913980142433333
0.2897246558310587	0.5795384333333333	14.7908838261
0.291469985083053	0.8296745	14.9691333333
0.2932153143350474	0.6399822333333333	14.675388756899999
0.29496064358704166	0.5146822333333333	14.401188889033332
0.296705972839036	0.5917609333333333	14.2801774919
0.2984513020910303	0.5152009333333333	13.927453556733333
0.3001966313430247	0.6421653	13.9744173821
0.301941960595019	0.7308656666666666	14.150074894333333
0.3036872898470133	0.5416094666666667	13.920582785533334
0.30543261909900765	0.7218784	13.925557794566666
0.307177948351002	0.7533406666666667	13.660468153666665
0.3089232776029963	0.5680220333333332	13.245070711033332
0.3106686068549907	0.6237471666666666	13.334693512133331
0.312413936106985	0.5287755	13.292525829466665
0.3141592653589793	0.5303452333333333	13.206363139233332
0.31590459461097364	0.8770736333333332	13.3881480935
0.317649923862968	0.7478991666666667	13.064213990933334
0.3193952531149623	0.5492880333333333	12.826473636166664
0.32114058236695653	0.5414627666666666	12.847059558
0.32288591161895097	0.41288423333333324	12.584930964566666
0.3246312408709453	0.5847848333333333	12.5782319787
0.32637657012293964	0.8011084333333334	12.662339774433335
0.32812189937493397	0.5421661333333333	12.365005072899999
0.32986722862692824	0.46262173333333323	12.380375595399999
0.33161255787892263	0.4614488	12.341412319333333
0.3333578871309169	0.4185637	12.107409142466667
0.3351032163829113	0.5664764999999999	12.130823021766666
0.3368485456349056	0.4922344666666667	11.9678675306
0.33859387488689985	0.27536703333333334	11.7168803649
0.34033920413889424	0.3739144333333333	11.801020619033332
0.3420845333908886	0.4182127333333333	11.697449458933335
0.3438298626428829	0.4797308333333333	11.669590915099999
0.3455751918948773	0.47974710000000004	11.706545421166666
0.34732052114687156	0.23386056666666666	11.422107998533331
0.34906585039886595	0.19961819999999997	11.275272745433334
0.3508111796508603	0.3740409333333333	11.2624792814
0.3525565089028545	0.41237419999999997	11.104977917900001
0.3543018381548489	0.5134009666666667	11.214308640199999
0.35604716740684317	0.40684153333333334	11.167539871966667
0.35779249665883756	0.23117929999999998	10.894019205323334
0.35953782591083194	0.3550704333333333	10.822913204923333
0.3612831551628262	0.4285745666666667	10.679508344296666
0.3630284844148205	0.4038547333333333	10.566318307483332
0.3647738136668149	0.4948623666666667	10.722086529276666
0.36651914291880916	0.41108955666666663	10.592656975299999
0.36826447217080355	0.43814749999999997	10.411521444129999
0.37000980142279777	0.5707955333333332	10.316169458403333
0.3717551306747922	0.4499012333333333	10.065841348303334
0.3735004599267865	0.36503169999999996	10.037216971023334
0.3752457891787809	0.431034	10.181580113876665
0.37699111843077515	0.43565433333333325	10.083036683626666
0.3787364476827695	0.5988969333333333	10.056682195919999
0.3804817769347638	0.6094006666666666	9.921074587449999
0.38222710618675815	0.3605632333333333	9.650388601566666
0.3839724354387525	0.2784600666666666	9.659952835403333
0.38571776469074687	0.3264726333333333	9.736260287633332
0.38746309394274114	0.3905913	9.726894449393333
0.3892084231947355	0.5425917333333333	9.812326844200001
0.39095375244672975	0.42571839999999994	9.647631731316665
0.39269908169872414	0.20471193333333332	9.404057952336666
0.39444441095071847	0.17973926666666667	9.34439973552
0.3961897402027128	0.20972426666666666	9.297828750839999
0.3979350694547071	0.27491231	9.349380828229998
0.39968039870670136	0.344499	9.47542312994
0.4014257279586958	0.20883536666666663	9.344383259899999
0.4031710572106902	0.13758866666666664	9.183102767133331
0.4049163864626844	0.16891103333333335	9.03607065408
0.4066617157146788	0.16262089333333332	8.883553189803333
0.4084070449666731	0.19551746666666664	8.93336007968
0.41015237421866746	0.2188794666666667	9.033934929459999
0.41189770347066174	0.17391594333333332	8.962948107703333
0.413643032722656	0.25834196666666664	8.890488043266666
0.41538836197465046	0.30257409999999996	8.718408715263333
0.4171336912266447	0.24205259999999998	8.549840134466667
0.41887902047863906	0.22360306666666666	8.57907527404
0.42062434973063334	0.23583142666666668	8.634245285836666
0.4223696789826278	0.2776869333333333	8.593965126453334
0.4241150082346221	0.4144296333333333	8.537236649399999
0.42586033748661634	0.42718286666666666	8.354157935783332
0.4276056667386108	0.3369792333333333	8.209833304583332
0.4293509959906051	0.2935673	8.22655046545
0.43109632524259933	0.31411456666666665	8.27885609154
0.4328416544945937	0.3772085333333333	8.280926932186667
0.434586983746588	0.4609287666666666	8.21746683987
0.4363323129985824	0.4235151666666666	8.01882993637
0.43807764225057666	0.34245833333333336	7.864492996369998
0.43982297150257105	0.3102564666666666	7.833301475456666
0.44156830075456543	0.33568259999999994	7.8761492540799996
0.44331363000655966	0.36468223333333327	7.91606233479
0.445058959258554	0.3609641333333333	7.872958865833333
0.4468042885105484	0.2867053	7.694307687843333
0.44854961776254265	0.23738176666666666	7.540629124476666
0.45029494701453704	0.22874666666666665	7.47491633884
0.4520402762665313	0.24560666999999997	7.50253288057
0.4537856055185257	0.23406632333333333	7.555905094236666
0.45553093477052	0.18212713333333333	7.5262591535866665
0.4572762640225143	0.11414201999999998	7.361463746189999
0.45902159327450864	0.11027016666666667	7.210426168833334
0.460766922526503	0.12149726666666666	7.136724331016667
0.46251225177849725	0.13145887333333334	7.180364589023334
0.4642575810304917	0.11582060666666667	7.2788649766799995
0.46600291028248597	0.07912545333333333	7.28918692264
0.46774823953448036	0.06910213	7.153113673233333
0.4694935687864746	0.12746475999999998	7.00377315294
0.47123889803846897	0.14974576666666667	6.892709600946667
0.4729842272904633	0.15675829999999996	6.916635245006667
0.47472955654245763	0.15617149	7.033543795099999
0.4764748857944519	0.13521739	7.061674912196667
0.4782202150464463	0.1592035333333333	6.95439756663
0.4799655442984406	0.23833873333333333	6.810155659663334
0.481710873550435	0.23544156666666663	6.6448940706699995
0.48345620280242924	0.23677896666666665	6.636296122586666
0.4852015320544237	0.25804513333333334	6.767396627946667
0.48694686130641796	0.23890346666666665	6.825399944166667
0.4886921905584123	0.2591979	6.782288273956667
0.49043751981040656	0.3083304	6.66743110856
0.49218284906240095	0.25000996666666664	6.452703416956666
0.4939281783143953	0.2350563	6.39231472013
0.4956735075663895	0.2658920333333333	6.492014692513333
0.4974188368183839	0.2490732	6.558281112716667
0.49916416607037833	0.26706549999999996	6.584908460483334
0.5009094953223726	0.28911386666666666	6.519356154533334
0.5026548245743669	0.20890253333333333	6.313871732963333
0.5044001538263612	0.19341943333333333	6.24178488952
0.5061454830783556	0.21144206666666668	6.2951854312133335
0.5078908123303499	0.18930456666666665	6.346249530566666
0.5096361415823442	0.20170849999999999	6.392275726996666
0.5113814708343385	0.2037717	6.319365154046666
0.5131268000863327	0.14705137	6.12436535025
0.5148721293383272	0.15423460666666666	6.052559224656666
0.5166174585903216	0.14740959333333334	6.066550810263333
0.5183627878423158	0.11827002999999998	6.132633679886666
0.5201081170943103	0.12160907333333333	6.211278566433333
0.5218534463463045	0.10662048666666665	6.1389178828199995
0.5235987755982989	0.08889973333333334	5.973045061616666
0.5253441048502931	0.11665605666666667	5.8891748452399995
0.5270894341022874	0.08833200333333333	5.8441147595533325
0.5288347633542818	0.06946615	5.91133387758
0.5305800926062761	0.07333601666666667	6.00332033218
0.5323254218582705	0.05712286	5.9500857287199995
0.5340707511102649	0.08050446	5.84761168883
0.5358160803622593	0.11555288333333331	5.768703758619999
0.5375614096142536	0.08346604333333332	5.691223348176665
0.5393067388662478	0.09745811	5.758232627366667
0.541052068118242	0.10793339666666665	5.832217600033333
0.5427973973702365	0.10229291333333335	5.794618403973333
0.5445427266222308	0.15914506666666667	5.75299205128
0.5462880558742251	0.18849653333333333	5.682788984806667
0.5480333851262194	0.1649686	5.611044223643333
0.5497787143782138	0.20663096666666664	5.690582825713333
0.5515240436302082	0.1978831	5.735434135353334
0.5532693728822025	0.1767705333333333	5.7084327614333334
0.5550147021341967	0.23054946666666667	5.70032347497
0.5567600313861911	0.2389116	5.6205518760599995
0.5585053606381855	0.2263468	5.55443334538
0.5602506898901798	0.2764218666666666	5.62331556094
0.561996019142174	0.23055603333333333	5.622304082293333
0.5637413483941685	0.17141830000000002	5.590719646306667
0.5654866776461628	0.18341016666666668	5.579078078509999
0.5672320068981571	0.16197603333333332	5.477006615353333
0.5689773361501516	0.16224879999999997	5.408971988663333
0.5707226654021459	0.21542356666666668	5.445604104336667
0.57246799465414	0.16552669999999997	5.412071666696667
0.5742133239061344	0.10817857999999998	5.390625792833333
0.5759586531581287	0.09271636333333333	5.370508375076668
0.5777039824101231	0.06112821666666666	5.265064198143333
0.5794493116621174	0.07643636666666666	5.202825214623333
0.5811946409141118	0.11987824666666666	5.196954348093333
0.582939970166106	0.08866977666666666	5.1471514912566665
0.5846852994181004	0.06909507	5.148088056673333
0.5864306286700948	0.05178969	5.128937424299999
0.5881759579220891	0.033931906	5.0589117473266665
0.5899212871740833	0.06838345666666666	5.036861480313332
0.5916666164260775	0.09597613999999999	5.01014325569
0.593411945678072	0.08565598666666666	4.954036588889999
0.5951572749300664	0.10245152666666668	4.952067194766666
0.5969026041820606	0.07987248999999999	4.903842964616667
0.5986479334340549	0.06354162	4.859015599386666
0.6003932626860494	0.09519873666666667	4.88540320657
0.6021385919380438	0.10051282333333333	4.878149702556666
0.603883921190038	0.10652117333333333	4.849439254113333
0.6056292504420324	0.14971723333333334	4.842413482833333
0.6073745796940266	0.12751415	4.755646897373333
0.609119908946021	0.10714959666666668	4.70785270433
0.6108652381980153	0.11394818333333334	4.745776264816667
0.6126105674500095	0.09061852	4.758633795853333
0.614355896702004	0.10118758666666666	4.767848644193333
0.6161012259539983	0.15372813333333335	4.760869274279999
0.6178465552059926	0.1428825333333333	4.654290967806666
0.6195918844579871	0.13354529999999998	4.59838827055
0.6213372137099814	0.12276846666666666	4.617924108333333
0.6230825429619757	0.08469037333333332	4.637422102173333
0.62482787221397	0.09685027333333332	4.677958858036666
0.6265732014659642	0.14176133333333332	4.67572422704
0.6283185307179586	0.13842729999999998	4.574453290016667
0.630063859969953	0.14435296666666667	4.522903489393333
0.6318091892219473	0.1294474	4.522706654373334
0.6335545184739415	0.09332910333333333	4.543683429363333
0.635299847725936	0.10329984333333332	4.596854143283333
0.6370451769779303	0.12494743333333333	4.58618594747
0.6387905062299246	0.1136352	4.489355461233333
0.6405358354819191	0.12240315333333332	4.446651195616666
0.6422811647339131	0.10963974666666668	4.456270611403333
0.6440264939859075	0.08755055333333334	4.5220779659399994
0.6457718232379019	0.09395701333333334	4.617672273773334
0.6475171524898962	0.09132325333333331	4.61470846912
0.6492624817418906	0.07095690999999998	4.506081226979999
0.6510078109938849	0.07587501666666666	4.42008236991
0.6527531402458793	0.06585031666666666	4.3910030080233335
0.6544984694978735	0.060476146666666675	4.474491035983333
0.6562437987498679	0.06464742666666666	4.614845180523333
0.6579891280018623	0.051573743333333325	4.658813408993333
0.6597344572538565	0.043038603999999994	4.580636731966667
0.6614797865058508	0.0597029	4.462560985410001
0.6632251157578453	0.05902305	4.368148769036666
0.6649704450098396	0.06792926666666665	4.4121106868933335
0.6667157742618338	0.07044013666666667	4.54514772467
0.668461103513828	0.05286796	4.617656798423333
0.6702064327658226	0.05672787666666666	4.579831593913333
0.6719517620178169	0.0813603	4.456404709606667
0.6736970912698113	0.07987522333333333	4.313873440189999
0.6754424205218055	0.09124712999999998	4.3076358009
0.6771877497737997	0.09955445999999998	4.41798994
0.6789330790257941	0.09326272666666668	4.5118765199199995
0.6806784082777885	0.10898742666666666	4.5123801621299995
0.6824237375297828	0.13111921999999998	4.397355236343333
0.6841690667817772	0.11071515666666666	4.221920641636666
0.6859143960337715	0.10012636	4.161414237406667
0.6876597252857658	0.10531242333333332	4.241865835756666
0.6894050545377601	0.11325032333333332	4.356464845486666
0.6911503837897546	0.13669159999999997	4.397971290306666
0.6928957130417489	0.15557882999999997	4.306459221106667
0.6946410422937431	0.12446267333333333	4.115876806033333
0.6963863715457373	0.09475074333333333	3.9998014135699997
0.6981317007977319	0.09188716666666666	4.0349973015
0.6998770300497262	0.10347732333333333	4.159888112386666
0.7016223593017206	0.11830118666666667	4.250663320223333
0.7033676885537148	0.1258447333333333	4.211593826046666
0.705113017805709	0.09727200333333333	4.037954259876667
0.7068583470577035	0.07106972666666667	3.874631016446666
0.7086036763096978	0.07080098333333333	3.83477051387
0.710349005561692	0.08341769666666667	3.9216606088233332
0.7120943348136863	0.08464082333333331	4.036130657446667
0.7138396640656808	0.07774531000000001	4.0663320509066665
0.7155849933176751	0.056437419999999995	3.96119128488
0.7173303225696694	0.04745501333333333	3.8128151518166664
0.7190756518216639	0.05705287666666667	3.7296035803766667
0.7208209810736581	0.06875642333333333	3.7582759971566664
0.7225663103256524	0.05863283666666667	3.8447084965066667
0.7243116395776467	0.04173615666666666	3.890398227446666
0.726056968829641	0.02937089	3.8245037360466663
0.7278022980816354	0.04089758	3.7044271580199997
0.7295476273336298	0.06096752333333333	3.620094522433333
0.7312929565856241	0.06978176666666666	3.6348196885433333
0.7330382858376183	0.05389429666666666	3.7255138150000002
0.7347836150896128	0.035370433333333326	3.7997074183966664
0.7365289443416071	0.03273735	3.76858982072
0.7382742735936013	0.059606633333333325	3.6625372383799997
0.7400196028455955	0.08268938999999999	3.5536606997
0.7417649320975901	0.08402953333333332	3.52555867517
0.7435102613495844	0.06577075666666667	3.598259248303333
0.7452555906015788	0.050790796666666665	3.69875752924
0.747000919853573	0.05576616666666666	3.7307006626366666
0.7487462491055674	0.08858687	3.68961192314
0.7504915783575618	0.10515346333333334	3.6021451782066665
0.752236907609556	0.09773349333333332	3.546994961553333
0.7539822368615503	0.08400040666666667	3.5762339601699997
0.7557275661135445	0.07775085999999999	3.64723643652
0.757472895365539	0.08556869	3.6885083074266665
0.7592182246175333	0.11031258	3.6877174539899995
0.7609635538695276	0.10607226666666665	3.6300070835433336
0.7627088831215221	0.08455407666666666	3.57371538146
0.7644542123735163	0.07871120666666666	3.57617763981
0.7661995416255106	0.08620461000000001	3.6070291632099996
0.767944870877505	0.09762855	3.624303345196666
0.7696902001294994	0.11169814333333333	3.628380138393333
0.7714355293814937	0.08702973666666666	3.5854882351533335
0.773180858633488	0.05429171666666666	3.5398385170533335
0.7749261878854823	0.055125816333333334	3.54000383092
0.7766715171374765	0.07213480666666666	3.5509174844833327
0.778416846389471	0.08504193333333333	3.5465661278733336
0.7801621756414653	0.09223318333333333	3.534712617306666
0.7819075048934595	0.06045995666666666	3.474500152373333
0.7836528341454538	0.0320571748	3.4109024855266665
0.7853981633974483	0.043939243333333336	3.3926555800299996
0.7871434926494427	0.06423556333333333	3.3905290141333335
0.7888888219014369	0.07094453	3.3965252552999994
0.7906341511534312	0.06946473	3.41595618928
0.7923794804054256	0.03969362	3.390080866283333
0.7941248096574199	0.02884123	3.347307304373333
0.7958701389094142	0.05653385	3.3182649283799996
0.7976154681614087	0.07615085999999999	3.2786887315666666
0.7993607974134027	0.06977795	3.2508427465499996
0.8011061266653973	0.05425454	3.259824421996666
0.8028514559173916	0.027001246666666662	3.2574823544433333
0.8045967851693858	0.036706249999999996	3.265287981223333
0.8063421144213804	0.07988777666666666	3.281189576913333
0.8080874436733746	0.09863923333333333	3.26171665711
0.8098327729253688	0.08173400666666666	3.2302686963133334
0.8115781021773631	0.053863016666666666	3.2155968205466667
0.8133234314293576	0.027771643333333332	3.1926888869866668
0.815068760681352	0.052118127	3.2011450089433335
0.8168140899333463	0.10218335666666667	3.230002689573333
0.8185594191853405	0.117235373	3.232623503193333
0.8203047484373349	0.09604325766666666	3.22760510519
0.8220500776893291	0.06381278	3.2247023960166663
0.8237954069413235	0.04035588866666666	3.2020631435699998
0.8255407361933177	0.07283264333333334	3.207071397803333
0.827286065445312	0.12110378999999999	3.2215245749666668
0.8290313946973066	0.12962500666666668	3.2079801161733332
0.8307767239493009	0.10961205666666665	3.19482194251
0.8325220532012951	0.07955254666666667	3.183357280953333
0.8342673824532894	0.05552483666666666	3.158563914563333
0.8360127117052839	0.08380822666666667	3.175041750323333
0.8377580409572781	0.12062979666666665	3.2028055386666665
0.8395033702092725	0.12168518	3.1988481029300004
0.8412486994612667	0.10941802333333334	3.185373959183333
0.8429940287132611	0.09179197	3.151274388633333
0.8447393579652556	0.07065763266666666	3.0916340260300004
0.8464846872172498	0.08683355333333333	3.081035832206666
0.8482300164692442	0.10310604333333331	3.101303772623333
0.8499753457212386	0.09162548333333333	3.115924184203333
0.8517206749732327	0.08384290333333333	3.1348102259566666
0.853466004225227	0.08101134766666665	3.121925416383333
0.8552113334772216	0.06946577333333333	3.0605046955466664
0.8569566627292158	0.07701113	3.0246872628799997
0.8587019919812102	0.07517831666666666	3.011405495323333
0.8604473212332044	0.05396448666666666	3.00813905201
0.8621926504851987	0.047657830666666665	3.03097046377
0.8639379797371932	0.054982446666666664	3.0378721636666666
0.8656833089891874	0.05524904333333333	3.0027561843533332
0.8674286382411818	0.05990332999999999	2.97954137452
0.869173967493176	0.045978086666666654	2.9605254181766663
0.8709192967451702	0.023165601666666664	2.9476158181466663
0.8726646259971648	0.023784002666666665	2.9616095358566668
0.8744099552491591	0.040457226666666665	2.9648282154633336
0.8761552845011533	0.052448122	2.9365720669299997
0.8779006137531478	0.058195456000000007	2.9164938782566665
0.8796459430051421	0.035413058666666664	2.8912710377399997
0.8813912722571363	0.013717590333333335	2.876109897953333
0.8831366015091309	0.024684523333333333	2.8940296328166664
0.8848819307611251	0.04897939766666666	2.9063065413233335
0.8866272600131193	0.06698783333333333	2.8937840860366664
0.8883725892651138	0.07346256666666667	2.88037826417
0.890117918517108	0.04487845666666666	2.84341782868
0.8918632477691024	0.02402897	2.810457456083333
0.8936085770210968	0.04373046	2.8143866963533335
0.895353906273091	0.07156196333333333	2.823534324073333
0.8970992355250853	0.08720883333333332	2.8259956812799993
0.8988445647770799	0.09115586999999999	2.835216446623333
0.9005898940290741	0.060521459999999985	2.81325632634
0.9023352232810684	0.04044215333333333	2.7846556795566664
0.9040805525330626	0.06442481	2.7836587458833333
0.9058258817850569	0.09116219333333334	2.782659300256667
0.9075712110370514	0.09736861	2.7791017050333338
0.9093165402890456	0.09457924666666667	2.7914280662933333
0.91106186954104	0.06526302	2.7794188612066666
0.9128071987930344	0.04669506	2.761507134533333
0.9145525280450286	0.06938411	2.7678247812666665
0.9162978572970231	0.09179538333333333	2.7690435753566662
0.9180431865490173	0.08817273666666665	2.762058892293333
0.9197885158010117	0.07894260333333332	2.7708700270066666
0.921533845053006	0.05436139666666666	2.761385471223333
0.9232791743050003	0.038411046666666664	2.74626417294
0.9250245035569945	0.05415143333333333	2.751785311313333
0.9267698328089891	0.06875904	2.751876788156667
0.9285151620609834	0.05878722333333333	2.7410606908266666
0.9302604913129776	0.04786554999999999	2.74567892722
0.9320058205649719	0.03248179333333333	2.740633938026666
0.9337511498169662	0.023077148666666665	2.7316630454933333
0.9354964790689607	0.031727893333333326	2.73675735631
0.9372418083209549	0.03794140333333333	2.7348031288033328
0.9389871375729492	0.02601924	2.7191988176766664
0.9407324668249435	0.018246243333333332	2.715867518276667
0.9424777960769379	0.0139309864	2.7116172263
0.9442231253289324	0.01416021	2.7113116992
0.9459684545809266	0.0200764	2.7236258739499997
0.9477137838329208	0.02133808	2.7281111053766667
0.9494591130849153	0.012116325333333334	2.7132331171133335
0.9512044423369096	0.011157571333333333	2.6976209607599992
0.9529497715889038	0.016640224666666665	2.678049926703333
0.9546951008408984	0.025189744666666666	2.668947217436666
0.9564404300928926	0.030470606666666664	2.67994596505
0.9581857593448869	0.0280611	2.6932917451699994
0.9599310885968813	0.021444706666666667	2.6916819366333335
0.9616764178488755	0.026535426666666667	2.67970863755
0.96342174710087	0.037477156666666664	2.65236747679
0.9651670763528643	0.05018542666666666	2.6311006420266665
0.9669124056048585	0.056130120000000006	2.631546636163333
0.9686577348568528	0.05166187	2.6408386836999993
0.9704030641088474	0.04548786	2.640312144596667
0.9721483933608416	0.05312121	2.6261344938099995
0.9738937226128359	0.06341910333333334	2.5890235790466667
0.9756390518648301	0.07266991333333334	2.55538723402
0.9773843811168246	0.07661461333333333	2.5512265936433334
0.9791297103688189	0.06989890333333333	2.5685678587533336
0.9808750396208131	0.06057562333333333	2.5846998711199998
0.9826203688728073	0.06805469666666666	2.587795844793333
0.9843656981248019	0.07822829666666666	2.5574157979566663
0.9861110273767961	0.08273521666666667	2.5125650518066664
0.9878563566287906	0.08234981999999999	2.4884614234233333
0.9896016858807848	0.07188607333333333	2.490650958113333
0.991347015132779	0.054688959999999995	2.5027146085066665
0.9930923443847736	0.05661749666666666	2.5183022694133332
0.9948376736367678	0.06756872	2.5123582845833337
0.9965830028887621	0.07174717666666666	2.4853009175566663
0.9983283321407567	0.07142855	2.46624480796
1.0000736613927508	0.06411157666666666	2.4668552462899997
1.0018189906447452	0.04441381	2.472599815763333
1.0035643198967397	0.0390654	2.484501021113333
1.0053096491487339	0.04675378	2.4839202709833335
1.007054978400728	0.04749059	2.4588839648966663
1.0088003076527223	0.043793093333333324	2.4323102076266663
1.0105456369047165	0.04229972766666666	2.4273706525033334
1.0122909661567112	0.03138982566666666	2.4342717752066663
1.0140362954087054	0.027976993333333332	2.454591452023333
1.0157816246606999	0.03521067333333333	2.4726578932233334
1.017526953912694	0.03272662666666666	2.4625680602399997
1.0192722831646883	0.021223383333333335	2.4319479770633334
1.0210176124166828	0.019413042	2.4125212426999996
1.022762941668677	0.018814076666666665	2.406538170906667
1.0245082709206712	0.022406057666666666	2.4180476164133333
1.0262536001726654	0.03065634333333333	2.4376530108666667
1.02799892942466	0.02929892666666667	2.438402449043333
1.0297442586766543	0.017989735666666666	2.41441590038
1.0314895879286488	0.018293444566666664	2.3939765803233333
1.0332349171806432	0.026729777666666666	2.386461695483333
1.0349802464326374	0.037155433	2.396798259383333
1.0367255756846316	0.042938260000000006	2.4165275503599997
1.0384709049366259	0.038411634	2.421804514863333
1.0402162341886205	0.028458683333333335	2.4001124255866664
1.041961563440615	0.030290346666666666	2.3700332020899997
1.043706892692609	0.041561919999999995	2.3452754031066663
1.0454522219446034	0.05765309	2.34327686313
1.0471975511965979	0.06652422	2.3627401186966663
1.048942880448592	0.06198195666666667	2.3801447552233332
1.0506882097005863	0.05339229333333333	2.37614669111
1.0524335389525805	0.05365057666666667	2.3533518954466666
1.0541788682045747	0.05703676666666666	2.316544904653333
1.0559241974565694	0.06782202333333333	2.2953477162766664
1.0576695267085636	0.07860473333333333	2.304608613516667
1.059414855960558	0.07607238	2.3227651123366666
1.0611601852125523	0.06821133	2.3275267495299996
1.0629055144645467	0.06969694333333333	2.3154105783066665
1.064650843716541	0.06947513333333333	2.2789505228799998
1.0663961729685352	0.07336712000000001	2.24803667145
1.0681415022205298	0.08248085	2.2527532550433333
1.069886831472524	0.07823410666666666	2.2755299817366668
1.0716321607245185	0.06263019666666667	2.2895298230033334
1.0733774899765127	0.05928423666666666	2.2911447890466663
1.0751228192285072	0.05934387333333333	2.2635654632033333
1.0768681484805014	0.061045283333333325	2.22460530616
1.0786134777324956	0.06919765333333333	2.2144622994466663
1.0803588069844898	0.06712914333333334	2.2315901729666665
1.082104136236484	0.04840676666666666	2.2522368673766664
1.0838494654884787	0.03935147033333333	2.2730281527933336
1.085594794740473	0.03807198133333333	2.2686807654366667
1.0873401239924672	0.03629461	2.2355992100933335
1.0890854532444616	0.038833679999999995	2.209819479946667
1.0908307824964558	0.03902196933333334	2.2081642076699994
1.0925761117484503	0.027380994	2.221154394453333
1.0943214410004445	0.02156876533333333	2.249774353433333
1.0960667702524387	0.02091655466666667	2.2654371047633335
1.0978120995044334	0.017417505	2.24839147428
1.0995574287564276	0.01579612533333333	2.22147414755
1.101302758008422	0.01733974533333333	2.2064775018333336
1.1030480872604165	0.015991386333333333	2.2072449305766666
1.1047934165124107	0.020258233333333334	2.23373947122
1.106538745764405	0.02298254333333333	2.2584586631666665
1.1082840750163991	0.019874869333333333	2.2543598745
1.1100294042683934	0.019380300666666666	2.233879057966667
1.111774733520388	0.021456104333333337	2.211580255013333
1.1135200627723822	0.022324071666666667	2.19632912264
1.1152653920243765	0.03396402999999999	2.2144441843499996
1.117010721276371	0.04420199699999999	2.2457077637799996
1.1187560505283651	0.04536796666666666	2.2548563558999994
1.1205013797803596	0.050421143333333335	2.2454195692233334
1.1222467090323538	0.05419717666666666	2.221495522023333
1.123992038284348	0.04716363666666666	2.1870155899966663
1.1257373675363422	0.054326933333333334	2.1873921188699996
1.127482696788337	0.06984360333333334	2.221115247166667
1.1292280260403311	0.07399727333333334	2.2442120526133333
1.1309733552923256	0.08035899999999999	2.2494506317
1.13271868454432	0.08801741333333332	2.235254180773333
1.1344640137963142	0.0772682	2.1922960710499995
1.1362093430483085	0.07746196333333333	2.17113939071
1.1379546723003031	0.09515719666666667	2.193240668473333
1.139700001552297	0.09772426666666667	2.21466618797
1.1414453308042918	0.09288438333333332	2.22055352648
1.143190660056286	0.09673352666666665	2.214804939013333
1.14493598930828	0.08736326	2.1783383529899996
1.1466813185602747	0.08394555	2.1492437023633335
1.1484266478122689	0.10241567999999998	2.1635465802100002
1.150171977064263	0.10564591666666664	2.1851402372666664
1.1519173063162573	0.08883696999999999	2.1912555015266664
1.1536626355682515	0.08364160333333333	2.191242980636667
1.1554079648202462	0.07630756666666666	2.16247337042
1.1571532940722404	0.06873864666666667	2.1226329520133334
1.1588986233242349	0.07951731333333334	2.114830663573333
1.160643952576229	0.08271833666666667	2.1252083198866663
1.1623892818282235	0.06401944	2.1335368990999997
1.1641346110802178	0.05605042	2.150180445476667
1.165879940332212	0.05448076	2.1489448253099996
1.1676252695842066	0.04687701233333333	2.120922396166667
1.1693705988362009	0.04598991833333333	2.09802843529
1.171115928088195	0.044385016666666666	2.0857957764266666
1.1728612573401895	0.029172061333333336	2.07712334306
1.1746065865921838	0.022744958	2.0878489630666666
1.1763519158441782	0.025681117333333336	2.0987949181700003
1.1780972450961724	0.023533697666666666	2.0892824980599998
1.1798425743481666	0.020348876666666665	2.073682628353333
1.1815879036001609	0.017784610099999997	2.0594874317833334
1.183333232852155	0.009209719833333333	2.045379710933333
1.18507856210415	0.006113379666666667	2.048487954203333
1.186823891356144	0.008117089	2.057851117643333
1.1885692206081382	0.008679791	2.0561205006399996
1.1903145498601329	0.009478060666666666	2.04938826266
1.192059879112127	0.009879661999999999	2.03917169966
1.1938052083641213	0.006868369	2.0228991374266667
1.1955505376161155	0.008955700899999999	2.0178471540333334
1.1972958668681097	0.011892365000000002	2.018411234583333
1.1990411961201044	0.013379466	2.0135236572033333
1.2007865253720988	0.017640929666666666	2.01094640172
1.2025318546240933	0.0195678978	2.0090494102833327
1.2042771838760875	0.015304342999999998	2.0001996459666667
1.2060225131280817	0.017965959999999996	2.0003186106933333
1.207767842380076	0.023291839999999998	2.0041466273333333
1.2095131716320702	0.025214293333333335	1.9973426492400002
1.2112585008840648	0.029860586666666668	1.989152509353333
1.213003830136059	0.03386740566666667	1.9838669061933332
1.2147491593880533	0.030145114	1.9737888421233332
1.2164944886400477	0.03321801	1.9751330768566666
1.218239817892042	0.04105572666666667	1.9849542641
1.2199851471440364	0.04065730666666667	1.9813343444399998
1.2217304763960306	0.037156626666666664	1.9690449224400002
1.2234758056480248	0.03676308	1.9613390351333333
1.225221134900019	0.03407404666666666	1.9541958998566664
1.2269664641520137	0.040727799999999995	1.9613829682766666
1.228711793404008	0.05630052666666666	1.9816670529233331
1.2304571226560024	0.06094881333333333	1.9849792085066664
1.2322024519079966	0.051980476666666664	1.9643382718600002
1.233947781159991	0.042846466666666666	1.9393146888233332
1.2356931104119853	0.034347779999999994	1.9166665498966666
1.23743843966398	0.036299976666666664	1.9147108086033333
1.2391837689159741	0.052985927999999995	1.9420615175433333
1.240929098167968	0.06572771399999999	1.9690843909666662
1.2426744274199628	0.06270155	1.9707119124533334
1.244419756671957	0.054934016333333335	1.9538996570233333
1.2461650859239515	0.04489889166666666	1.9229636975466664
1.2479104151759457	0.039383429666666664	1.89691171609
1.24965574442794	0.047476377666666666	1.90007236892
1.2514010736799341	0.05873564066666666	1.9216621967299998
1.2531464029319284	0.05914150633333333	1.9350592912733333
1.254891732183923	0.05599965033333333	1.9353990681933333
1.2566370614359172	0.05060756466666667	1.9161750846
1.2583823906879115	0.045094151666666665	1.8862454584366664
1.260127719939906	0.049165871	1.87531764477
1.2618730491919004	0.057891248333333326	1.8905706466733332
1.2636183784438946	0.05696510133333332	1.9119456060233333
1.2653637076958888	0.052867256666666654	1.9287365159666667
1.267109036947883	0.04791671333333333	1.92308526405
1.2688543661998777	0.04067754333333333	1.8876652141933334
1.270599695451872	0.04116420333333333	1.8507716382966666
1.2723450247038663	0.04981177333333334	1.8400423694899999
1.2740903539558606	0.05124157666666666	1.8546155619966664
1.2758356832078548	0.04942906333333333	1.8909131355733333
1.2775810124598492	0.047136729999999995	1.9246879103066665
1.2793263417118435	0.03781618666666667	1.9222912260066665
1.2810716709638381	0.030213321333333334	1.8876674087799998
1.282817000215832	0.033910583333333334	1.8510477210266665
1.2845623294678261	0.0364788	1.82951519273
1.286307658719821	0.03811157333333333	1.84037778164
1.288052987971815	0.04196674	1.8781681836166666
1.2897983172238097	0.03656817666666667	1.9041551727099997
1.2915436464758039	0.024126739999999997	1.8965474892466665
1.293288975727798	0.021510932	1.8699904519166666
1.2950343049797923	0.022888725999999998	1.8396149598299998
1.296779634231787	0.023900568666666667	1.82865758209
1.2985249634837812	0.029120426666666664	1.8525049248299998
1.3002702927357757	0.029578486666666667	1.8873192761466666
1.3020156219877699	0.019946086666666668	1.8992825035399998
1.3037609512397643	0.016379049	1.8849803256833333
1.3055062804917585	0.018816151999999996	1.8500800684333332
1.3072516097437528	0.01825119966666667	1.8138468385033333
1.308996938995747	0.018915049666666666	1.80790937051
1.3107422682477412	0.021389856999999998	1.8367948473199998
1.3124875974997359	0.017925985	1.87079252751
1.31423292675173	0.017496010899999997	1.8879697248266665
1.3159782560037245	0.0233095829	1.8749631639833333
1.3177235852557188	0.024072457699999997	1.8327883835833334
1.319468914507713	0.019519095666666667	1.7922263462533332
1.3212142437597074	0.019787491066666666	1.7869480953099999
1.3229595730117016	0.021086441666666664	1.8122575518933335
1.3247049022636959	0.022779187666666666	1.8448233742633333
1.3264502315156905	0.028898988666666667	1.8603524380266667
1.3281955607676847	0.03283430466666666	1.8412766170899997
1.3299408900196792	0.028605262666666666	1.79720571608
1.3316862192716734	0.027550170333333332	1.7661369028499998
1.3334315485236676	0.03176658266666667	1.7667803865233334
1.3351768777756619	0.032998699666666666	1.7880736891666666
1.336922207027656	0.03248396833333333	1.81042147082
1.338667536279651	0.034697709666666667	1.8156521737733335
1.3404128655316452	0.033836059333333335	1.793717841983333
1.3421581947836396	0.033208675	1.7631426318033334
1.3439035240356338	0.03775036	1.74818925376
1.345648853287628	0.04017203833333333	1.7523743071699998
1.3473941825396225	0.036457021333333325	1.7663100216899998
1.3491395117916167	0.035723147	1.7805238682566666
1.350884841043611	0.03687077566666666	1.7789191077099997
1.3526301702956052	0.03555508033333333	1.7585976460266668
1.3543754995475994	0.035468236666666667	1.7366257871866666
1.356120828799594	0.03754796666666666	1.7289273491033335
1.3578661580515883	0.03608890333333334	1.7371991908299997
1.3596114873035827	0.034168163333333335	1.7576042299866668
1.361356816555577	0.03349286133333333	1.7744903274466666
1.3631021458075712	0.030818532333333332	1.7719369099533333
1.3648474750595656	0.027614583333333335	1.7523520516533333
1.3665928043115598	0.02962446333333333	1.7329123953433332
1.3683381335635545	0.03364549333333333	1.7254860505833332
1.3700834628155487	0.03513623666666666	1.734977901
1.371828792067543	0.03299414	1.7543417534899999
1.3735741213195374	0.028658213333333335	1.7691138639666666
1.3753194505715316	0.02330211	1.7699159229866668
1.377064779823526	0.020845103333333337	1.7602580808766666
1.3788101090755203	0.022271646666666665	1.7482359928433333
1.3805554383275145	0.025400350000000002	1.7435327244266665
1.3823007675795091	0.026997300000000002	1.7480600754
1.384046096831503	0.028159723333333334	1.7557528018466666
1.3857914260834978	0.029041815333333332	1.7595064510666667
1.387536755335492	0.028089437	1.75738918302
1.3892820845874863	0.02451521633333333	1.7507264981333333
1.3910274138394805	0.021603737	1.7483831293966665
1.3927727430914747	0.019519809333333332	1.7546128127199998
1.3945180723434691	0.017836535666666667	1.7619109489166664
1.3962634015954638	0.018608221	1.7623138519533335
1.398008730847458	0.023312586	1.7557478376533333
1.3997540600994525	0.027447689666666664	1.7406739639333335
1.4014993893514467	0.030076721666666667	1.7237753994366667
1.4032447186034411	0.031311841	1.717671257513333
1.4049900478554354	0.02707763	1.72229395724
1.4067353771074296	0.018127939333333332	1.7300429094333332
1.4084807063594238	0.015472823333333333	1.7421269593899997
1.410226035611418	0.019737964666666667	1.7499577056733333
1.4119713648634127	0.02444727533333333	1.7413530885633333
1.413716694115407	0.02974921	1.72379096347
1.4154620233674011	0.03298686666666667	1.7083174133933334
1.4172073526193956	0.02785392033333333	1.69432922627
1.4189526818713898	0.024494249333333332	1.6911508310433334
1.420698011123384	0.02860427	1.7003745852199998
1.4224433403753782	0.028886136666666666	1.7030509105466667
1.4241886696273727	0.025106603333333328	1.6967728238233333
1.4259339988793673	0.026083886666666667	1.6969665238
1.4276793281313616	0.025460009999999998	1.6997860621966665
1.429424657383356	0.025578496666666662	1.7022530627133332
1.4311699866353502	0.035104536666666665	1.7080684516466667
1.4329153158873444	0.040982286666666666	1.70143446915
1.4346606451393389	0.03509077333333333	1.6761440295733334
1.436405974391333	0.03284574	1.6592597580166668
1.4381513036433278	0.03288864333333333	1.66032525338
1.439896632895322	0.028072439999999997	1.6698554774899999
1.4416419621473162	0.030456326666666665	1.6897534293666667
1.4433872913993107	0.03878082	1.7083303112000001
1.4451326206513049	0.03926097666666666	1.7039804636533333
1.446877949903299	0.042242840000000004	1.6906958164566666
1.4486232791552933	0.049892276666666666	1.6843622378466665
1.4503686084072875	0.04475058333333333	1.6756903330633333
1.452113937659282	0.034137796666666664	1.6702118199466665
1.4538592669112762	0.034733963333333326	1.6784177753433334
1.4556045961632709	0.03727185666666666	1.6824660903566668
1.457349925415265	0.04072955333333333	1.67882924401
1.4590952546672595	0.05142245666666667	1.6832081216566668
1.460840583919254	0.053089043333333336	1.6889815132933332
1.4625859131712482	0.041263593333333334	1.6918572324333332
1.4643312424232424	0.03859077333333333	1.7072832748933333
1.4660765716752366	0.04410888666666666	1.7216828022299997
1.4678219009272309	0.04337585	1.71114998832
1.4695672301792255	0.04311865666666666	1.6874980188666666
1.4713125594312197	0.04409630666666667	1.6662727923133334
1.4730578886832142	0.03663577333333333	1.6508483401666665
1.4748032179352084	0.034218889999999995	1.6607561026866666
1.4765485471872026	0.04382163	1.6959376378999997
1.478293876439197	0.04631812333333333	1.7199179543466665
1.480039205691191	0.04012376666666667	1.71858234497
1.481784534943186	0.03975193	1.7054293346999998
1.4835298641951802	0.038174349999999996	1.6815398522933336
1.4852751934471744	0.031998849999999995	1.65834216903
1.4870205226991688	0.03253970666666667	1.6571000461
1.488765851951163	0.03379115666666667	1.6671145511966667
1.4905111812031575	0.02825739	1.6698262693333334
1.4922565104551517	0.02979995	1.6710953470333334
1.494001839707146	0.03725869333333333	1.6670833639033333
1.4957471689591406	0.035183929999999995	1.6501436958533333
1.4974924982111348	0.029291746666666663	1.6395263997499998
1.4992378274631293	0.02821535333333333	1.64751558215
1.5009831567151235	0.02508775666666667	1.6595150763133333
1.5027284859671177	0.023254002	1.6680532181899999
1.504473815219112	0.027408179666666664	1.6664700638266663
1.5062191444711062	0.026887347666666662	1.6411248475733333
1.5079644737231006	0.020948155333333333	1.6050529168933334
1.5097098029750948	0.02128551533333333	1.5882677373866667
1.511455132227089	0.02471268	1.5961842626699998
1.5132004614790837	0.024889056666666666	1.62090478951
1.514945790731078	0.025320656666666663	1.6527216572633332
1.5166911199830724	0.025053709999999996	1.6701631582799998
1.5184364492350666	0.021456203333333333	1.6610934121899998
1.520181778487061	0.02004408333333333	1.6382747289
1.5219271077390553	0.021269645999999996	1.61507566139
1.5236724369910495	0.02087172	1.6009233835199999
1.5254177662430441	0.020289913333333333	1.6060341519733332
1.5271630954950384	0.02082167	1.6255818760966667
1.5289084247470326	0.020908666666666666	1.6436390259433333
1.530653753999027	0.02239414666666667	1.6533056521199998
1.5323990832510213	0.025071899999999998	1.65229019202
1.5341444125030157	0.026878103333333334	1.6435774329833333
1.53588974175501	0.028545916666666664	1.6398804275599999
1.537635071007004	0.028076436666666666	1.6451450963199998
1.5393804002589988	0.02353369333333333	1.6504947624499997
1.541125729510993	0.021464789	1.6522750935266668
1.5428710587629875	0.024104043999999998	1.6465251817
1.5446163880149817	0.025913407	1.6292218677233334
1.546361717266976	0.02820645033333333	1.6140924568566668
1.5481070465189704	0.03272783133333333	1.61619201313
1.5498523757709646	0.033730833	1.6303082682800003
1.5515977050229588	0.03403782366666667	1.6487888235
1.553343034274953	0.038279029219999997	1.6630243418266668
1.5550883635269477	0.03740962033333333	1.65476431099
1.556833692778942	0.030317126966666663	1.6257826631566668
1.5585790220309363	0.029507791633333336	1.6017683981966666
1.5603243512829306	0.0330119157	1.59120686761
1.5620696805349248	0.03347360991333333	1.5887281506333333
1.563815009786919	0.03655245733333333	1.596130609036667
1.5655603390389135	0.04054596966666666	1.6042030929633333
1.5673056682909077	0.03792953066666666	1.6005650920833334
1.5690509975429023	0.036803801	1.5964373802666665
1.5707963267948966	0.04015468133333333	1.599369417963333
1.5725416560468908	0.03642284566666666	1.5976286653333331
1.5742869852988854	0.028921894333333337	1.5926391201133332
1.5760323145508797	0.028624669666666665	1.5922060274233332
1.5777776438028739	0.030194725333333332	1.58678692027
1.579522973054868	0.029527503333333333	1.57430516989
1.5812683023068623	0.031089324333333335	1.5669943383633334
1.583013631558857	0.03067336833333333	1.56528067144
1.5847589608108512	0.02594803933333333	1.5685200694933332
1.5865042900628454	0.025178492333333333	1.5842763229999997
1.5882496193148399	0.027721175333333327	1.6029048370799999
1.589994948566834	0.025667475333333332	1.6058840837766666
1.5917402778188283	0.021515889333333333	1.595168870133333
1.5934856070708228	0.019505920333333333	1.5802404348099999
1.5952309363228174	0.017687247999999996	1.565647706863333
1.5969762655748112	0.017164656333333334	1.5613594686766668
1.5987215948268054	0.019641753333333335	1.57060909331
1.6004669240788003	0.020893836333333332	1.5797039124299999
1.6022122533307945	0.019543499333333332	1.5809711777666664
1.603957582582789	0.018270328466666666	1.5776555558533334
1.6057029118347832	0.0164787086	1.5697974906433334
1.6074482410867772	0.014130000133333334	1.56145646512
1.6091935703387716	0.014378994366666665	1.5616605768199998
1.6109388995907659	0.016170586266666665	1.5668089912533332
1.6126842288427607	0.017478074333333333	1.5687164664
1.614429558094755	0.019374503	1.56709356902
1.6161748873467492	0.020266839999999998	1.5594356689433333
1.6179202165987434	0.018667502	1.5449134759099998
1.6196655458507376	0.018488574	1.5355067065299999
1.621410875102732	0.019385009333333335	1.5378452676233334
1.6231562043547263	0.019143512999999997	1.54718706336
1.624901533606721	0.022241383666666663	1.5613833508
1.6266468628587152	0.027952525666666662	1.57286894453
1.6283921921107094	0.028363397000000002	1.5675421226066666
1.630137521362704	0.02661522833333333	1.5506172767366666
1.6318828506146983	0.027932697333333333	1.53851218284
1.6336281798666925	0.028649580666666667	1.5360019953433333
1.6353735091186867	0.03128646	1.5459028990099999
1.637118838370681	0.039194626999999996	1.5677251851433334
1.6388641676226756	0.04130262433333333	1.58262851643
1.6406094968746698	0.036285078	1.58041102072
1.642354826126664	0.037584915999999996	1.5737848031066666
1.6441001553786583	0.043574310000000005	1.56852075209
1.6458454846306525	0.045183803333333335	1.5626542980233333
1.647590813882647	0.04759630533333334	1.5658232012566666
1.6493361431346412	0.05046045999999999	1.57774711287
1.6510814723866354	0.04732951666666667	1.5843480615266667
1.6528268016386303	0.04693587666666667	1.58556623694
1.654572130890624	0.05466726333333333	1.5858026301266666
1.6563174601426187	0.05755107999999999	1.5770671942266665
1.6580627893946132	0.055407356666666664	1.5659260071233334
1.6598081186466074	0.06006975333333334	1.5703205656766666
1.6615534478986018	0.06551418666666667	1.584391304593333
1.663298777150596	0.06231510000000001	1.5916050908933332
1.6650441064025903	0.05923751666666666	1.5925895393466665
1.6667894356545845	0.05974794666666666	1.5865183296699998
1.6685347649065787	0.05910369333333333	1.5703065123266668
1.6702800941585736	0.06419501	1.5589603381366666
1.6720254234105678	0.07614321333333333	1.5634779772566667
1.673770752662562	0.07771725999999998	1.5708269924433333
1.6755160819145563	0.06901838333333332	1.5765674290433334
1.6772614111665505	0.06722531333333333	1.5873960801166664
1.679006740418545	0.07051898000000001	1.5922324353033332
1.6807520696705391	0.06963674333333332	1.5805178679699998
1.6824973989225334	0.07148821	1.5667809605466667
1.684242728174528	0.07556540333333334	1.5613293113266666
1.6859880574265222	0.07345076333333334	1.5617261835733331
1.6877333866785167	0.07200192999999999	1.5715929881366666
1.6894787159305111	0.07605277333333334	1.5863993486666665
1.6912240451825054	0.07410839666666666	1.5864746721433332
1.6929693744344996	0.06857577	1.5732734697200002
1.6947147036864938	0.07212567999999998	1.5660454551899998
1.6964600329384885	0.07821302333333333	1.5666246409266666
1.6982053621904827	0.07505918666666667	1.5668536384433331
1.6999506914424771	0.06827272	1.56929048633
1.7016960206944713	0.06259701333333331	1.5715837724533332
1.7034413499464653	0.056824	1.5672071039966664
1.7051866791984598	0.05637266	1.5622225256666669
1.706932008450454	0.06349321666666666	1.5637424918199998
1.708677337702449	0.06692150333333333	1.5652123620466665
1.7104226669544431	0.06314684	1.56502691738
1.7121679962064373	0.059943166666666665	1.5684579685433333
1.7139133254584316	0.05674614	1.5699814575266666
1.7156586547104258	0.04780946333333333	1.5612200841366666
1.7174039839624204	0.04001122	1.5505788046
1.7191493132144147	0.039340379999999994	1.5480919399833333
1.7208946424664089	0.04085991666666666	1.55314739375
1.722639971718403	0.04162713	1.5636315916366663
1.7243853009703973	0.04277552666666666	1.57612731701
1.726130630222392	0.039252459999999996	1.5788044877266665
1.7278759594743864	0.03160736	1.5684023859099998
1.7296212887263807	0.027868813333333332	1.5551164771966666
1.7313666179783749	0.028119223333333332	1.546238779263333
1.733111947230369	0.025919043333333336	1.5425778339633331
1.7348572764823635	0.02293176333333333	1.5482496430666668
1.7366026057343578	0.021439476666666665	1.5610005604500001
1.738347934986352	0.019377646666666665	1.5695135077133333
1.7400932642383462	0.01633807533333333	1.5663226796133332
1.7418385934903404	0.014781524333333332	1.5542211314466665
1.7435839227423353	0.013995735333333332	1.53880058205
1.7453292519943295	0.013689492	1.528665687153333
1.7470745812463238	0.014340198333333332	1.530655556553333
1.7488199104983182	0.015544993333333333	1.5423576202133331
1.7505652397503124	0.015207565000000001	1.5529673968233333
1.7523105690023066	0.013786190666666665	1.5552931626133333
1.7540558982543013	0.012501228666666666	1.54745996611
1.7558012275062955	0.011595035666666666	1.53230112501
1.75754655675829	0.009916956666666666	1.5171765534333332
1.7592918860102842	0.008873139666666665	1.5124548762133332
1.7610372152622784	0.009628527999999999	1.5219305139866663
1.7627825445142726	0.012074785666666666	1.541417280463333
1.7645278737662669	0.014452839666666665	1.5604642857299997
1.7662732030182617	0.016148059333333332	1.5682519594699997
1.768018532270256	0.017005547	1.55972653118
1.7697638615222502	0.017361303666666668	1.5410500857533331
1.7715091907742444	0.015802244	1.5232333551733332
1.7732545200262386	0.013582268666666664	1.5174358265466665
1.7749998492782333	0.01274853133333333	1.5275361160233332
1.7767451785302275	0.012968562666666666	1.5461924429
1.7784905077822217	0.013245794333333333	1.55970645757
1.780235837034216	0.015413948333333332	1.560839467913333
1.7819811662862102	0.01711125233333333	1.54899691487
1.7837264955382048	0.01699177233333333	1.5317023562399998
1.785471824790199	0.018694927666666666	1.5213513279033333
1.7872171540421935	0.022134294333333332	1.5233721665366666
1.7889624832941877	0.020957916666666666	1.52958932238
1.790707812546182	0.01740167533333333	1.5329518411966667
1.7924531417981764	0.016453691666666666	1.5305031337133332
1.7941984710501706	0.01645775966666667	1.52000427628
1.7959438003021653	0.015905363666666665	1.5044161030233332
1.7976891295541597	0.018156287666666666	1.4946293265499997
1.7994344588061533	0.020461215999999997	1.4946921113733334
1.8011797880581482	0.02055031133333333	1.5021373128566666
1.8029251173101424	0.022432121333333332	1.5143284317866668
1.8046704465621368	0.026275995999999996	1.5246327456733333
1.806415775814131	0.024615654	1.5213063111633334
1.8081611050661253	0.020018000333333334	1.5064415934633333
1.8099064343181195	0.020293528999999998	1.4925062704966667
1.8116517635701137	0.023134576999999996	1.4845830397466666
1.8133970928221086	0.022760320333333334	1.4818534566866666
1.8151424220741028	0.023256764333333332	1.48844702266
1.816887751326097	0.02480855233333333	1.5001594499166668
1.8186330805780913	0.024199422999999998	1.5074117641066667
1.8203784098300855	0.02606431866666667	1.51000175121
1.82212373908208	0.0322539	1.5097787444533335
1.8238690683340746	0.032038036666666665	1.5002884297866665
1.8256143975860688	0.026447008666666667	1.4874361891666663
1.827359726838063	0.025889382666666662	1.4841393039766668
1.8291050560900572	0.02761428333333333	1.4870091331033333
1.830850385342052	0.025067883	1.4859613979933333
1.8325957145940461	0.025236871666666667	1.48433830875
1.8343410438460404	0.029081219	1.48221404073
1.8360863730980346	0.03086662533333333	1.4763405825933333
1.8378317023500288	0.032971629	1.4734863977866663
1.8395770316020235	0.03662035033333333	1.4779436859266666
1.8413223608540177	0.03269295666666666	1.4792489169433332
1.843067690106012	0.024642613999999997	1.4768982639133332
1.8448130193580063	0.02438768	1.4789690440699998
1.8465583486100006	0.029557519000000004	1.4804654790066665
1.8483036778619948	0.030639922666666666	1.4728667608233332
1.850049007113989	0.03134332866666667	1.46483850886
1.8517943363659835	0.03360175766666666	1.462111247013333
1.8535396656179781	0.03243558766666666	1.4607094578366664
1.8552849948699723	0.029920140333333334	1.4624900298499999
1.8570303241219668	0.031376197999999994	1.4700406187633335
1.858775653373961	0.030501715333333335	1.4730500874533332
1.8605209826259552	0.027560625666666665	1.4716312500833333
1.8622663118779497	0.031427958	1.47641248937
1.8640116411299439	0.03773422766666666	1.4821414407499998
1.865756970381938	0.03488689823333333	1.4758251671966667
1.8675022996339323	0.0293523991	1.46456997275
1.8692476288859265	0.028124571999999994	1.4560791742166668
1.8709929581379214	0.027746578733333332	1.4486253094633332
1.8727382873899157	0.029094190433333333	1.4470484814333333
1.8744836166419099	0.03475140996666667	1.45590164609
1.876228945893904	0.03530042493333333	1.4631875727866666
1.8779742751458983	0.029757859666666664	1.4652220471433335
1.8797196043978928	0.027215466333333334	1.4689999726966665
1.881464933649887	0.026938632599999998	1.4692858012366667
1.8832102629018816	0.022804729333333332	1.45721436937
1.8849555921538759	0.021081132333333336	1.4436040565566666
1.88670092140587	0.024722952333333333	1.43817417644
1.8884462506578648	0.027971006666666666	1.4393928734433334
1.890191579909859	0.028497141666666663	1.4472805066633332
1.8919369091618532	0.028312408333333334	1.4605850676699998
1.8936822384138474	0.02390698833333333	1.4657760047966666
1.8954275676658416	0.017619901666666667	1.45925314227
1.8971728969178363	0.01684046733333333	1.4508397272133333
1.8989182261698305	0.020999482	1.44398755264
1.900663555421825	0.02276874	1.4362064166966664
1.9024088846738192	0.023845696666666666	1.4357634887666664
1.9041542139258134	0.025695859999999994	1.44415345032
1.9058995431778076	0.024894643333333334	1.4502527267166667
1.9076448724298019	0.022171906666666664	1.4487035511433333
1.9093902016817967	0.022143239999999998	1.4426480589033333
1.911135530933791	0.021079469666666663	1.4296903190999999
1.9128808601857852	0.019343201999999997	1.4171345612599997
1.9146261894377794	0.022294745999999997	1.4189586952233333
1.9163715186897738	0.026889991333333335	1.4321864330466667
1.9181168479417683	0.026015424666666665	1.4420814529733335
1.9198621771937625	0.02453298433333333	1.4472499556066665
1.9216075064457567	0.024902529999999996	1.4459440801099999
1.923352835697751	0.02441292333333333	1.4330269849066666
1.9250981649497452	0.025460655333333335	1.4158605494599998
1.92684349420174	0.02982848333333333	1.4070545639666667
1.9285888234537343	0.029296282	1.4053672116933333
1.9303341527057285	0.025355847333333334	1.4133320385666668
1.9320794819577227	0.026596323666666664	1.4353215732399998
1.933824811209717	0.03058831666666666	1.4570427523333334
1.9355701404617114	0.029930166666666667	1.4584164274766664
1.9373154697137056	0.029882316666666665	1.4439195868133334
1.9390607989656998	0.032649356666666664	1.42501660802
1.9408061282176947	0.033524863333333335	1.4072751916299997
1.9425514574696887	0.033516483333333326	1.4003107657266665
1.9442967867216832	0.036120559999999996	1.4107981901899997
1.9460421159736774	0.034359096666666665	1.424454722463333
1.9477874452256718	0.029730766666666665	1.4314003168499998
1.949532774477666	0.03282978	1.4356243388466665
1.9512781037296603	0.04061226666666666	1.4327726473099998
1.953023432981655	0.04053322333333333	1.4143562754866665
1.9547687622336491	0.03826354	1.3967202468900002
1.9565140914856434	0.04101364666666666	1.3964377496399998
1.9582594207376378	0.04272569999999999	1.4072161178533333
1.960004749989632	0.04103870666666666	1.4197043339433333
1.9617500792416263	0.04220878	1.4322385919133334
1.9634954084936205	0.04112888333333333	1.4323959193700002
1.9652407377456147	0.03657879666666666	1.4169017851066665
1.9669860669976096	0.038878633333333336	1.4023256561066664
1.9687313962496038	0.046668006666666664	1.3959722466433333
1.970476725501598	0.04559918133333333	1.3889939854866669
1.9722220547535922	0.04136210533333333	1.3902043597433331
1.9739673840055865	0.04570974233333333	1.40949864964
1.9757127132575811	0.05115736	1.4307198511766668
1.9774580425095754	0.04818418333333333	1.43557535421
1.9792033717615696	0.04506877033333333	1.429277865163333
1.9809487010135638	0.04380415766666666	1.4149237836833333
1.982694030265558	0.04029982633333333	1.3940162000333332
1.9844393595175527	0.04020880833333333	1.38141493704
1.9861846887695471	0.04622216999999999	1.3856852195866667
1.9879300180215413	0.045677912	1.3930003481566668
1.9896753472735356	0.04090630766666666	1.4012249384666664
1.9914206765255298	0.04523507266666667	1.4172528958533332
1.9931660057775242	0.052456822	1.4277841048899997
1.9949113350295185	0.04832231299999999	1.4168373325966668
1.9966566642815133	0.042013519666666665	1.39945150419
1.9984019935335076	0.042162706333333334	1.3911565095133334
2.0001473227855016	0.04180092566666666	1.3888086748766666
2.0018926520374962	0.03854915333333333	1.3906780268333332
2.0036379812894904	0.03874038666666666	1.3992042096433333
2.0053833105414847	0.03740197666666666	1.4030010769899999
2.0071286397934793	0.03362723266666666	1.3996387994133332
2.0088739690454736	0.03651641233333333	1.4010460129866664
2.0106192982974678	0.043919070000000004	1.4059193907266665
2.012364627549462	0.041964089999999996	1.4001983704366667
2.014109956801456	0.03594948333333333	1.3913546786366666
2.0158552860534504	0.036984116666666664	1.3915925432766667
2.0176006153054447	0.03875568333333333	1.3941000119133333
2.019345944557439	0.032868303333333335	1.3910960401933334
2.021091273809433	0.02817310333333333	1.3905181242033333
2.022836603061428	0.027836890000000003	1.3914227320733332
2.0245819323134224	0.02725516	1.3880049826933334
2.0263272615654166	0.028053230000000002	1.3849640449799998
2.028072590817411	0.03187730333333333	1.3863060742800002
2.029817920069405	0.030173849999999995	1.3846188102900001
2.0315632493213998	0.02514604333333333	1.3841670210766666
2.033308578573394	0.02541466666666667	1.3924961764133332
2.035053907825388	0.027726499999999994	1.40062972706
2.036799237077383	0.02363955	1.3963737963266667
2.0385445663293766	0.018921186666666666	1.38752535266
2.0402898955813713	0.018491813333333332	1.3823236190799997
2.0420352248333655	0.018495578333333332	1.3798837636133332
2.0437805540853597	0.01553900633333333	1.3795297346699997
2.045525883337354	0.013778952333333334	1.3839135929
2.047271212589348	0.013314417999999998	1.38809300294
2.0490165418413424	0.012910423999999998	1.3900961456799998
2.0507618710933366	0.013259067	1.3926969942899998
2.052507200345331	0.015087488666666666	1.3947980419666666
2.054252529597326	0.013965659666666666	1.38921409342
2.05599785884932	0.011214503	1.37856437559
2.0577431881013144	0.010457041333333333	1.3685649593366664
2.0594885173533086	0.010522807999999998	1.3602255370366667
2.0612338466053033	0.007526181333333333	1.3539070104633333
2.0629791758572975	0.005321190666666667	1.3562362707499998
2.0647245051092917	0.005739535333333334	1.36645356907
2.0664698343612864	0.006960387	1.3781330014533335
2.0682151636132806	0.006782433333333332	1.3856039826500002
2.069960492865275	0.006468073666666666	1.3876888467566666
2.071705822117269	0.006050677999999999	1.3842625651399998
2.0734511513692633	0.0063224596	1.3805774711566665
2.0751964806212575	0.005501156333333333	1.3794936535866669
2.0769418098732517	0.004588735733333333	1.3809933447999998
2.078687139125246	0.004604359533333333	1.3824592310866666
2.080432468377241	0.0048186236	1.38298849341
2.0821777976292353	0.0034852516999999998	1.3817526726966665
2.08392312688123	0.003434472766666667	1.3815002262466667
2.0856684561332237	0.0035750476	1.38221417334
2.087413785385218	0.0034809279333333333	1.3841019716766667
2.0891591146372126	0.0050223069	1.3869855799266668
2.090904443889207	0.007868122966666665	1.3899969525366667
2.0926497731412015	0.00708121275	1.38945098796
2.0943951023931957	0.005679985633333333	1.3872128920733333
2.0961404316451895	0.007242628166666666	1.3843401666066666
2.097885760897184	0.009764472133333334	1.3787171193299996
2.0996310901491784	0.009124822033333334	1.3674713906666665
2.1013764194011726	0.008086866566666667	1.3552797908866667
2.103121748653167	0.008278471499999999	1.3473656760400001
2.104867077905161	0.008806358333333333	1.3471130642499998
2.1066124071571553	0.007862139333333334	1.3534998213533331
2.1083577364091495	0.008109181133333334	1.3649379792066665
2.1101030656611446	0.009075486666666667	1.3750551246066665
2.111848394913139	0.009969361333333333	1.3797176427200002
2.113593724165133	0.012033015666666664	1.3795826210133333
2.1153390534171272	0.015952127333333333	1.3776079284833334
2.1170843826691215	0.015834294666666665	1.3717666083566666
2.118829711921116	0.013510845666666663	1.3654497072833334
2.1205750411731104	0.014512610666666665	1.3628118880966664
2.1223203704251046	0.016782768666666666	1.3615260723599998
2.124065699677099	0.014879551	1.3567053809333331
2.1258110289290935	0.01439189	1.3534912686033334
2.1275563581810877	0.017948109666666667	1.3544005929866665
2.129301687433082	0.021540345666666662	1.3565707916566665
2.131047016685076	0.022328570666666665	1.3575636999866667
2.1327923459370703	0.022736953333333337	1.3591324346033336
2.1345376751890646	0.021321126333333332	1.3586999309133332
2.1362830044410597	0.019017036333333334	1.35621839471
2.138028333693054	0.018614851666666668	1.3533550928599998
2.139773662945048	0.020673711666666667	1.3499585714866669
2.141518992197043	0.020209307333333332	1.3422116093799998
2.143264321449037	0.018980444	1.3351921551666666
2.1450096507010312	0.02104221566666667	1.3357765047333334
2.1467549799530254	0.02405073	1.3429142477633331
2.1485003092050197	0.021654527	1.3493423337666668
2.1502456384570143	0.01896516833333333	1.3562228468366666
2.1519909677090086	0.020465937999999996	1.3633139146966666
2.1537362969610028	0.022828172666666664	1.3659672115499997
2.155481626212997	0.02290263633333333	1.3624498583333333
2.157226955464991	0.024186111	1.3583342637333333
2.1589722847169854	0.024505472	1.3537982607266665
2.1607176139689797	0.022981619	1.3503105942999998
2.162462943220974	0.02256710866666667	1.35134889149
2.164208272472968	0.024002902666666666	1.355951042613333
2.1659536017249623	0.022509032	1.3567386127433334
2.1676989309769574	0.02131317333333333	1.3556956664933333
2.1694442602289516	0.024307065999999995	1.3568524681699998
2.171189589480946	0.028035783666666664	1.35807265333
2.17293491873294	0.02611570233333333	1.3553500722766665
2.1746802479849343	0.022936161666666666	1.3546993689166666
2.176425577236929	0.022244187666666665	1.3584271661733331
2.178170906488923	0.021896601333333328	1.3615946242633332
2.179916235740918	0.019918142666666666	1.359726144853333
2.1816615649929116	0.020429733999999998	1.3554285743333332
2.183406894244906	0.021759741333333332	1.3481226261866666
2.1851522234969005	0.022466359666666665	1.3406515288266665
2.1868975527488947	0.024073897	1.33851158274
2.188642882000889	0.026090353	1.3423684597066665
2.190388211252883	0.023347542333333332	1.3454964559399998
2.1921335405048774	0.019734616666666666	1.3492339787266667
2.1938788697568716	0.019579646333333332	1.3551466729099997
2.1956241990088667	0.020612819666666664	1.3584360952366668
2.197369528260861	0.018607615333333334	1.3536743773333335
2.199114857512855	0.017229899333333333	1.3460854221899998
2.20086018676485	0.017785338999999997	1.3396088806266668
2.202605516016844	0.018527179999999997	1.3349619059966664
2.2043508452688383	0.017489574333333334	1.3322915400633333
2.206096174520833	0.017298335999999997	1.3346357276666665
2.207841503772827	0.017415146333333333	1.3392041121166667
2.2095868330248214	0.017364122666666666	1.3431569250233333
2.2113321622768156	0.01727111	1.345171972083333
2.21307749152881	0.017909758666666664	1.3454012164933333
2.214822820780804	0.01607695333333333	1.3414429940333332
2.2165681500327983	0.013741855666666665	1.337309118633333
2.2183134792847925	0.013572240333333332	1.3366161034233333
2.2200588085367867	0.0147160561	1.3376675799966666
2.221804137788781	0.013817763333333332	1.3353780894333334
2.223549467040776	0.013870219666666664	1.3322135299133333
2.2252947962927703	0.01565356033333333	1.32987206536
2.2270401255447645	0.0173665186	1.3279450740499998
2.2287854547967587	0.016438547333333334	1.3254266003266666
2.230530784048753	0.015250306666666666	1.3263752515333334
2.2322761133007476	0.014750331666666667	1.3314773603066667
2.234021442552742	0.014811333266666667	1.33875784539
2.235766771804736	0.013762995	1.3444551554399997
2.2375121010567303	0.013585430333333332	1.3482805988733333
2.239257430308725	0.013282655333333332	1.3474489730933332
2.241002759560719	0.012691333333333332	1.3423515778733333
2.2427480888127134	0.01297429	1.3360005859266666
2.2444934180647076	0.014801759666666667	1.33146252209
2.246238747316702	0.014026207	1.3271909605233332
2.247984076568696	0.013163204333333333	1.3271090371333332
2.2497294058206903	0.015001930666666665	1.3330309962166664
2.2514747350726845	0.017207220666666665	1.3401583095599998
2.2532200643246787	0.015978412333333334	1.3414728060333332
2.254965393576674	0.014990456666666666	1.3388980365966665
2.256710722828668	0.015016060666666666	1.3340393061500002
2.2584560520806622	0.015093401	1.3281678632866667
2.260201381332657	0.014449098333333334	1.3227084485766665
2.261946710584651	0.015285417999999999	1.3215748245466667
2.2636920398366454	0.016526402	1.3234365834233333
2.26543736908864	0.017853543666666666	1.3264768349633331
2.2671826983406342	0.01854117	1.3288166746833334
2.2689280275926285	0.019152896666666665	1.3308677501833333
2.2706733568446227	0.017229881	1.3305087306933334
2.272418686096617	0.014882442	1.3301315223666665
2.274164015348611	0.014980766666666666	1.3322704771433334
2.2759093446006062	0.01659144	1.3363650986566666
2.2776546738525996	0.015195876666666667	1.3385091556966666
2.279400003104594	0.01428283	1.34168910161
2.281145332356588	0.01552313	1.34614708844
2.2828906616085836	0.01659502	1.3478124931666668
2.284635990860578	0.01570150633333333	1.3427057931433333
2.286381320112572	0.015838380333333332	1.3340331073533334
2.288126649364566	0.015941444333333332	1.3241433198566668
2.28987197861656	0.01637858333333333	1.3172193273600001
2.291617307868555	0.01752421333333333	1.3159219017266666
2.2933626371205493	0.019548786666666665	1.3212824073533334
2.2951079663725436	0.01978536	1.3286550295133335
2.2968532956245378	0.019610151	1.3353537394666666
2.2985986248765315	0.020290114999999997	1.3393170556766667
2.300343954128526	0.021991233333333332	1.3399472403366668
2.3020892833805204	0.021508550999999994	1.3345376643333333
2.3038346126325147	0.02159146433333333	1.3265184972299997
2.305579941884509	0.024497198333333334	1.3197066071633332
2.307325271136503	0.02739671666666666	1.3147769942799998
2.309070600388498	0.025642549333333334	1.3100851720166666
2.3108159296404924	0.023633987333333332	1.3107521460966665
2.3125612588924866	0.023128157333333333	1.31707195635
2.314306588144481	0.022715046999999995	1.3240750896733333
2.316051917396475	0.021970563	1.3269313768133333
2.3177972466484698	0.02338724266666667	1.327009771233333
2.319542575900464	0.024371247666666665	1.3236755466066665
2.321287905152458	0.025376012999999996	1.3192612388133331
2.3230332344044524	0.02766838633333333	1.316182372343333
2.324778563656447	0.030247333333333334	1.3147894078399998
2.3265238929084413	0.028647876666666662	1.3108272510333334
2.3282692221604355	0.026567453333333338	1.3071927814
2.3300145514124297	0.028443733333333332	1.3078015397333334
2.331759880664424	0.03221444666666666	1.3107860273099998
2.333505209916418	0.03181797333333333	1.3095092561533332
2.3352505391684133	0.031884644999999996	1.3074964114433332
2.3369958684204075	0.03539422666666667	1.3079807426866665
2.3387411976724017	0.037467879999999995	1.3083450974366666
2.340486526924396	0.03420446666666666	1.3063915474033332
2.34223185617639	0.0318863	1.3086015320333333
2.343977185428385	0.031666309999999996	1.3147008822733333
2.345722514680379	0.03209780333333333	1.3203127290966665
2.3474678439323733	0.03338927333333333	1.32317104616
2.3492131731843675	0.03646149666666666	1.3246549055699999
2.3509585024363617	0.03695954	1.3217431037433334
2.3527038316883564	0.03624342333333333	1.3162776090766666
2.3544491609403506	0.03713891	1.31143334677
2.356194490192345	0.03832896333333333	1.3070119234066668
2.357939819444339	0.03469061333333333	1.29952469017
2.3596851486963333	0.031901233333333334	1.2967015356833334
2.3614304779483275	0.03611101333333333	1.3052385401666666
2.3631758072003217	0.04258135666666666	1.31849777463
2.364921136452316	0.04240321333333333	1.3238814426433332
2.36666646570431	0.04185676333333333	1.3242802677466665
2.3684117949563044	0.045385949999999994	1.323088401213333
2.3701571242083	0.046599203333333325	1.3159959378733332
2.371902453460294	0.041495943333333334	1.3018353306533332
2.373647782712288	0.03839259	1.2909661902833334
2.375393111964282	0.03866421	1.2857524624066665
2.3771384412162764	0.03979845333333333	1.2844098787833333
2.3788837704682715	0.0421156	1.2881943348
2.3806290997202657	0.046534146666666665	1.2985987418966665
2.38237442897226	0.04748239	1.3083485077299999
2.384119758224254	0.046723600000000004	1.3158615592466667
2.3858650874762484	0.04875711333333333	1.3220053549133333
2.3876104167282426	0.05106203333333334	1.3221272550199998
2.389355745980237	0.046439553333333335	1.3104183028999998
2.391101075232231	0.042573363333333336	1.29931349743
2.3928464044842253	0.04741989666666666	1.30055897588
2.3945917337362195	0.053647576666666655	1.3074814416699998
2.3963370629882146	0.05113031333333332	1.3079688166966665
2.398082392240209	0.049065906666666666	1.3081089044633334
2.3998277214922035	0.05306187333333333	1.3112067458999999
2.4015730507441977	0.05505879666666666	1.3096439705633331
2.403318379996192	0.05049062666666666	1.3006275179966666
2.4050637092481866	0.04809263999999999	1.2942586648533332
2.406809038500181	0.04862672	1.29198265536
2.408554367752175	0.04893246666666666	1.2917812450299997
2.4102996970041692	0.049661903333333327	1.29538537834
2.4120450262561635	0.05237568666666666	1.3040456980933333
2.4137903555081577	0.051888073333333326	1.31048848108
2.415535684760152	0.05052294666666666	1.3147865048833332
2.417281014012146	0.05295432333333333	1.3190218179099997
2.4190263432641403	0.05584747333333333	1.3174928020166665
2.4207716725161346	0.051222946666666665	1.3028386622766668
2.4225170017681297	0.04675906666666666	1.28742426097
2.424262331020124	0.05032691	1.2837695149366666
2.426007660272118	0.05454556666666666	1.2863149570999999
2.4277529895241123	0.04976625333333333	1.2846540555266668
2.4294983187761066	0.04640481	1.28691715624
2.4312436480281012	0.051274860000000005	1.2966446626766666
2.4329889772800954	0.055065840000000005	1.3025652036866666
2.4347343065320897	0.050516116666666666	1.2975617171466667
2.436479635784084	0.04740890666666667	1.2922195104566667
2.438224965036078	0.048659336666666664	1.28978133075
2.4399702942880728	0.04845631	1.2858694255599998
2.441715623540067	0.04546560333333333	1.28095570295
2.443460952792061	0.045167196666666666	1.2806859403
2.4452062820440554	0.04481259333333333	1.2815951896066666
2.4469516112960497	0.04446149666666666	1.2843587856333334
2.448696940548044	0.04777886666666667	1.29221087822
2.450442269800038	0.05226442333333334	1.2997503798166667
2.4521875990520323	0.04919837666666666	1.2964856634333333
2.4539329283040274	0.04505472666666666	1.2912587938066666
2.4556782575560216	0.04744165333333333	1.2942014555566665
2.457423586808016	0.049320180000000005	1.2977010272466667
2.4591689160600105	0.04178932333333333	1.2913073594366664
2.4609142453120048	0.03630991333333333	1.2863981542733331
2.462659574563999	0.04053592	1.2901788891366666
2.464404903815993	0.04475582	1.2925681080466664
2.466150233067988	0.04037611333333333	1.2864229928233333
2.467895562319982	0.03781715666666666	1.28363354824
2.4696408915719763	0.04127213333333333	1.2874467684733333
2.4713862208239705	0.04266493666666667	1.2891874225366666
2.4731315500759647	0.03820498333333333	1.2856420127333332
2.47487687932796	0.03608413	1.28453686472
2.476622208579954	0.03638302	1.2851708644633333
2.4783675378319483	0.03647073	1.28655136985
2.4801128670839416	0.037368226666666664	1.2907006253966666
2.481858196335936	0.03973107666666667	1.2959964057
2.4836035255879314	0.03771466999999999	1.29488916757
2.4853488548399256	0.03461296333333333	1.29319067696
2.48709418409192	0.03535323666666666	1.2973273671966665
2.488839513343914	0.03616358333333333	1.3001880789833333
2.490584842595908	0.030135536666666664	1.29178757567
2.492330171847903	0.025823973333333333	1.2825192525233333
2.494075501099897	0.029942669999999998	1.2817484251833333
2.4958208303518914	0.03464894333333333	1.2828799629
2.4975661596038856	0.030846973333333333	1.2785562845066667
2.49931148885588	0.028448226666666666	1.2797758542533333
2.501056818107874	0.03316317666666667	1.2899165858233332
2.5028021473598683	0.035788846666666665	1.2970423883866666
2.5045474766118625	0.030023976666666664	1.29407516607
2.5062928058638567	0.026581606666666664	1.2911767874533333
2.508038135115851	0.02878592	1.2903983071199998
2.509783464367846	0.030271466666666667	1.2859635012966666
2.5115287936198403	0.028032909999999998	1.2768496247766665
2.5132741228718345	0.027492956666666665	1.2697540548633333
2.5150194521238287	0.02737088	1.2652492591666666
2.516764781375823	0.025936419999999995	1.26587646607
2.5185101106278176	0.024267396666666663	1.2735752682066668
2.520255439879812	0.023994846666666667	1.2837116025733333
2.522000769131806	0.02106996333333333	1.2859857373099999
2.5237460983838007	0.01915673	1.2846753371233333
2.525491427635795	0.02299358333333333	1.2872785945
2.527236756887789	0.02789021333333333	1.2898426332666668
2.5289820861397834	0.02514828	1.28451898932
2.5307274153917776	0.02260796333333333	1.2809860127533332
2.532472744643772	0.026088516666666665	1.2847438126666666
2.534218073895766	0.02736251	1.2858733688766666
2.535963403147761	0.01979309333333333	1.2779496562833332
2.5377087323997554	0.014741690000000002	1.2742271855233334
2.5394540616517496	0.01722944333333333	1.2793496254333332
2.541199390903744	0.01951243	1.28391908584
2.542944720155738	0.015962426666666665	1.2827799459499998
2.5446900494077327	0.014879191333333333	1.2859815781433332
2.546435378659727	0.018558822666666662	1.2965911086933333
2.548180707911721	0.020687894999999998	1.3093786896966666
2.5499260371637154	0.017594084666666666	1.3192752837933333
2.5516713664157096	0.015902625999999996	1.32644952458
2.5534166956677042	0.015887374666666666	1.3257572822766666
2.5551620249196985	0.015586400666666667	1.3170380167333333
2.5569073541716927	0.01567231133333333	1.3049324735066667
2.558652683423687	0.017590956666666664	1.2922279132799999
2.560398012675681	0.016986331666666663	1.27601326211
2.5621433419276762	0.015809717333333334	1.2625462460533332
2.5638886711796696	0.015950790333333333	1.2567803131733333
2.565634000431664	0.01536405333333333	1.2557588313466665
2.567379329683658	0.010761246333333332	1.2547385955866663
2.5691246589356522	0.007631377666666666	1.2596107379700001
2.570869988187648	0.008806580333333331	1.2707529030066667
2.572615317439642	0.011032386	1.27993662834
2.5743606466916362	0.008979157999999998	1.28083354231
2.57610597594363	0.008889303333333333	1.2826975992333334
2.5778513051956247	0.014821136666666665	1.2909550685466666
2.5795966344476193	0.019653608	1.2985539865533333
2.5813419636996136	0.01585793933333333	1.2972304693033332
2.5830872929516078	0.012776355999999999	1.2935420893766665
2.584832622203602	0.015000078666666666	1.2899772884266665
2.586577951455596	0.01575402633333333	1.2818638316
2.5883232807075904	0.011211569	1.2684038836033333
2.5900686099595847	0.009720797	1.2589235636099998
2.591813939211579	0.012287842333333335	1.255107373153333
2.593559268463574	0.013809377666666666	1.2548558773966665
2.595304597715568	0.011463181666666666	1.2576434438166668
2.5970499269675624	0.010507198666666665	1.26683139723
2.598795256219557	0.01123478	1.2793271124433332
2.6005405854715513	0.011322641999999997	1.2918866744033333
2.6022859147235455	0.009741580333333333	1.3011086021199998
2.6040312439755398	0.009756708666666666	1.3052922505066666
2.6057765732275344	0.009523135999999998	1.3011631608333332
2.6075219024795286	0.010046753	1.2935160807933332
2.609267231731523	0.012564542333333333	1.2867972545566666
2.611012560983517	0.015267857666666666	1.2806630666833332
2.6127578902355113	0.013650147333333331	1.2723649223433333
2.6145032194875055	0.011924652666666667	1.26794894278
2.6162485487394997	0.011871481333333333	1.2688180000299998
2.617993877991494	0.011159491666666663	1.2703299291433334
2.619739207243488	0.007401828333333332	1.2680445345233333
2.6214845364954824	0.005580023	1.2666306372966667
2.6232298657474775	0.007178868999999999	1.2675907933466666
2.6249751949994717	0.009370346666666666	1.2690238231333333
2.626720524251466	0.007812253999999999	1.26831869661
2.62846585350346	0.007720716999999999	1.2705931479066666
2.6302111827554544	0.011717948666666667	1.2767899001799998
2.631956512007449	0.014599108666666666	1.282336596193333
2.6337018412594433	0.011207174	1.2827825506
2.6354471705114375	0.009310049666666667	1.2838101578899999
2.6371924997634317	0.011916718333333333	1.2867127878966667
2.638937829015426	0.013745853333333332	1.2875322439899999
2.6406831582674206	0.011005068666666668	1.2831748654599997
2.642428487519415	0.010580644666666666	1.2794734582633334
2.644173816771409	0.013807753	1.2782120251033335
2.6459191460234033	0.015770342333333333	1.2777048800766666
2.6476644752753975	0.012985074333333332	1.2757377529433334
2.6494098045273917	0.011551317333333333	1.27576332971
2.651155133779386	0.012376615999999997	1.2763642268766664
2.652900463031381	0.012275054666666667	1.2750577872266666
2.6546457922833753	0.009989728666666666	1.2706271624733332
2.6563911215353695	0.009784525666666665	1.266353189333333
2.658136450787364	0.010245238333333332	1.2614350984533333
2.6598817800393584	0.011045849	1.2572008215833335
2.6616271092913526	0.012235718000000001	1.2543595082966665
2.663372438543347	0.014014268	1.254176021483333
2.665117767795341	0.013814140666666665	1.25537519852
2.6668630970473353	0.013969375333333334	1.2604365845233334
2.66860842629933	0.014782031000000001	1.2684958844099998
2.6703537555513237	0.015366103	1.277377174023333
2.6720990848033184	0.013442363999999998	1.2828941814566668
2.673844414055312	0.012455299666666664	1.2859613675266666
2.6755897433073077	0.013614587999999999	1.28597304789
2.677335072559302	0.014973015333333332	1.2818478174566668
2.679080401811296	0.012818382	1.27169378256
2.6808257310632904	0.012006347333333334	1.2613353784733332
2.6825710603152837	0.014729687	1.2544282308799999
2.6843163895672792	0.01691441233333333	1.2502747933233334
2.6860617188192735	0.014039811	1.2463504985933334
2.6878070480712677	0.013158431666666666	1.24882770381
2.689552377323262	0.017277875666666664	1.2593005520633334
2.691297706575256	0.020353591666666664	1.2712764519633333
2.6930430358272504	0.01701238533333333	1.2772605336233334
2.694788365079245	0.015989197666666666	1.28213561581
2.696533694331239	0.020599323333333332	1.2872378630733332
2.6982790235832335	0.023353525	1.286877839153333
2.7000243528352272	0.01944990333333333	1.2784141383266667
2.701769682087222	0.018222489999999997	1.2720909361366666
2.703515011339216	0.02140619666666666	1.2704446862166665
2.7052603405912103	0.022201803	1.26756935251
2.7070056698432046	0.017784565000000002	1.2603186082833333
2.708750999095199	0.015583637666666665	1.25605908779
2.710496328347194	0.016061645	1.25607228917
2.712241657599188	0.015994367	1.2573601634
2.7139869868511823	0.014265320333333333	1.2573734485833334
2.7157323161031766	0.014966513333333334	1.2591676072366664
2.7174776453551712	0.016871031333333335	1.2615878847866666
2.7192229746071654	0.019321955333333335	1.2645641335333333
2.7209683038591597	0.021865905999999997	1.2688079511233332
2.722713633111154	0.025021407666666665	1.2768109414533333
2.7244589623631486	0.025853581	1.2848626212033332
2.7262042916151423	0.02573115733333333	1.2900768076366664
2.727949620867137	0.024837347	1.28960259624
2.729694950119131	0.023001583666666665	1.28433557574
2.7314402793711254	0.018852619333333334	1.27445210974
2.7331856086231197	0.01652103333333333	1.2643178621733333
2.734930937875114	0.017569700666666667	1.2556262923033332
2.736676267127109	0.019903471666666665	1.2474753799
2.738421596379103	0.01890796	1.2369826476299999
2.7401669256310974	0.020070976666666664	1.2320649284499998
2.7419122548830916	0.026755756999999998	1.2390072429033332
2.743657584135086	0.031989598999999994	1.2529371225366666
2.7454029133870805	0.028645165333333333	1.2645260973399999
2.7471482426390748	0.027061916666666665	1.27817719368
2.748893571891069	0.03158091333333333	1.29297329066
2.750638901143063	0.032808738	1.2972766120533334
2.7523842303950574	0.026278672666666662	1.28606790566
2.754129559647052	0.024379906666666663	1.2732268015433332
2.755874888899046	0.029462128333333337	1.2639722558333333
2.7576202181510405	0.031749468999999995	1.25169643739
2.7593655474030343	0.026404469	1.23509619327
2.761110876655029	0.02359996033333333	1.2282373586066666
2.762856205907024	0.025833734	1.2353333901
2.7646015351590183	0.025757002666666667	1.2473742391266667
2.7663468644110116	0.020067511	1.2565076318133332
2.768092193663006	0.018425301666666664	1.2675918013766667
2.769837522915	0.022251523	1.2784042538399998
2.7715828521669956	0.025579978000000003	1.2807847622666666
2.77332818141899	0.025866409666666663	1.2728600173933335
2.775073510670984	0.029055455999999997	1.2655283524199998
2.7768188399229783	0.03408447766666667	1.2625927607033332
2.7785641691749725	0.036399409	1.26118904939
2.780309498426967	0.03364554433333333	1.259223544053333
2.782054827678961	0.031174773999999995	1.2616774221033333
2.7838001569309556	0.029561787666666662	1.2657784046933334
2.7855454861829494	0.027536483333333334	1.2656537543
2.787290815434944	0.025372183	1.2596106110066665
2.7890361446869383	0.026137537999999995	1.25290308112
2.7907814739389325	0.026626262333333334	1.2453921036033333
2.7925268031909276	0.028282991999999996	1.24023068271
2.794272132442922	0.03279059433333333	1.2410575393933332
2.796017461694916	0.03638355866666666	1.2474189961599997
2.7977627909469107	0.033703034	1.2548436042866666
2.799508120198905	0.032153934999999995	1.2682590037099999
2.801253449450899	0.034814435	1.2866838298233332
2.8029987787028934	0.035379251	1.2986824699333335
2.8047441079548876	0.029824776666666664	1.2949035184033333
2.8064894372068823	0.028085839666666668	1.2836691443233332
2.808234766458876	0.032816481999999994	1.2707722016466665
2.8099800957108707	0.035169686	1.2533845972766664
2.8117254249628645	0.029685533000000004	1.2315921079066667
2.813470754214859	0.02742017033333333	1.2198154324466668
2.8152160834668534	0.031383225	1.2221256692033333
2.8169614127188476	0.032066284	1.2283972276266666
2.818706741970842	0.025374771999999997	1.2326645183333333
2.820452071222836	0.023725098666666666	1.2457250608166666
2.8221974004748303	0.03003078966666667	1.2670878970233332
2.8239427297268254	0.03441079133333333	1.2808203518533334
2.8256880589788196	0.031265654	1.2775800142633333
2.827433388230814	0.032089461666666666	1.2711304789566666
2.829178717482808	0.039744733666666664	1.2686827586066667
2.8309240467348022	0.042482211	1.2622256803899998
2.832669375986797	0.03496341633333333	1.2494167466933332
2.834414705238791	0.031562312999999995	1.2465273156899999
2.8361600344907854	0.035101453	1.2556116602133331
2.8379053637427796	0.035419068666666664	1.26315086549
2.839650692994774	0.030605208	1.2642376842199998
2.841396022246768	0.03119254533333333	1.269663329573333
2.8431413514987627	0.03619132	1.2776164759266666
2.8448866807507565	0.03878204466666667	1.2778788129066667
2.846632010002751	0.036388491999999995	1.2681039436533332
2.8483773392547453	0.035399566	1.259694003
2.8501226685067405	0.036529808999999996	1.2562445649933331
2.8518679977587347	0.03575242966666667	1.2537178113166665
2.853613327010729	0.03141273633333333	1.2503245948033332
2.855358656262723	0.030431618666666667	1.2530211907099997
2.8571039855147173	0.03213842066666667	1.2598221329733335
2.858849314766712	0.033939833333333336	1.2651782564566667
2.8605946440187062	0.035956987999999995	1.2666992010766667
2.8623399732707004	0.03881143299999999	1.2658714625233332
2.8640853025226947	0.03815060066666666	1.2597427853499998
2.865830631774689	0.036569784	1.25192152892
2.8675759610266836	0.03517770233333333	1.2467990925833332
2.8693212902786778	0.03258225199999999	1.24589405538
2.871066619530672	0.027694798666666666	1.2460630843833331
2.872811948782666	0.025929548999999996	1.2490916019033333
2.87455727803466	0.028382255666666665	1.2538348733266667
2.8763026072866555	0.031885659	1.25684682484
2.8780479365386498	0.031963829666666665	1.2554618178766666
2.879793265790644	0.03504220166666667	1.2578560222666666
2.881538595042638	0.04302099399999999	1.265752163373333
2.8832839242946324	0.04651836133333333	1.2700218930966667
2.885029253546627	0.039891100666666665	1.26573114112
2.8867745827986213	0.0355885	1.26661355443
2.8885199120506155	0.036892063	1.27700925211
2.8902652413026098	0.035141483	1.2851236532199999
2.892010570554604	0.027771887999999998	1.2818551827699998
2.893755899806598	0.026535411666666665	1.27592749918
2.895501229058593	0.03341746366666666	1.2696969684433332
2.8972465583105866	0.037799886	1.25511202517
2.8989918875625813	0.03334659966666667	1.2321315117733334
2.900737216814575	0.03368326866666666	1.2209198287166665
2.9024825460665697	0.04219695266666666	1.2264695425599998
2.904227875318564	0.043713695999999996	1.2323475641033332
2.905973204570558	0.03358090366666666	1.2325256136033333
2.9077185338225524	0.030069202999999996	1.2448933011166665
2.9094638630745466	0.035420664	1.2694184963899997
2.9112091923265417	0.036917635666666664	1.2863043968066665
2.912954521578536	0.031900801666666666	1.28676702318
2.91469985083053	0.03192738533333333	1.2838106090633332
2.916445180082525	0.03706441566666666	1.2805921967133334
2.918190509334519	0.037762366666666665	1.26899944614
2.9199358385865133	0.03024422566666667	1.2489560628466667
2.921681167838508	0.02732800033333333	1.2378352871299998
2.9234264970905017	0.03188574933333333	1.2395221277033333
2.9251718263424964	0.032725577	1.2421106928133332
2.92691715559449	0.02694426533333333	1.2422694262233331
2.928662484846485	0.028752261333333334	1.2540155315666666
2.930407814098479	0.038461330999999994	1.2738817791933332
2.9321531433504733	0.04484292033333333	1.2830414891033333
2.9338984726024675	0.043724668999999994	1.27520613904
2.9356438018544617	0.04404041733333333	1.2667095476966665
2.937389131106457	0.046069420666666666	1.2638054903099998
2.939134460358451	0.042180334666666666	1.2590643694533332
2.9408797896104453	0.03100729833333333	1.2504538726699999
2.9426251188624395	0.024753509999999996	1.2496894301866663
2.9443704481144337	0.024084031	1.256181598183333
2.9461157773664284	0.022689810666666664	1.2629354735366667
2.9478611066184226	0.021762311666666666	1.2701093739733333
2.949606435870417	0.026626986999999994	1.281355682823333
2.951351765122411	0.032595697	1.2875894842266666
2.9530970943744053	0.03874389066666667	1.2826640595233332
2.9548424236264	0.04345211666666666	1.2684032655233333
2.956587752878394	0.044421449333333335	1.2547942994266665
2.9583330821303884	0.04141097633333333	1.2488342479333332
2.960078411382382	0.037492616333333326	1.2520873676433333
2.961823740634377	0.03176953166666666	1.25884546257
2.963569069886372	0.028417124333333328	1.2678884709333333
2.965314399138366	0.027589891666666665	1.2758525098066666
2.9670597283903604	0.028486209	1.2814854273066667
2.9688050576423537	0.03181018	1.28479695119
2.970550386894349	0.03661265033333333	1.2841486416599999
2.9722957161463435	0.03696918366666666	1.2726770749466665
2.9740410453983377	0.03787915833333333	1.2553652886333333
2.975786374650332	0.040569363	1.2398509298966665
2.977531703902326	0.03833519666666666	1.2294965576033334
2.9792770331543204	0.029607724000000002	1.2256730482633333
2.981022362406315	0.02469748833333333	1.2350715358233333
2.982767691658309	0.025017127333333333	1.25357061089
2.9845130209103035	0.025120230666666667	1.2697462067266667
2.9862583501622977	0.022165240000000003	1.2777656892633333
2.988003679414292	0.025609596333333335	1.287579468883333
2.989749008666286	0.03683354333333333	1.3001446044266667
2.9914943379182812	0.04337521033333333	1.3032397995066667
2.9932396671702755	0.03929220133333333	1.2929583623433332
2.9949849964222697	0.038581268333333335	1.2859865941166666
2.996730325674264	0.04199098566666666	1.2863404272399999
2.9984756549262586	0.03866403166666667	1.2842517182599997
3.000220984178253	0.02884369466666667	1.2775618321733333
3.001966313430247	0.025092610333333334	1.2785539926666667
3.0037116426822412	0.028079008666666662	1.2878733818866666
3.0054569719342354	0.029700199	1.2936595933766664
3.00720230118623	0.025425868999999997	1.2880112451966665
3.008947630438224	0.02810804	1.2823411369866666
3.0106929596902186	0.040839655	1.2783334401666666
3.0124382889422123	0.04542553566666666	1.2616727445466664
3.014183618194207	0.034918471	1.23429706809
3.015928947446201	0.030938781	1.2243935808700002
3.0176742766981954	0.035374030333333334	1.2339394483299997
3.0194196059501897	0.031217496333333334	1.2404091391733334
3.021164935202184	0.019238105	1.24061573736
3.022910264454178	0.017067667666666664	1.2571289809533335
3.024655593706173	0.023950507333333333	1.2930678631899999
3.0264009229581674	0.027416974333333333	1.3280577309933332
3.0281462522101616	0.023572476	1.3447354200900001
3.029891581462156	0.027358069333333335	1.3483470239533333
3.03163691071415	0.04104262533333333	1.3397503598333333
3.0333822399661448	0.04590565633333333	1.31195233073
3.035127569218139	0.03600579166666666	1.2772782977466666
3.036872898470133	0.03353070466666666	1.2674979293733333
3.0386182277221274	0.040248847	1.2775497138933332
3.040363556974122	0.037145020333333334	1.2735598856166668
3.042108886226116	0.023400395666666664	1.2507234016933333
3.0438542154781105	0.019778596666666665	1.2437085079433332
3.0455995447301047	0.026834002666666665	1.26464699904
3.047344873982099	0.027749270333333333	1.2897459216733334
3.049090203234093	0.019132482	1.2990433322866664
3.0508355324860883	0.020423924	1.3013364732666663
3.0525808617380825	0.032411781	1.3001001170433333
3.0543261909900767	0.035588791366666664	1.2918458275966667
3.056071520242071	0.027430548333333332	1.29013570963
3.057816849494065	0.028116594333333335	1.3144156997366667
3.05956217874606	0.036658030733333326	1.3427719697566665
3.061307507998054	0.03672930793333333	1.3366435358966666
3.0630528372500487	0.02667305666666666	1.2972064376066665
3.0647981665020425	0.024358447999999998	1.27059782107
3.0665434957540367	0.032412061	1.2807058836199998
3.0682888250060314	0.03373908933333333	1.3043319467566665
3.0700341542580256	0.022860465666666663	1.3153684176766665
3.07177948351002	0.02313355933333333	1.3233842191133331
3.073524812762014	0.036801157	1.33184929709
3.075270142014008	0.039170560666666666	1.32841804282
3.0770154712660034	0.028351230666666664	1.32267855759
3.0787608005179976	0.02972812233333333	1.3386709755333333
3.080506129769992	0.04015473533333333	1.3566174985366666
3.082251459021986	0.039329733000000006	1.342348570363333
3.0839967882739803	0.028101717666666668	1.3073028414333332
3.085742117525975	0.02421863133333333	1.29551161502
3.087487446777969	0.026736551	1.3160368152066666
3.0892327760299634	0.02376143086666667	1.3420520142566668
3.0909781052819576	0.014305574666666668	1.3538531333933332
3.092723434533952	0.013542703999999997	1.36254867936
3.094468763785946	0.023418508233333333	1.3751244416033332
3.0962140930379407	0.0293764594	1.3787779392000001
3.0979594222899345	0.025434951333333334	1.36767365198
3.099704751541929	0.03271083466666667	1.3661921002866664
3.101450080793923	0.05588127213333333	1.3802594873933334
3.1031954100459176	0.06364379566666667	1.3812600472233332
3.104940739297912	0.04572452	1.36560330529
3.106686068549906	0.04188538766666666	1.3683486178966666
3.1084313978019003	0.05449142526666667	1.37323992107
3.1101767270538954	0.044273671066666666	1.3359205100466665
3.1119220563058896	0.019595673333333334	1.2938113398066666
3.113667385557884	0.015210211333333331	1.3292024749133333
3.1154127148098785	0.017239258	1.4383889644933334
3.1171580440618727	0.015707901666666666	1.5491472302166667
3.118903373313867	0.021005329333333336	1.5937531815
3.120648702565861	0.025316619333333335	1.5506077483766667
3.122394031817856	0.028941367866666665	1.4738534055366665
3.1241393610698496	0.03944089086666666	1.4516329236533334
3.1258846903218442	0.036310425	1.5073581496266666
3.127630019573838	0.03820693233333333	1.59830678834
3.1293753488258327	0.07367586133333333	1.6348257363133334
3.131120678077827	0.08108061933333333	1.5376153591466664
3.132866007329821	0.03578803366666666	1.4429920955433335
3.1346113365818153	0.044145958	1.7213586905766665
3.1363566658338096	0.13047998666666666	2.5598821088333334
3.1381019950858047	0.16116372666666665	3.66268810635
3.139847324337799	0.11252448	4.55253325065
3.141592653589793	0.20270466	5.019085359