# O(3P)+CO2(000; j=0) -> O(3P)+CO2(000; j') scattering, statistically averaged (3A2+3B2+3B1) potential energy surfaces
# Differential cross sections; packaged by M. Gacesa (marko.gacesa@nasa.gov), Apr 30 2019
# E = 3.37733 eV
# theta(rad)                 elastic DCS                total DCS (both in units of 1E-16 cm^2/Sr)
0.	3.773915333333333e6	3.847951085465423e6
0.0017453292519943296	2.3951786666666665e6	2.4342189870433332e6
0.003490658503988659	561185.1333333333	567418.3208586667
0.005235987755982989	129421.57666666666	138523.90733343334
0.006981317007977318	94463.02999999998	100900.7020783
0.008726646259971648	32881.28333333333	38272.82343713333
0.010471975511965978	24851.296666666665	30791.89877853333
0.012217304763960305	15271.816666666666	18314.728941593334
0.013962634015954637	7342.49	9781.896280883333
0.015707963267948967	2915.2051333333334	6080.219775143334
0.017453292519943295	3639.4846666666663	6155.129957040001
0.019198621771937624	3345.496666666667	4745.2781831366665
0.020943951023931956	739.9735999999999	2354.76203592
0.02268928027592628	1422.3447666666666	3214.6185849799995
0.02443460952792061	1509.0033666666664	2626.06446473
0.02617993877991494	361.57357666666667	1368.154865201
0.027925268031909273	335.6347666666666	1511.1401720266667
0.029670597283903602	338.5016999999999	1175.0408008733332
0.031415926535897934	190.38018666666667	775.97668776
0.03316125578789226	125.98791666666666	811.9862713896666
0.03490658503988659	146.05992666666666	825.1782423203332
0.03665191429188092	200.4862	675.136642965
0.03839724354387525	137.1235333333333	533.1724094233333
0.040142572795869566	99.99251	556.3165124943333
0.04188790204786391	127.49019333333332	545.311689056
0.043633231299858244	71.10198	393.7750695589999
0.04537856055185256	69.44041333333332	371.040942565
0.047123889803846894	96.95635333333333	386.33546974866664
0.04886921905584122	71.55873666666668	334.76102269833336
0.05061454830783555	79.42828666666668	333.9753280983333
0.05235987755982988	84.08072666666666	321.69307791766664
0.054105206811824215	64.78651333333333	281.99747360099997
0.05585053606381855	62.13207666666666	267.36423588233333
0.05759586531581287	49.003233333333334	245.60064157033335
0.059341194567807204	48.78216666666666	238.02748997866664
0.061086523819801536	47.828810000000004	221.540658647
0.06283185307179587	37.75511966666666	203.84349757266665
0.0645771823237902	45.331966666666666	211.75961287099997
0.06632251157578452	38.82693	195.49583859433335
0.06806784082777885	32.60847333333333	183.68646122033334
0.06981317007977318	33.648329999999994	182.00601033366667
0.0715584993317675	23.199783333333333	164.14463178166665
0.07330382858376185	23.61310333333333	159.27269241099998
0.07504915783575618	19.798474	147.85425679999997
0.0767944870877505	16.685298	141.147709053
0.07853981633974483	22.215149999999998	146.88818291633334
0.08028514559173913	17.12260666666667	136.171529276
0.08203047484373349	22.41989	136.3544116743333
0.08377580409572782	21.39069333333333	130.620741211
0.08552113334772216	12.809099666666665	118.68890425066667
0.08726646259971649	16.334826999999997	120.59989151633332
0.08901179185171079	10.42972	108.82030161956666
0.09075712110370512	9.920848666666666	104.62450685786666
0.09250245035569944	13.347999999999999	106.42334378806666
0.09424777960769379	9.122238	99.35457511723332
0.09599310885968812	16.284456666666664	105.08310316809998
0.09773843811168244	13.986733333333333	99.63702655526666
0.09948376736367677	9.148440666666666	92.90064625969998
0.1012290966156711	11.164667999999999	93.28342116573333
0.10297442586766543	5.571657666666667	83.56090728109999
0.10471975511965977	6.815389	83.59481880186667
0.10646508437165408	6.804774666666667	82.16744184053331
0.10821041362364843	4.605650333333333	77.26625534099999
0.10995574287564276	10.441679666666666	81.3605650487
0.1117010721276371	7.973398666666666	76.29727774419999
0.11344640137963143	7.918940666666666	75.40465116336665
0.11519173063162574	8.627276333333333	74.39443097416667
0.11693705988362009	4.907531333333333	67.00566078199999
0.11868238913561441	6.723720999999999	67.09148573826667
0.12042771838760875	4.1486339999999995	62.76718383743333
0.12217304763960307	3.856740666666666	61.1169269313
0.12391837689159738	8.035047333333333	64.06455341086667
0.12566370614359174	6.023519666666666	60.01058154366667
0.12740903539558604	7.951895333333333	61.37557549413333
0.1291543646475804	7.185995	59.27175019936667
0.13089969389957473	5.005051	55.46423843296666
0.13264502315156904	6.5260533333333335	56.354056727599996
0.1343903524035634	3.154231	51.62562853346666
0.1361356816555577	3.055470333333333	50.8038906635
0.13788101090755206	4.916712333333333	51.83870373403333
0.13962634015954636	3.5145029999999995	49.66479435116666
0.1413716694115407	5.563628333333334	51.99165592353334
0.143116998663535	4.339378999999999	49.57384447206667
0.14486232791552936	3.297874	47.36501547356667
0.1466076571675237	3.9112036666666663	47.53107206386666
0.148352986419518	1.6030070666666667	44.194514480066665
0.15009831567151236	2.101043333333333	43.991551576333336
0.15184364492350666	2.4373603333333334	42.98724468693334
0.153588974175501	1.8117866666666667	41.41330643463333
0.15533430342749535	3.473228333333333	43.38114427080001
0.15707963267948966	2.6556276666666663	41.67399938176667
0.158824961931484	3.2077056666666666	40.83301482226666
0.16057029118347826	3.3748853333333333	39.8721461926
0.16231562043547265	1.6721175333333331	37.434225080766666
0.16406094968746698	2.3512853333333332	38.09425406013333
0.16580627893946132	2.076203333333333	36.8998866182
0.16755160819145565	1.9611789999999998	35.55469765943333
0.16929693744344992	3.2496793333333334	36.40863614626666
0.1710422666954443	2.421357	35.3602516263
0.17278759594743864	3.168670333333333	36.13254928983333
0.17453292519943298	3.1966726666666663	35.46248393756666
0.17627825445142725	1.7982989999999996	32.91240327196667
0.17802358370342158	2.1067799999999997	32.74330372119999
0.17976891295541597	1.7432673333333333	32.127344928599996
0.18151424220741025	1.6149773333333333	32.027439881166664
0.18325957145940458	2.452335333333333	32.53674691263333
0.18500490071139888	1.8259773333333333	30.845338351733336
0.18675022996339324	2.0712479999999998	30.640734264099997
0.18849555921538758	1.9456636666666665	30.477491663333332
0.1902408884673819	1.1870486999999998	29.5626211528
0.19198621771937624	1.3517143333333332	29.18890301763333
0.19373154697137057	1.2573263	27.930138646099998
0.19547687622336488	1.2171143333333332	27.409455215166663
0.19722220547535924	1.488064	27.9776545932
0.19896753472735354	1.1667657666666666	27.46547520313333
0.2007128639793479	1.630533	27.305150287899995
0.2024581932313422	1.6375896666666665	26.563965208766664
0.20420352248333656	1.2629857	25.907176979699997
0.20594885173533087	1.2854276333333332	26.104281490199998
0.20769418098732523	1.0999303999999999	25.500860526466667
0.20943951023931953	1.2718194666666667	24.885966266066664
0.2111848394913139	1.6238156666666665	24.804384205133335
0.21293016874330817	1.2530599999999998	24.324954928
0.21467549799530256	1.5721231333333332	24.6377174892
0.21642082724729686	1.5825033333333334	24.161101664166665
0.2181661564992912	1.2347346666666665	23.03465348453333
0.21991148575128552	1.3478435666666666	22.689080742299996
0.22165681500327983	1.1448180666666667	22.269917442433332
0.2234021442552742	1.0894691666666665	22.144886988266666
0.22514747350726852	1.5050083333333335	22.332282607166665
0.22689280275926285	1.1752669999999998	21.4416245702
0.22863813201125716	1.2995281999999997	21.170836361766664
0.2303834612632515	1.319805	20.9867899067
0.23212879051524585	0.8014550666666667	20.398615618266668
0.23387411976724018	0.7702582666666666	20.270936048733333
0.23561944901923448	0.7623171	19.768767915499996
0.23736477827122882	0.7374763	19.360963096133332
0.23911010752322315	1.0878445666666665	19.737388875633332
0.2408554367752175	0.7474777333333332	19.40487104503333
0.24260076602721184	0.6952688	19.249515822366664
0.24434609527920614	0.7660415	18.906650237766666
0.24609142453120048	0.5741075666666666	18.302829699166665
0.24783675378319475	0.6322285666666666	18.401279665366665
0.24958208303518917	0.5055531	18.25716550623333
0.25132741228718347	0.4936880666666666	18.030900047166664
0.2530727415391778	0.8987514666666666	18.248333612833328
0.2548180707911721	0.7243268666666666	17.84554123783333
0.25656340004316636	0.9008864333333333	17.953989489266664
0.2583087292951608	0.9007511666666665	17.842284738533333
0.26005405854715513	0.5660724666666666	17.247679288066664
0.26179938779914946	0.7106629666666666	17.277431124199996
0.2635447170511437	0.5962837666666666	17.016108959999997
0.26529004630313807	0.6337210333333333	16.839878139666666
0.26703537555513246	1.1601013333333332	17.195068623633333
0.2687807048071268	0.8491285	16.699038822600002
0.270526034059121	0.8526124999999999	16.650794909999995
0.2722713633111154	0.893048	16.539474652666666
0.2740166925631097	0.5703683666666666	15.927759461433334
0.2757620218151041	0.7454505333333332	15.945087294899999
0.27750735106709834	0.6319064666666666	15.664257399833332
0.2792526803190927	0.4625359333333333	15.366150744233332
0.280998009571087	0.9126281	15.715079057833336
0.2827433388230814	0.7368342999999999	15.3239372962
0.2844886680750758	0.6642759	15.168107564966665
0.28623399732707	0.5922084000000001	14.9462730199
0.28797932657906433	0.2584655	14.3243915697
0.2897246558310587	0.40708053333333327	14.336147942466667
0.291469985083053	0.41145446666666663	14.206304514566668
0.2932153143350474	0.2937199	13.989746895566665
0.29496064358704166	0.5699115333333333	14.1904932522
0.296705972839036	0.4224188	13.783687920666665
0.2984513020910303	0.4903628	13.693647182133333
0.3001966313430247	0.49019733333333326	13.572805869166666
0.301941960595019	0.26174406666666666	13.128090231099998
0.3036872898470133	0.41885873333333334	13.182789455533333
0.30543261909900765	0.38000826666666665	13.031992387266666
0.307177948351002	0.339929	12.884753959833333
0.3089232776029963	0.6903852666666667	13.182903426433331
0.3106686068549907	0.5779138666666667	12.901001710333333
0.312413936106985	0.660852	12.889882197199999
0.3141592653589793	0.6263354	12.810620789433333
0.31590459461097364	0.3049153333333333	12.364449723833333
0.317649923862968	0.45754473333333334	12.425003246866666
0.3193952531149623	0.5074850999999999	12.3555584043
0.32114058236695653	0.44027496666666666	12.2175497538
0.32288591161895097	0.7136797333333332	12.483485134366667
0.3246312408709453	0.5247546333333333	12.163397598566664
0.32637657012293964	0.458899	11.9900816093
0.32812189937493397	0.46828406666666667	11.889784516966666
0.32986722862692824	0.2407626	11.505781211966665
0.33161255787892263	0.3288876666666667	11.532933068833334
0.3333578871309169	0.3875294333333333	11.498310071433332
0.3351032163829113	0.26102566666666666	11.289046417966668
0.3368485456349056	0.4069313666666666	11.4196571688
0.33859387488689985	0.3165053333333333	11.1757653381
0.34033920413889424	0.3138011666666667	11.040400079133335
0.3420845333908886	0.31307673333333336	10.978968636066668
0.3438298626428829	0.13677606999999997	10.704132046299998
0.3455751918948773	0.19586566	10.739508570633333
0.34732052114687156	0.2627577	10.7623308473
0.34906585039886595	0.24249746666666663	10.6377965908
0.3508111796508603	0.4163564333333333	10.7581405414
0.3525565089028545	0.30809606666666667	10.519565656333334
0.3543018381548489	0.31235636666666666	10.383191697233332
0.35604716740684317	0.3701284	10.374439546723332
0.35779249665883756	0.22090123333333334	10.135134455483334
0.35953782591083194	0.28962103333333333	10.106397603006666
0.3612831551628262	0.39795516666666664	10.081861704956665
0.3630284844148205	0.3252666666666667	9.865634279996666
0.3647738136668149	0.4657996999999999	9.959132838703333
0.36651914291880916	0.3988938333333333	9.82453160673
0.36826447217080355	0.3282687333333333	9.640715682476666
0.37000980142279777	0.39329749999999997	9.60065859593
0.3717551306747922	0.2961624333333333	9.407056145616666
0.3735004599267865	0.2800392333333333	9.356425093293332
0.3752457891787809	0.40932136666666663	9.436598875166666
0.37699111843077515	0.3664537333333333	9.285150263336666
0.3787364476827695	0.41010613333333334	9.286394935543331
0.3804817769347638	0.33044623333333334	9.190790358640001
0.38222710618675815	0.22237736666666666	9.058063632173333
0.3839724354387525	0.27053383333333336	9.074942756679999
0.38571776469074687	0.26467746666666664	8.988523395189999
0.38746309394274114	0.21425173333333336	8.891460985586665
0.3892084231947355	0.2587980333333333	8.9360349056
0.39095375244672975	0.20306626666666663	8.85271167975
0.39269908169872414	0.2349444333333333	8.90002791323
0.39444441095071847	0.20232036666666667	8.886567065826666
0.3961897402027128	0.10389249666666667	8.735225931356666
0.3979350694547071	0.12277613333333333	8.663390928893332
0.39968039870670136	0.16254503333333334	8.598281336749999
0.4014257279586958	0.14576842	8.549496316366666
0.4031710572106902	0.20279119	8.671977502543331
0.4049163864626844	0.1560074733333333	8.622831939253333
0.4066617157146788	0.18482323333333334	8.547934016629998
0.4084070449666731	0.2206309	8.444842702863333
0.41015237421866746	0.15790543	8.257965110343331
0.41189770347066174	0.1805619333333333	8.217672571476665
0.413643032722656	0.2814007333333333	8.266437271823332
0.41538836197465046	0.28593539999999995	8.191047587299998
0.4171336912266447	0.35062679999999996	8.179445873783333
0.41887902047863906	0.28668279999999996	7.993976258139999
0.42062434973063334	0.22943786666666666	7.790247331209999
0.4223696789826278	0.3107784333333333	7.773471752483333
0.4241150082346221	0.3113969	7.733949454796667
0.42586033748661634	0.2629201666666666	7.674637958586667
0.4276056667386108	0.32384436666666666	7.654056124026667
0.4293509959906051	0.27187339999999993	7.4401344969166665
0.43109632524259933	0.27454836666666665	7.3722569644833325
0.4328416544945937	0.251917	7.386871360943333
0.434586983746588	0.14166967333333336	7.304755924136666
0.4363323129985824	0.15570993333333333	7.251982493453333
0.43807764225057666	0.21867236666666667	7.161869367163334
0.43982297150257105	0.16375870999999997	7.054993600609999
0.44156830075456543	0.1756412333333333	7.17985197422
0.44331363000655966	0.12330203333333334	7.1984765347033335
0.445058959258554	0.10616948	7.1280078889133325
0.4468042885105484	0.13120791333333331	7.027212144876666
0.44854961776254265	0.07899578666666666	6.887787631643333
0.45029494701453704	0.06398312666666665	6.928105053433333
0.4520402762665313	0.13246213333333334	7.059262960326667
0.4537856055185257	0.13118843	6.996440900486666
0.45553093477052	0.1672212	6.929400881363333
0.4572762640225143	0.11756977999999998	6.781840528773333
0.45902159327450864	0.10812582333333333	6.741862637603333
0.460766922526503	0.18467789999999998	6.859020420843333
0.46251225177849725	0.17520580666666666	6.82038611382
0.4642575810304917	0.1650016	6.69514240229
0.46600291028248597	0.22630929999999996	6.641474708159999
0.46774823953448036	0.21720296666666666	6.58391289375
0.4694935687864746	0.3081831666666666	6.751407425956666
0.47123889803846897	0.2839893333333333	6.791053993123333
0.4729842272904633	0.16618556666666667	6.574437970263333
0.47472955654245763	0.21152453333333332	6.438708081363334
0.4764748857944519	0.25231526666666665	6.39878067179
0.4782202150464463	0.23382413333333332	6.507320431769999
0.4799655442984406	0.29431536666666663	6.739567304143333
0.481710873550435	0.20780215000000002	6.599593068203333
0.48345620280242924	0.18063583333333333	6.362993181596666
0.4852015320544237	0.20656006666666665	6.2721902542366665
0.48694686130641796	0.11066913666666667	6.28223483303
0.4886921905584123	0.08348949	6.454032688916667
0.49043751981040656	0.14022972	6.485145772886666
0.49218284906240095	0.12349284999999999	6.221684548243333
0.4939281783143953	0.15242868999999998	6.107962286496666
0.4956735075663895	0.07769418	6.09448953238
0.4974188368183839	0.02691648333333333	6.181028176119999
0.49916416607037833	0.08149593	6.2341969599
0.5009094953223726	0.08459182333333333	6.025952088213334
0.5026548245743669	0.07613822333333334	5.8603086800533335
0.5044001538263612	0.09319034	5.9300651183
0.5061454830783556	0.08057129333333334	6.015545149346666
0.5078908123303499	0.18650466666666668	6.116245447173332
0.5096361415823442	0.1735865	5.951085396073333
0.5113814708343385	0.08447506333333332	5.704030519329999
0.5131268000863327	0.11067853999999999	5.751899232163333
0.5148721293383272	0.13999895666666665	5.90191549315
0.5166174585903216	0.19600099333333335	5.9922387085
0.5183627878423158	0.2763816333333333	5.950197243416666
0.5201081170943103	0.17655176666666664	5.643824914929999
0.5218534463463045	0.18276076666666666	5.578860490566666
0.5235987755982989	0.23576446666666667	5.762970062336667
0.5253441048502931	0.17350433999999998	5.851465156226666
0.5270894341022874	0.1712706333333333	5.824298892773333
0.5288347633542818	0.1785406333333333	5.60582254519
0.5305800926062761	0.15386246666666664	5.389725009553333
0.5323254218582705	0.2543620333333333	5.567278853236666
0.5340707511102649	0.19953769999999998	5.734197337986666
0.5358160803622593	0.07833019666666666	5.696986001203332
0.5375614096142536	0.07852900999999998	5.520944768123333
0.5393067388662478	0.07886578	5.272470584833333
0.541052068118242	0.10463554999999998	5.29183423095
0.5427973973702365	0.15217986666666666	5.551021685406667
0.5445427266222308	0.06929047999999999	5.581169080706666
0.5462880558742251	0.062466196666666675	5.44426111848
0.5480333851262194	0.07517277666666666	5.22645730821
0.5497787143782138	0.038151116666666665	5.136523091556667
0.5515240436302082	0.04795281333333332	5.30867807679
0.5532693728822025	0.06819722333333333	5.411188873316666
0.5550147021341967	0.07649545333333332	5.266661077973333
0.5567600313861911	0.12284993666666666	5.09347517154
0.5585053606381855	0.07637790333333333	4.979543857026666
0.5602506898901798	0.06291574999999999	5.09875749523
0.561996019142174	0.09824653666666666	5.23539420653
0.5637413483941685	0.11089265666666666	5.124394048506667
0.5654866776461628	0.12159983333333332	4.932147996616667
0.5672320068981571	0.10966802999999999	4.8557355856
0.5689773361501516	0.09307292666666667	4.938339876136666
0.5707226654021459	0.18364637333333333	5.142771155083333
0.57246799465414	0.19575784666666665	5.095145260639999
0.5742133239061344	0.1452977	4.861888022946666
0.5759586531581287	0.11824693999999998	4.749483796810001
0.5777039824101231	0.10710668333333331	4.825459371043333
0.5794493116621174	0.17123400333333333	5.037153340613333
0.5811946409141118	0.25544596666666664	5.160960129463334
0.582939970166106	0.18242486666666663	4.968261247359999
0.5846852994181004	0.13069972	4.7984431792599995
0.5864306286700948	0.12873898333333333	4.8294486617166665
0.5881759579220891	0.12903914	4.98011118278
0.5899212871740833	0.1683503	5.1224394888500004
0.5916666164260775	0.1709038	5.0608413356633335
0.593411945678072	0.10420651	4.86006510551
0.5951572749300664	0.12321073333333332	4.869303593580001
0.5969026041820606	0.1183857	4.994627415576666
0.5986479334340549	0.07933050666666666	5.062988749606666
0.6003932626860494	0.07613611	4.979087508656666
0.6021385919380438	0.07167972766666666	4.767319963389999
0.603883921190038	0.059420476666666666	4.683265113136666
0.6056292504420324	0.08214312333333332	4.854807245169999
0.6073745796940266	0.045037306666666665	4.970288242516666
0.609119908946021	0.0252284788	4.88471380853
0.6108652381980153	0.046515633333333334	4.641087590066666
0.6126105674500095	0.05318241	4.469863309096667
0.614355896702004	0.03679391333333333	4.567042918176666
0.6161012259539983	0.03789001333333333	4.7762584235866665
0.6178465552059926	0.04126854333333333	4.764016910899999
0.6195918844579871	0.08302783999999999	4.546992063746666
0.6213372137099814	0.09058600333333333	4.317046745239999
0.6230825429619757	0.06496107666666666	4.332247338786666
0.62482787221397	0.051328849999999995	4.547833851006667
0.6265732014659642	0.08466986333333333	4.651516521913333
0.6283185307179586	0.13343106666666665	4.494964034979999
0.630063859969953	0.15994353333333333	4.280129775206667
0.6318091892219473	0.11750143333333332	4.2166597204333325
0.6335545184739415	0.10910763333333331	4.398479453206667
0.635299847725936	0.14056383333333333	4.553702957696666
0.6370451769779303	0.17389369	4.45292933012
0.6387905062299246	0.1864845	4.2304429872433325
0.6405358354819191	0.1704693	4.148633234429999
0.6422811647339131	0.14135676666666666	4.268310880956666
0.6440264939859075	0.18337663333333332	4.469354643893333
0.6457718232379019	0.1963588	4.432495491156667
0.6475171524898962	0.15929622	4.1886937581699994
0.6492624817418906	0.1373057	4.054202184553334
0.6510078109938849	0.13634061999999997	4.158847736416666
0.6527531402458793	0.14143966666666666	4.355966567746666
0.6544984694978735	0.1681942	4.427729751406667
0.6562437987498679	0.11904663	4.2142704452999995
0.6579891280018623	0.06367383666666666	3.996511561523333
0.6597344572538565	0.06590906666666665	4.0383282176
0.6614797865058508	0.07683130333333332	4.242938765653333
0.6632251157578453	0.06742307333333333	4.35773665036
0.6649704450098396	0.059077136666666655	4.2385588257
0.6667157742618338	0.020566132333333334	3.969393244686666
0.668461103513828	0.019454156666666667	3.8996329761
0.6702064327658226	0.026820496666666666	4.0619862247633325
0.6719517620178169	0.015076181666666667	4.22560744648
0.6736970912698113	0.0073989193333333335	4.194526456916667
0.6754424205218055	0.021734932666666668	3.98058775241
0.6771877497737997	0.039256265	3.81624022486
0.6789330790257941	0.062433880000000004	3.8959164821999996
0.6806784082777885	0.038704206666666664	4.027564995646666
0.6824237375297828	0.035692213333333334	4.040246975213333
0.6841690667817772	0.060477286666666664	3.8894724356733335
0.6859143960337715	0.08083269666666666	3.71702536724
0.6876597252857658	0.10090308666666666	3.737429725863333
0.6894050545377601	0.10675876666666667	3.8899360778666665
0.6911503837897546	0.08549124999999999	3.91334821376
0.6928957130417489	0.1229415	3.806713403553333
0.6946410422937431	0.13430956666666666	3.6363041080266663
0.6963863715457373	0.10771076666666665	3.588585500653333
0.6981317007977319	0.11074623333333333	3.746868275713333
0.6998770300497262	0.11612585999999998	3.872846199936666
0.7016223593017206	0.12361513333333332	3.809259012826666
0.7033676885537148	0.16531266666666666	3.685131674013333
0.705113017805709	0.12401896666666667	3.575009685456666
0.7068583470577035	0.07994644666666666	3.6364303986466666
0.7086036763096978	0.09626048999999999	3.807160972266667
0.710349005561692	0.10094261666666667	3.836292990413334
0.7120943348136863	0.11087613666666665	3.7391513489399992
0.7138396640656808	0.12914099333333331	3.6601208649566663
0.7155849933176751	0.07510358333333333	3.622883282363333
0.7173303225696694	0.06296253333333332	3.7213618323499995
0.7190756518216639	0.07705836666666666	3.8059265944999994
0.7208209810736581	0.055673153333333336	3.74391818247
0.7225663103256524	0.05777852333333333	3.6650613343866665
0.7243116395776467	0.07117416	3.6424715839366666
0.726056968829641	0.04699319	3.6548259437799997
0.7278022980816354	0.05590762333333333	3.7213106054300003
0.7295476273336298	0.040082419999999994	3.6879257403866665
0.7312929565856241	0.014005196000000001	3.583189233336667
0.7330382858376183	0.0271869	3.543285585583333
0.7347836150896128	0.041726440000000004	3.5612340920233336
0.7365289443416071	0.04220070166666666	3.603078446463333
0.7382742735936013	0.05035182333333333	3.62137276267
0.7400196028455955	0.027025230999999997	3.525561482073333
0.7417649320975901	0.03356353466666666	3.454765163006667
0.7435102613495844	0.04653387333333332	3.4613727653299997
0.7452555906015788	0.041925885366666665	3.4978120459266666
0.747000919853573	0.051741959000000004	3.53652295658
0.7487462491055674	0.05847590666666666	3.5006151150433333
0.7504915783575618	0.05400506	3.4010864692666667
0.752236907609556	0.08811350666666667	3.3956554720466663
0.7539822368615503	0.07759589	3.427416178583333
0.7557275661135445	0.057654406666666665	3.458351775413333
0.757472895365539	0.07484121333333332	3.4679693302
0.7592182246175333	0.07715472999999999	3.3951175330266663
0.7609635538695276	0.08778621333333332	3.3351878065199996
0.7627088831215221	0.12539446666666665	3.381703064436666
0.7644542123735163	0.09310656	3.4070402892700002
0.7661995416255106	0.07252639999999999	3.4159617265933333
0.767944870877505	0.08321619333333333	3.3920258621266663
0.7696902001294994	0.07252134333333332	3.3182407311933333
0.7714355293814937	0.08968735333333333	3.3109311705666666
0.773180858633488	0.11946519666666666	3.363799080203333
0.7749261878854823	0.08240382	3.3480331184666667
0.7766715171374765	0.06966901666666665	3.317553370973333
0.778416846389471	0.068443483	3.262436961726666
0.7801621756414653	0.05412280666666667	3.2130328716266665
0.7819075048934595	0.07238908999999999	3.2449374616033326
0.7836528341454538	0.08688842999999999	3.2773760713466666
0.7853981633974483	0.05883254933333333	3.2362123152
0.7871434926494427	0.059880699999999995	3.1993540917866667
0.7888888219014369	0.05303109	3.1543325678366667
0.7906341511534312	0.03975242666666666	3.1467031564666663
0.7923794804054256	0.04421012666666666	3.18207020639
0.7941248096574199	0.044315933333333335	3.1732695490266662
0.7958701389094142	0.039152976666666665	3.1260289952966667
0.7976154681614087	0.05273351466666666	3.1094480094
0.7993607974134027	0.04087628166666667	3.0982993993033334
0.8011061266653973	0.03043737133333333	3.1188312635366664
0.8028514559173916	0.0269670975	3.1227367255200003
0.8045967851693858	0.03215342110333333	3.07924421312
0.8063421144213804	0.04823365133333333	3.0520163363
0.8080874436733746	0.05441289666666666	3.0658061174666664
0.8098327729253688	0.0373107	3.07715550565
0.8115781021773631	0.04523093	3.0897656705999994
0.8133234314293576	0.05241775333333333	3.051966488773333
0.815068760681352	0.06283667666666666	3.01008039341
0.8168140899333463	0.07191849666666666	3.028517661206666
0.8185594191853405	0.05983611333333333	3.0652976967099996
0.8203047484373349	0.05646835	3.067609447303333
0.8220500776893291	0.09307214	3.0411310869733335
0.8237954069413235	0.10081741666666666	2.9728592006766665
0.8255407361933177	0.0914931	2.9574797823166663
0.827286065445312	0.07906163999999999	3.0101285338166663
0.8290313946973066	0.06722125333333334	3.0408458314399995
0.8307767239493009	0.08782141	3.0176505917566665
0.8325220532012951	0.12610474666666666	2.9697093765766667
0.8342673824532894	0.10646337333333333	2.9174887130133333
0.8360127117052839	0.07584086999999999	2.945938539943333
0.8377580409572781	0.06250939333333333	3.00596994892
0.8395033702092725	0.06541483666666667	3.0081500270866663
0.8412486994612667	0.08828467666666664	2.9673934290833337
0.8429940287132611	0.09888048333333334	2.9304171077133336
0.8447393579652556	0.060275496666666664	2.915694001466666
0.8464846872172498	0.03981225	2.9623885318999994
0.8482300164692442	0.040041209999999994	2.9864313531600004
0.8499753457212386	0.043620173666666665	2.94732013684
0.8517206749732327	0.051549359999999995	2.907944919586666
0.853466004225227	0.047981213333333335	2.906921620226667
0.8552113334772216	0.023478437666666664	2.9319389940900003
0.8569566627292158	0.024115878999999996	2.9746511812399996
0.8587019919812102	0.021640383333333332	2.949318620363333
0.8604473212332044	0.015968664666666667	2.8758601275799998
0.8621926504851987	0.027167986666666664	2.8430014736833327
0.8639379797371932	0.03780894666666666	2.86715892382
0.8656833089891874	0.031579449999999995	2.9111155187799995
0.8674286382411818	0.03366229	2.9410083945666665
0.869173967493176	0.020377404333333335	2.8846963796666665
0.8709192967451702	0.02250769	2.801725240046667
0.8726646259971648	0.05220458	2.7760168071266667
0.8744099552491591	0.06620078666666668	2.8003452104933335
0.8761552845011533	0.05327280000000001	2.8328077630666666
0.8779006137531478	0.04975358333333333	2.837624841523333
0.8796459430051421	0.04393796999999999	2.7670191248466667
0.8813912722571363	0.06452648	2.704418185883333
0.8831366015091309	0.09187005	2.7080304895233334
0.8848819307611251	0.08176214333333333	2.74418480884
0.8866272600131193	0.061097593333333325	2.76976149447
0.8883725892651138	0.07244043333333333	2.752274665323333
0.890117918517108	0.08406661333333333	2.67453817675
0.8918632477691024	0.10244282666666667	2.6365302540299997
0.8936085770210968	0.09974592333333333	2.6634732606933333
0.895353906273091	0.06827900333333332	2.70251403837
0.8970992355250853	0.06254422	2.715603495036666
0.8988445647770799	0.09369809666666667	2.679531106963333
0.9005898940290741	0.10228322000000001	2.608045295303333
0.9023352232810684	0.09671285999999998	2.5990565871599998
0.9040805525330626	0.07052690666666667	2.6370346621966663
0.9058258817850569	0.046259706666666664	2.663944631093333
0.9075712110370514	0.06328395333333332	2.6581185914433334
0.9093165402890456	0.09313015333333333	2.6141139042166666
0.91106186954104	0.08408562666666666	2.5684720094599998
0.9128071987930344	0.06611662666666665	2.5909163512466664
0.9145525280450286	0.04360289333333334	2.62591927808
0.9162978572970231	0.03936856333333333	2.6302540875433333
0.9180431865490173	0.060725739999999986	2.6050978174233332
0.9197885158010117	0.07082157666666666	2.5631143765099997
0.921533845053006	0.054408653333333334	2.5482656036566667
0.9232791743050003	0.045140860000000005	2.5846836381
0.9250245035569945	0.03353083	2.5939066813133334
0.9267698328089891	0.036968838999999996	2.5670240468999994
0.9285151620609834	0.04650333666666666	2.5256109802866664
0.9302604913129776	0.04113241866666667	2.493697001093333
0.9320058205649719	0.03408512999999999	2.508450971546667
0.9337511498169662	0.038317503999999995	2.548287899283333
0.9354964790689607	0.030353205333333334	2.534948872313333
0.9372418083209549	0.03371079	2.49590110609
0.9389871375729492	0.03414653599999999	2.457221528533333
0.9407324668249435	0.025628078	2.4432328091866666
0.9424777960769379	0.03042988716666667	2.47558728863
0.9442231253289324	0.039331772	2.5031491611299996
0.9459684545809266	0.03055556133333333	2.47159785129
0.9477137838329208	0.034376117566666656	2.435091074543333
0.9494591130849153	0.029701548333333334	2.40855760296
0.9512044423369096	0.022152228666666666	2.4108542368366668
0.9529497715889038	0.03380916666666667	2.4465504126266664
0.9546951008408984	0.04142662666666666	2.4548013218199998
0.9564404300928926	0.03208644666666667	2.41612595757
0.9581857593448869	0.035638116666666664	2.3935875558133333
0.9599310885968813	0.027526919333333334	2.3837785208366666
0.9616764178488755	0.024896206666666663	2.40201662436
0.96342174710087	0.040477356666666665	2.4385054105666666
0.9651670763528643	0.042444663333333334	2.4361252693999997
0.9669124056048585	0.030949919999999995	2.4035292643
0.9686577348568528	0.034076449999999994	2.393028826516667
0.9704030641088474	0.02867534	2.3882801695166664
0.9721483933608416	0.034710446666666665	2.4101243172999998
0.9738937226128359	0.04602398	2.4379815461366663
0.9756390518648301	0.03552359666666667	2.4245399705699997
0.9773843811168246	0.025475986666666662	2.394920323793333
0.9791297103688189	0.036749079999999996	2.382001653506667
0.9808750396208131	0.039764179999999996	2.37036626484
0.9826203688728073	0.04799551966666667	2.391430554753333
0.9843656981248019	0.04369597333333333	2.410703542763333
0.9861110273767961	0.02368828333333333	2.3905479986
0.9878563566287906	0.028329322999999997	2.365713952283333
0.9896016858807848	0.05262736333333333	2.352065849863333
0.991347015132779	0.05458364933333333	2.342167875696667
0.9930923443847736	0.05126239033333333	2.3678717095466664
0.9948376736367678	0.032266659	2.37525582531
0.9965830028887621	0.019718154666666668	2.34420868036
0.9983283321407567	0.047409764666666666	2.325031426903333
1.0000736613927508	0.07268671899999998	2.3220139871533334
1.0018189906447452	0.058339581666666654	2.32808953603
1.0035643198967397	0.04509514299999999	2.3569472708799997
1.0053096491487339	0.029658838666666666	2.3372644003533334
1.007054978400728	0.035178396333333334	2.28190691812
1.0088003076527223	0.07174188933333332	2.2646030302233333
1.0105456369047165	0.07832378633333333	2.27823417617
1.0122909661567112	0.04857337666666667	2.3039819430799997
1.0140362954087054	0.043964794	2.331495486603333
1.0157816246606999	0.04399205666666667	2.2874441152066662
1.017526953912694	0.053444780000000004	2.2222523104266667
1.0192722831646883	0.07343573333333332	2.2195098002966667
1.0210176124166828	0.06009431666666666	2.25070385249
1.022762941668677	0.03747650063333333	2.2806809942366666
1.0245082709206712	0.05449693666666666	2.289581901903333
1.0262536001726654	0.059302146666666666	2.22794492158
1.02799892942466	0.05259047333333333	2.1763462765200003
1.0297442586766543	0.052882526666666665	2.2008714238
1.0314895879286488	0.043316252	2.244045433306667
1.0332349171806432	0.04684960666666666	2.261301601443333
1.0349802464326374	0.07302417333333333	2.2409743460066665
1.0367255756846316	0.06065229	2.170821625006667
1.0384709049366259	0.035833989999999996	2.1425073813166664
1.0402162341886205	0.034412536	2.1848946679566668
1.041961563440615	0.04409949666666666	2.223770135303333
1.043706892692609	0.06294368333333333	2.224312838216666
1.0454522219446034	0.07331714666666667	2.1911222889266666
1.0471975511965979	0.04186627666666666	2.1379543364533333
1.048942880448592	0.021715524666666666	2.139068812743333
1.0506882097005863	0.03417855433333333	2.180715690243333
1.0524335389525805	0.05305770433333332	2.19814291001
1.0541788682045747	0.063574339	2.1844946876766667
1.0559241974565694	0.05220418724666666	2.15538763483
1.0576695267085636	0.023250101333333332	2.129876475613333
1.059414855960558	0.02697249666666667	2.150708717323333
1.0611601852125523	0.04591513133333333	2.176220061643333
1.0629055144645467	0.05223506933333333	2.17210362738
1.064650843716541	0.04713754599999999	2.157879749513333
1.0663961729685352	0.031620909999999995	2.142373364873333
1.0681415022205298	0.021936852666666666	2.13385167708
1.069886831472524	0.04084529666666667	2.152549478596667
1.0716321607245185	0.046208040000000006	2.155594221233333
1.0733774899765127	0.033817810000000004	2.1415506742733332
1.0751228192285072	0.027299113333333333	2.137466271853333
1.0768681484805014	0.026141204	2.1340697454099997
1.0786134777324956	0.03191256333333333	2.1282266314666662
1.0803588069844898	0.04466459666666667	2.13365255459
1.082104136236484	0.03113255666666666	2.121998269236667
1.0838494654884787	0.016063145333333334	2.1093359004733334
1.085594794740473	0.022812215666666663	2.111374304
1.0873401239924672	0.034000956666666665	2.107288773963333
1.0890854532444616	0.038408	2.09597719298
1.0908307824964558	0.0356673	2.0945497564333335
1.0925761117484503	0.016321997999999997	2.0872031406766665
1.0943214410004445	0.014261968666666666	2.0888587169833333
1.0960667702524387	0.031310976666666664	2.09524241013
1.0978120995044334	0.03899653	2.0831534900033333
1.0995574287564276	0.033085696666666664	2.061990417453333
1.101302758008422	0.025285224999999998	2.0550900102966665
1.1030480872604165	0.016011066666666664	2.0545642405833333
1.1047934165124107	0.025981710999999998	2.06978138761
1.106538745764405	0.039580989999999996	2.0826967148766666
1.1082840750163991	0.03552258666666667	2.0707020678333334
1.1100294042683934	0.025203269333333334	2.0482930704766664
1.111774733520388	0.025415655099999997	2.039472340063333
1.1135200627723822	0.027057736333333332	2.037335470706666
1.1152653920243765	0.03512963066666666	2.048341449493333
1.117010721276371	0.03795567233333333	2.0555412551366667
1.1187560505283651	0.029703397	2.043645801083333
1.1205013797803596	0.024970431	2.030421673556667
1.1222467090323538	0.03321055033333333	2.0360371417633334
1.123992038284348	0.03388659233333333	2.043151819873333
1.1257373675363422	0.030598114299999996	2.049480576543333
1.127482696788337	0.028963059666666666	2.0445734352166665
1.1292280260403311	0.029406769333333332	2.02541887165
1.1309733552923256	0.03323825933333333	2.016898944636666
1.13271868454432	0.040583174	2.0376178073
1.1344640137963142	0.03233598626666666	2.05785302476
1.1362093430483085	0.021912016666666662	2.065311064243333
1.1379546723003031	0.024803660666666665	2.05380558729
1.139700001552297	0.034611686	2.028151127693333
1.1414453308042918	0.039985476666666665	2.017509630856667
1.143190660056286	0.040646699999999994	2.0387293215366666
1.14493598930828	0.0278732	2.0574017249966667
1.1466813185602747	0.022567106666666663	2.0622462647999997
1.1484266478122689	0.033162656666666665	2.0505690022333334
1.150171977064263	0.04253269999999999	2.0265568932199995
1.1519173063162573	0.04250951333333333	2.01728673718
1.1536626355682515	0.04023291	2.0341297617033334
1.1554079648202462	0.031619343333333334	2.0423462508766668
1.1571532940722404	0.03620005999999999	2.0407284480766665
1.1588986233242349	0.04955510666666666	2.03175539235
1.160643952576229	0.050627233333333334	2.0161491240566667
1.1623892818282235	0.046438690000000005	2.0172214242999997
1.1641346110802178	0.04951102666666666	2.0373804540933333
1.165879940332212	0.047336539999999996	2.0361667585566665
1.1676252695842066	0.053561935333333324	2.02039982188
1.1693705988362009	0.06121069999999999	2.0030749935166665
1.171115928088195	0.05422515666666666	1.9893940428466665
1.1728612573401895	0.05098144333333333	2.00236107888
1.1746065865921838	0.06166628666666666	2.0341256189433334
1.1763519158441782	0.060494876666666655	2.0311776545733333
1.1780972450961724	0.05863020433333333	2.0003656818133333
1.1798425743481666	0.059543583	1.96769341606
1.1815879036001609	0.05311259166666666	1.94775287556
1.183333232852155	0.054219645999999996	1.96239338615
1.18507856210415	0.06736533666666666	1.9975481053333333
1.186823891356144	0.06180276433333333	1.9937608497733335
1.1885692206081382	0.05076447933333332	1.9586024743400001
1.1903145498601329	0.050329549333333334	1.928609271993333
1.192059879112127	0.05077574333333333	1.9196673151466666
1.1938052083641213	0.05311133766666666	1.9399582889833333
1.1955505376161155	0.06089749766666667	1.9695027266733334
1.1972958668681097	0.05074442766666666	1.9559990140399999
1.1990411961201044	0.036381614333333326	1.9155203625
1.2007865253720988	0.03750423233333333	1.89347633526
1.2025318546240933	0.042201429766666666	1.9017202020133332
1.2042771838760875	0.040517208666666665	1.9286322570899999
1.2060225131280817	0.040647945666666664	1.9481084737866667
1.207767842380076	0.031149909000000003	1.9237181310299998
1.2095131716320702	0.020901333999999997	1.8847673154
1.2112585008840648	0.023233381333333334	1.8786187059200001
1.213003830136059	0.027522353266666664	1.9064590955033331
1.2147491593880533	0.022792049	1.9357401443566666
1.2164944886400477	0.020241703	1.9347758678266669
1.218239817892042	0.015557419666666664	1.8895879747166664
1.2199851471440364	0.011173668999999999	1.8492160716800001
1.2217304763960306	0.011446797333333331	1.8586857971633333
1.2234758056480248	0.012736009	1.9056619120533331
1.225221134900019	0.010233020999999998	1.9417898828766664
1.2269664641520137	0.010433937666666665	1.9311609093666666
1.228711793404008	0.009585781333333333	1.87865824503
1.2304571226560024	0.008265497666666666	1.844680736953333
1.2322024519079966	0.0044269366000000004	1.8596781254466666
1.233947781159991	0.0038317116666666665	1.900031893223333
1.2356931104119853	0.009088068333333333	1.9210004968599999
1.23743843966398	0.014203154199999998	1.8965764488766665
1.2391837689159741	0.013394590333333333	1.8492954611333332
1.240929098167968	0.013155319333333332	1.8382422236366667
1.2426744274199628	0.0070616563333333335	1.8646860219199999
1.244419756671957	0.006952369	1.8934203105433334
1.2461650859239515	0.02151608733333333	1.8948806071666664
1.2479104151759457	0.029787039999999994	1.8564002579366665
1.24965574442794	0.024721741666666665	1.8125679852233332
1.2514010736799341	0.025926673333333334	1.8203035745633334
1.2531464029319284	0.022923899999999997	1.85648857077
1.254891732183923	0.02479546	1.8790209625899998
1.2566370614359172	0.044616579999999996	1.8744254220566667
1.2583823906879115	0.051347353333333325	1.8339650717733333
1.260127719939906	0.03770461333333333	1.7918749726766665
1.2618730491919004	0.03999739666666667	1.8079573782466665
1.2636183784438946	0.04555617666666667	1.8494496677799996
1.2653637076958888	0.050355286666666665	1.8693558997966666
1.267109036947883	0.06923282666666666	1.8662926336499999
1.2688543661998777	0.07140403000000001	1.8318495811999997
1.270599695451872	0.04833197333333333	1.7905024668566665
1.2723450247038663	0.048789026666666666	1.804660785036667
1.2740903539558606	0.06238870999999999	1.8430632192566665
1.2758356832078548	0.06840662666666666	1.8547359556566667
1.2775810124598492	0.08154227	1.84977550182
1.2793263417118435	0.08203272666666667	1.8272905337733332
1.2810716709638381	0.057237170000000004	1.7957991116999996
1.282817000215832	0.05524923333333333	1.80790905849
1.2845623294678261	0.07068074999999999	1.8370275663233333
1.286307658719821	0.07258062333333333	1.8334371125466664
1.288052987971815	0.07619941666666666	1.8196672071866669
1.2897983172238097	0.07830978	1.80879351893
1.2915436464758039	0.06107588866666667	1.7932995496333333
1.293288975727798	0.059667954	1.8075900803266667
1.2950343049797923	0.07301917233333333	1.8313573543966666
1.296779634231787	0.069618127	1.81933453694
1.2985249634837812	0.0651099	1.7975917612533332
1.3002702927357757	0.06930041666666666	1.7896578128233334
1.3020156219877699	0.06099525	1.7819035214499999
1.3037609512397643	0.06015589699999999	1.79814120162
1.3055062804917585	0.06903267099999999	1.8262643624233332
1.3072516097437528	0.062301971	1.8216207042933332
1.308996938995747	0.053833256333333336	1.7991594677366667
1.3107422682477412	0.057789743333333324	1.7851970971199997
1.3124875974997359	0.05349378266666666	1.7723618236566665
1.31423292675173	0.0518359	1.78402261625
1.3159782560037245	0.05717991	1.8146993080399998
1.3177235852557188	0.051856116666666674	1.8208688950299998
1.319468914507713	0.04548803333333333	1.8055483108133334
1.3212142437597074	0.047700130333333327	1.79210817493
1.3229595730117016	0.04094946766666666	1.7772598435733333
1.3247049022636959	0.03652805866666667	1.7803803718633333
1.3264502315156905	0.04057280433333332	1.7984269472033332
1.3281955607676847	0.039878606	1.7995636037366665
1.3299408900196792	0.04016568733333333	1.7911918920533332
1.3316862192716734	0.04413974633333333	1.7931122310999998
1.3334315485236676	0.035722718	1.7926180068166666
1.3351768777756619	0.030552107000000002	1.7956208381366665
1.336922207027656	0.036419656999999994	1.799447842103333
1.338667536279651	0.037742363333333334	1.7867028736499997
1.3404128655316452	0.03779295333333333	1.7752430344699999
1.3421581947836396	0.04172980666666666	1.7845494279466667
1.3439035240356338	0.034805207	1.7914117563299998
1.345648853287628	0.03143462266666667	1.79291507782
1.3473941825396225	0.041033493000000004	1.7943763243666666
1.3491395117916167	0.04320363766666666	1.7856335784666666
1.350884841043611	0.03698026066666667	1.7781142075733332
1.3526301702956052	0.03832614599999999	1.7866353053133333
1.3543754995475994	0.03631403899999999	1.7858015167466665
1.356120828799594	0.0344777462	1.7736053114933332
1.3578661580515883	0.04316302003333333	1.7718119664266665
1.3596114873035827	0.045353044399999994	1.7773654491066666
1.361356816555577	0.03480011213333333	1.7830750760199998
1.3631021458075712	0.03394882	1.7916096861199997
1.3648474750595656	0.03732369566666666	1.7806070290799998
1.3665928043115598	0.035562383999999995	1.7512834238666666
1.3683381335635545	0.03802509033333333	1.7390449707399998
1.3700834628155487	0.039833494	1.7530399212466667
1.371828792067543	0.03152355466666667	1.77331582198
1.3735741213195374	0.03025491	1.78810103947
1.3753194505715316	0.034876769999999994	1.7770940393066668
1.377064779823526	0.031126254666666665	1.7410486886699998
1.3788101090755203	0.025835675666666662	1.7164782257933333
1.3805554383275145	0.026597709666666663	1.7234821719333333
1.3823007675795091	0.024614746333333333	1.7434743898533331
1.384046096831503	0.024586864	1.7593010990933333
1.3857914260834978	0.02718421633333333	1.7560426842333332
1.387536755335492	0.022604941666666663	1.7328580752699998
1.3892820845874863	0.013694150666666665	1.7121257984033331
1.3910274138394805	0.01341686333333333	1.711199344463333
1.3927727430914747	0.016956145366666668	1.717751764
1.3945180723434691	0.017768379666666664	1.7187575513433333
1.3962634015954638	0.016353423666666665	1.7108236528333336
1.398008730847458	0.013028687666666667	1.69873965105
1.3997540600994525	0.006792870333333333	1.6903227846699997
1.4014993893514467	0.006794739133333333	1.6923568555666666
1.4032447186034411	0.012846309666666667	1.6968693813266666
1.4049900478554354	0.013722825666666667	1.6928619708333335
1.4067353771074296	0.007917641333333333	1.6794537053599998
1.4084807063594238	0.005815989333333334	1.6672492358
1.410226035611418	0.0058257226666666665	1.6613840454099997
1.4119713648634127	0.007481096333333334	1.6649695624333332
1.413716694115407	0.012942985333333332	1.6760878677666666
1.4154620233674011	0.014885080666666665	1.6840039772633333
1.4172073526193956	0.008824888999999999	1.6777965085299997
1.4189526818713898	0.008277887999999999	1.6649071149233334
1.420698011123384	0.014314874666666666	1.6550290953
1.4224433403753782	0.016995017	1.65277435265
1.4241886696273727	0.017156268333333335	1.6613134991899998
1.4259339988793673	0.019036066666666664	1.67714722862
1.4276793281313616	0.018060505999999997	1.6835352648733333
1.429424657383356	0.021114417	1.6780457244933333
1.4311699866353502	0.03181956	1.670672964003333
1.4329153158873444	0.03600038666666667	1.6631480204766667
1.4346606451393389	0.029019093333333332	1.6562974601466665
1.436405974391333	0.027395939999999997	1.6611250391433332
1.4381513036433278	0.03187984	1.6707148992566663
1.439896632895322	0.03696554333333333	1.6727983781599998
1.4416419621473162	0.04681603000000001	1.6715030312099999
1.4433872913993107	0.05348620333333333	1.66648075246
1.4451326206513049	0.045698046666666665	1.6510237053066668
1.446877949903299	0.041645456666666664	1.6431761272599998
1.4486232791552933	0.04908245333333333	1.6501691324266665
1.4503686084072875	0.052135563333333336	1.6525039232133332
1.452113937659282	0.05275531	1.6473651099800002
1.4538592669112762	0.05948377333333333	1.6442964877000001
1.4556045961632709	0.059866956666666665	1.6350096413666666
1.457349925415265	0.05858791	1.6284790162966667
1.4590952546672595	0.06596431	1.6378121198266664
1.460840583919254	0.06521515333333333	1.6420514147933334
1.4625859131712482	0.052921449999999995	1.6295537179999997
1.4643312424232424	0.05335693666666667	1.6224102454733331
1.4660765716752366	0.06235955666666666	1.621584999203333
1.4678219009272309	0.06604566666666667	1.6227087519499999
1.4695672301792255	0.07137502999999999	1.6392323136366667
1.4713125594312197	0.07128359	1.6565517899
1.4730578886832142	0.05489465333333333	1.6472994397133331
1.4748032179352084	0.04719043333333334	1.629013554733333
1.4765485471872026	0.056090680000000004	1.6182350107766665
1.478293876439197	0.05846859	1.6119791732333333
1.480039205691191	0.05636549	1.6273720461466665
1.481784534943186	0.05880167333333334	1.66229648223
1.4835298641951802	0.05173079	1.6726623758233332
1.4852751934471744	0.044737226666666664	1.6525250941266665
1.4870205226991688	0.05093033	1.6287632152233331
1.488765851951163	0.04962587333333333	1.6106613595933332
1.4905111812031575	0.037811656666666665	1.6155000716466668
1.4922565104551517	0.037297	1.6510576936533332
1.494001839707146	0.04012975	1.6711132635066666
1.4957471689591406	0.03850990666666666	1.65058746117
1.4974924982111348	0.04222218333333333	1.6208672425799997
1.4992378274631293	0.04045459666666666	1.6046449717133333
1.5009831567151235	0.02585386233333333	1.6100143767766666
1.5027284859671177	0.020407803333333332	1.6410446569199997
1.504473815219112	0.025883569999999998	1.6600538559266664
1.5062191444711062	0.027299136666666668	1.6362146474999997
1.5079644737231006	0.028088163333333332	1.6000220631533333
1.5097098029750948	0.028098766666666664	1.5864292003366667
1.511455132227089	0.01903479	1.5985814912766667
1.5132004614790837	0.012692146666666668	1.6308390468933336
1.514945790731078	0.015406653333333332	1.6524825432366665
1.5166911199830724	0.01579345	1.6315604688266667
1.5184364492350666	0.013933028	1.5901803819533333
1.520181778487061	0.01474284	1.5700585936733333
1.5219271077390553	0.012388064666666665	1.581400395473333
1.5236724369910495	0.010747965	1.6172465332
1.5254177662430441	0.014181796333333333	1.6492254214133333
1.5271630954950384	0.014865178	1.6406212285966666
1.5289084247470326	0.012848595	1.6004248360933335
1.530653753999027	0.012739743233333333	1.5695280512866667
1.5323990832510213	0.010471136666666667	1.568571472013333
1.5341444125030157	0.011100651999999999	1.5994631944200002
1.53588974175501	0.017907899999999997	1.6379120218
1.537635071007004	0.020078332699999996	1.6405898570499997
1.5393804002589988	0.018121156666666666	1.60504037627
1.541125729510993	0.01898530333333333	1.5701137863099999
1.5428710587629875	0.017310478666666664	1.56088117983
1.5446163880149817	0.018124662333333333	1.58435599262
1.546361717266976	0.026816654	1.6225579268033332
1.5481070465189704	0.028429652333333333	1.6304564255133331
1.5498523757709646	0.021937351666666664	1.5986355770599998
1.5515977050229588	0.022849024	1.5670117462833333
1.553343034274953	0.02656268566666667	1.5597703296266667
1.5550883635269477	0.028510517	1.57559407243
1.556833692778942	0.03504483	1.6007857643099999
1.5585790220309363	0.03552572333333333	1.6015058008033334
1.5603243512829306	0.025225116	1.5683372495766665
1.5620696805349248	0.024120096666666663	1.5414151806866665
1.563815009786919	0.033141204	1.5445575153766669
1.5655603390389135	0.03607145933333333	1.56322795543
1.5673056682909077	0.036192	1.5825218123499998
1.5690509975429023	0.03584101666666666	1.584519052353333
1.5707963267948966	0.028101930333333334	1.5581705015766665
1.5725416560468908	0.024902347	1.5305652409966666
1.5742869852988854	0.033138018	1.5265502258933332
1.5760323145508797	0.03536052266666667	1.5346005040666668
1.5777776438028739	0.02982283733333333	1.545392742123333
1.579522973054868	0.028986904333333334	1.5563605728966667
1.5812683023068623	0.02763840766666666	1.552933191573333
1.583013631558857	0.024048730000000004	1.5377766204366667
1.5847589608108512	0.02648832433333333	1.5291132419399998
1.5865042900628454	0.026949879	1.5259734430633334
1.5882496193148399	0.020799118999999998	1.5257394501066666
1.589994948566834	0.019871322666666663	1.5339085586133332
1.5917402778188283	0.022938692	1.5403610371766665
1.5934856070708228	0.021258084	1.5368587936299998
1.5952309363228174	0.01956850933333333	1.5341186594166667
1.5969762655748112	0.01915053833333333	1.53470991983
1.5987215948268054	0.015801708999999997	1.53290914767
1.6004669240788003	0.013737385999999999	1.5307341023433332
1.6022122533307945	0.015104475333333334	1.5283270621366667
1.603957582582789	0.014551683666666666	1.5255302188566664
1.6057029118347832	0.0125737036	1.5303405740699998
1.6074482410867772	0.012583801333333334	1.5414793702966665
1.6091935703387716	0.012954050666666665	1.5464366125433333
1.6109388995907659	0.011000550666666666	1.5398037986033333
1.6126842288427607	0.008460362833333332	1.52713827975
1.614429558094755	0.007491875366666668	1.5178087595533332
1.6161748873467492	0.0073942934333333325	1.5185865192533332
1.6179202165987434	0.007005726766666666	1.52441136306
1.6196655458507376	0.0077580897333333326	1.525709365733333
1.621410875102732	0.008046402866666667	1.52027807727
1.6231562043547263	0.005874427999999999	1.5132724875433334
1.624901533606721	0.0053137543333333336	1.5123432112300002
1.6266468628587152	0.008536271666666666	1.520027232893333
1.6283921921107094	0.008682374666666666	1.5243513666266666
1.630137521362704	0.006385361	1.5163879037866668
1.6318828506146983	0.008820583333333333	1.50352275551
1.6336281798666925	0.012012576666666665	1.4937874150100001
1.6353735091186867	0.010896576666666666	1.4912014429866667
1.637118838370681	0.012295166666666666	1.5026940121233334
1.6388641676226756	0.013913769999999999	1.51773225998
1.6406094968746698	0.011104354666666667	1.5170184958566666
1.642354826126664	0.015008773333333331	1.5047502661633332
1.6441001553786583	0.025398066666666667	1.4927283970066667
1.6458454846306525	0.024439423333333328	1.4815815989
1.647590813882647	0.01797132333333333	1.4844309238366666
1.6493361431346412	0.019223606666666664	1.5062502100266664
1.6510814723866354	0.020735356666666663	1.5211658708433333
1.6528268016386303	0.022918726666666667	1.5162526921066668
1.654572130890624	0.03301824666666667	1.5050569960233333
1.6563174601426187	0.03491792333333333	1.4896119935833334
1.6580627893946132	0.025809089999999996	1.4779982310000002
1.6598081186466074	0.02706007	1.4882823922066666
1.6615534478986018	0.03540335666666666	1.5051315978200002
1.663298777150596	0.03419180333333333	1.50233835411
1.6650441064025903	0.03315004333333333	1.4919971196333333
1.6667894356545845	0.03563744	1.4869479602066664
1.6685347649065787	0.032530409999999996	1.4834747603733334
1.6702800941585736	0.03461952333333333	1.4901761361299999
1.6720254234105678	0.046625313333333335	1.5046064293833332
1.673770752662562	0.046874570000000004	1.4992350891466666
1.6755160819145563	0.03748073	1.4787904959933331
1.6772614111665505	0.0377707	1.4709010163
1.679006740418545	0.041366839999999995	1.4747314190799998
1.6807520696705391	0.040937016666666666	1.48250838383
1.6824973989225334	0.04630237333333333	1.49756320593
1.684242728174528	0.048923589999999996	1.50203479863
1.6859880574265222	0.04191627333333334	1.4870909557466665
1.6877333866785167	0.04182769333333333	1.47755801753
1.6894787159305111	0.04962160333333333	1.48257868895
1.6912240451825054	0.04831165999999999	1.4866387345299998
1.6929693744344996	0.04437754666666666	1.49262812855
1.6947147036864938	0.045715189999999996	1.5007039780899998
1.6964600329384885	0.04436349666666667	1.4978301223033332
1.6982053621904827	0.04309386666666666	1.4917356647533335
1.6999506914424771	0.04893487999999999	1.4961356186633332
1.7016960206944713	0.04978437	1.4981915459866664
1.7034413499464653	0.04379593333333333	1.4940115913433332
1.7051866791984598	0.043223573333333334	1.495035896
1.706932008450454	0.04554751333333333	1.4967552622366667
1.708677337702449	0.043167149999999994	1.4936590915833332
1.7104226669544431	0.04428433999999999	1.4986277367333334
1.7121679962064373	0.04820486333333333	1.50821331247
1.7139133254584316	0.04707805999999999	1.5090227133399998
1.7156586547104258	0.045553903333333326	1.5055716660133334
1.7174039839624204	0.046960213333333334	1.5018262703699998
1.7191493132144147	0.043562366666666665	1.4905576765966666
1.7208946424664089	0.04091504	1.4824717619533332
1.722639971718403	0.04538841666666667	1.4867425645266668
1.7243853009703973	0.04902304666666666	1.491336803963333
1.726130630222392	0.04748957666666667	1.4897383182466666
1.7278759594743864	0.04631587999999999	1.4888697333466665
1.7296212887263807	0.04323973666666667	1.4850281002766668
1.7313666179783749	0.04004866933333333	1.4800601512033333
1.733111947230369	0.04274042633333334	1.48316156002
1.7348572764823635	0.04701672333333333	1.4876769766966664
1.7366026057343578	0.04479103333333333	1.4807405297099998
1.738347934986352	0.04077799833333333	1.46976517518
1.7400932642383462	0.03833816333333333	1.4622860177933332
1.7418385934903404	0.036993558999999995	1.45854865097
1.7435839227423353	0.03855752866666667	1.46209517204
1.7453292519943295	0.04247188666666666	1.47063858868
1.7470745812463238	0.040540339999999994	1.4680828206899996
1.7488199104983182	0.03476433233333333	1.4553447698933333
1.7505652397503124	0.032670314	1.4479692342333332
1.7523105690023066	0.03410026	1.45055852346
1.7540558982543013	0.03539486333333333	1.45819259687
1.7558012275062955	0.03815217666666666	1.4681293713566668
1.75754655675829	0.0374483	1.4669926735866667
1.7592918860102842	0.03178536999999999	1.4498139125166667
1.7610372152622784	0.028682389999999995	1.4341891365966666
1.7627825445142726	0.03072341333333333	1.4342852037733334
1.7645278737662669	0.03094650666666667	1.4425791986233332
1.7662732030182617	0.03092112	1.4526566834966665
1.768018532270256	0.03189539999999999	1.4569384539633332
1.7697638615222502	0.03052419	1.44698972294
1.7715091907742444	0.027642356666666663	1.43037469278
1.7732545200262386	0.02794111333333333	1.425739355473333
1.7749998492782333	0.027068426666666662	1.4325525177066667
1.7767451785302275	0.02442328666666667	1.4420825964533333
1.7784905077822217	0.024509536000000002	1.448811101073333
1.780235837034216	0.026522539999999997	1.44481586348
1.7819811662862102	0.024914976666666665	1.4260325684866668
1.7837264955382048	0.023690579999999996	1.4100723315166666
1.785471824790199	0.024426649333333328	1.4109022095933332
1.7872171540421935	0.024005473333333333	1.4239131746133333
1.7889624832941877	0.02291786933333333	1.4381048505166665
1.790707812546182	0.024147175	1.4438088782166665
1.7924531417981764	0.02280836266666667	1.430307034603333
1.7941984710501706	0.020480363333333335	1.4088732376633333
1.7959438003021653	0.021838454999999996	1.4025944105133334
1.7976891295541597	0.024380985666666664	1.4163795111133333
1.7994344588061533	0.023231957333333334	1.4351339775499998
1.8011797880581482	0.022392252333333335	1.44592371297
1.8029251173101424	0.021727765333333333	1.4374514649466665
1.8046704465621368	0.020357425	1.4138282465499998
1.806415775814131	0.02063180233333333	1.3967008524466664
1.8081611050661253	0.023131782566666665	1.4010085070099998
1.8099064343181195	0.022084962	1.4165618934666666
1.8116517635701137	0.019918521333333335	1.4303779856966665
1.8133970928221086	0.020297225999999998	1.4331366465099997
1.8151424220741028	0.021545751666666668	1.4222617779999998
1.816887751326097	0.021177319666666666	1.408063362623333
1.8186330805780913	0.022215194333333334	1.4075141872466665
1.8203784098300855	0.02155183933333333	1.4180427184566666
1.82212373908208	0.019033391666666667	1.4287154780466667
1.8238690683340746	0.019233207333333335	1.4324629350266664
1.8256143975860688	0.022033193	1.4247707469000002
1.827359726838063	0.021319810666666664	1.4064929914766664
1.8291050560900572	0.020428670999999995	1.39489254202
1.830850385342052	0.020469423	1.39892659612
1.8325957145940461	0.019415661333333334	1.4125574366099998
1.8343410438460404	0.018786048333333333	1.4264636276199998
1.8360863730980346	0.0211153382	1.4327925172699998
1.8378317023500288	0.020732731666666664	1.4231739118999998
1.8395770316020235	0.018747186333333332	1.40840446916
1.8413223608540177	0.018864778666666665	1.4049762500633332
1.843067690106012	0.019767419666666664	1.41442019246
1.8448130193580063	0.017779364	1.4256303129433334
1.8465583486100006	0.016788739366666666	1.4317781160366665
1.8483036778619948	0.016574708333333334	1.4255119617366667
1.850049007113989	0.015725852666666665	1.410359466433333
1.8517943363659835	0.015462596333333332	1.4003465382533329
1.8535396656179781	0.017297117666666667	1.4026359484033333
1.8552849948699723	0.015739106666666666	1.4071989790433332
1.8570303241219668	0.012786615333333334	1.40954742685
1.858775653373961	0.012615751333333331	1.4088427015833331
1.8605209826259552	0.013937818333333333	1.40391246854
1.8622663118779497	0.013344654666666666	1.39756715475
1.8640116411299439	0.013969559333333333	1.3970449031533332
1.865756970381938	0.01353202	1.3974419043033333
1.8675022996339323	0.011596772	1.3956297157399997
1.8692476288859265	0.010674827333333333	1.3933143296833332
1.8709929581379214	0.011782161666666666	1.3897267297466667
1.8727382873899157	0.011533252666666667	1.3815565655366666
1.8744836166419099	0.011688878666666666	1.3748072297333334
1.876228945893904	0.011590615	1.3710204713333334
1.8779742751458983	0.010976743266666665	1.3691066787166666
1.8797196043978928	0.009269184866666667	1.3688367154966665
1.881464933649887	0.008477497	1.37156930589
1.8832102629018816	0.008715476666666666	1.3744303148099999
1.8849555921538759	0.010597266900000001	1.3784816312766666
1.88670092140587	0.010899951266666668	1.3811881661699998
1.8884462506578648	0.010200941066666667	1.3790336814233335
1.890191579909859	0.009062545123333333	1.3708320055799998
1.8919369091618532	0.008667814333333333	1.3627176632233333
1.8936822384138474	0.008339429666666665	1.358218542723333
1.8954275676658416	0.010068886199999998	1.3604414736766666
1.8971728969178363	0.011366105566666666	1.3654761377566667
1.8989182261698305	0.0111943023	1.3664730379499999
1.900663555421825	0.010742997299999998	1.3591859929499999
1.9024088846738192	0.012353014333333332	1.3491246938433332
1.9041542139258134	0.011602134333333335	1.3395202631733332
1.9058995431778076	0.010594371433333334	1.3366220435299998
1.9076448724298019	0.013078264666666667	1.34417696324
1.9093902016817967	0.016162121666666668	1.3561101788566665
1.911135530933791	0.014620281666666665	1.3596842743766668
1.9128808601857852	0.014206776666666665	1.3551301206200002
1.9146261894377794	0.014218788666666664	1.3447861533966665
1.9163715186897738	0.013077936333333333	1.3350748587899999
1.9181168479417683	0.015503532333333334	1.3366272299366664
1.9198621771937625	0.021436648333333336	1.35035263916
1.9216075064457567	0.019482842666666667	1.3579824727266665
1.923352835697751	0.014709895	1.3547764300533331
1.9250981649497452	0.016294386666666664	1.3488871939633333
1.92684349420174	0.020226638999999998	1.3456515123233332
1.9285888234537343	0.02065918233333333	1.3476167241866666
1.9303341527057285	0.023118503333333335	1.3602663430600002
1.9320794819577227	0.022950283333333335	1.3706616551666664
1.933824811209717	0.018405619666666664	1.3673380233033332
1.9355701404617114	0.01956112733333333	1.3583169844633334
1.9373154697137056	0.027481026666666665	1.35268585705
1.9390607989656998	0.026851156666666667	1.3449143964733334
1.9408061282176947	0.022654174333333332	1.3438131024066664
1.9425514574696887	0.024868126666666664	1.35561500666
1.9442967867216832	0.026847269999999996	1.365634068553333
1.9460421159736774	0.024481216666666666	1.36270142919
1.9477874452256718	0.027937430000000003	1.35672651478
1.949532774477666	0.03047741333333333	1.3477992936866665
1.9512781037296603	0.027926623333333334	1.3411076793366665
1.953023432981655	0.03122251666666666	1.352381825293333
1.9547687622336491	0.03874615666666666	1.3750051414033333
1.9565140914856434	0.03402308	1.38014597387
1.9582594207376378	0.02795839333333333	1.3707109368666668
1.960004749989632	0.03386264666666666	1.3633487908766666
1.9617500792416263	0.04128899666666667	1.3587871242433334
1.9634954084936205	0.041349376666666667	1.3578385910666668
1.9652407377456147	0.04277876333333333	1.3687047240533332
1.9669860669976096	0.04002409333333333	1.3739443233933333
1.9687313962496038	0.0325682	1.3624628363033333
1.970476725501598	0.03612356	1.3516611189166667
1.9722220547535922	0.04852380666666667	1.3505484163333332
1.9739673840055865	0.046544736666666656	1.3468880562599996
1.9757127132575811	0.03861340333333333	1.3524540510699998
1.9774580425095754	0.040949526666666666	1.374068342433333
1.9792033717615696	0.044536183333333326	1.3868418217733334
1.9809487010135638	0.04217827666666666	1.3763652363999999
1.982694030265558	0.045454256666666665	1.3615801082466668
1.9844393595175527	0.04723328666666666	1.3485668137166666
1.9861846887695471	0.04203118333333333	1.3427209951299999
1.9879300180215413	0.04289475333333333	1.3584997849833331
1.9896753472735356	0.05024968	1.38424157683
1.9914206765255298	0.045269543333333336	1.3857826205933332
1.9931660057775242	0.03854825333333333	1.3707292351866667
1.9949113350295185	0.04666424	1.3635479635666665
1.9966566642815133	0.056617829999999994	1.3617863298399997
1.9984019935335076	0.05355753333333333	1.3595828542766668
2.0001473227855016	0.050129423333333326	1.37011589878
2.0018926520374962	0.04742816	1.3828993378666665
2.0036379812894904	0.04156108	1.3824744648133331
2.0053833105414847	0.04325754	1.37812920498
2.0071286397934793	0.0528957	1.3760897890666666
2.0088739690454736	0.048813169999999996	1.3632216081566666
2.0106192982974678	0.03824012733333333	1.3545238469533332
2.012364627549462	0.03985499866666667	1.366144763343333
2.014109956801456	0.04489943333333333	1.3769914511933332
2.0158552860534504	0.03954063666666666	1.366755085183333
2.0176006153054447	0.036248952	1.35423940904
2.019345944557439	0.036820828666666666	1.3499942512133334
2.021091273809433	0.034019532666666664	1.3519768735933333
2.022836603061428	0.033116859666666665	1.3646486514533331
2.0245819323134224	0.038446961	1.3823620332533333
2.0263272615654166	0.035225188666666664	1.37985364507
2.028072590817411	0.028015997333333334	1.3638207066766665
2.029817920069405	0.03162114466666667	1.3575808128666664
2.0315632493213998	0.03791066466666666	1.3576231738466666
2.033308578573394	0.03174407833333333	1.3510107651033334
2.035053907825388	0.02600721166666667	1.35094460724
2.036799237077383	0.026410772666666665	1.3571253567466668
2.0385445663293766	0.025634688666666662	1.3557476269
2.0402898955813713	0.025156739666666667	1.34885089108
2.0420352248333655	0.028920084999999998	1.34506413595
2.0437805540853597	0.02518290133333333	1.3365901732199998
2.045525883337354	0.018141234666666665	1.3317796625266667
2.047271212589348	0.019321936666666664	1.3415063784733334
2.0490165418413424	0.02343295033333333	1.35193827322
2.0507618710933366	0.018712903	1.3461231151666664
2.052507200345331	0.014054048	1.33894242322
2.054252529597326	0.013869863999999999	1.3407546169733333
2.05599785884932	0.013526099666666666	1.3459103532066667
2.0577431881013144	0.012461707666666665	1.3499012956966667
2.0594885173533086	0.015264241666666666	1.3524442884566668
2.0612338466053033	0.014132252333333333	1.3427249851799998
2.0629791758572975	0.010240265333333332	1.3273668135866665
2.0647245051092917	0.011216994666666667	1.32252698892
2.0664698343612864	0.014472778333333334	1.3270866551966665
2.0682151636132806	0.010830371	1.3277793007733332
2.069960492865275	0.008376337999999999	1.3301423104799999
2.071705822117269	0.010199131	1.3343299876766666
2.0734511513692633	0.011500135999999998	1.3314813989466665
2.0751964806212575	0.011017539333333333	1.3216080008966666
2.0769418098732517	0.012628257666666665	1.3162942315033332
2.078687139125246	0.010959886333333332	1.3151272577633333
2.080432468377241	0.008458033	1.3196165194699998
2.0821777976292353	0.010007950333333333	1.3290593687399999
2.08392312688123	0.013661518	1.3323733539166667
2.0856684561332237	0.011596891666666666	1.3173796878866666
2.087413785385218	0.009441437333333334	1.2988711311333332
2.0891591146372126	0.011199553333333334	1.2932489251666666
2.090904443889207	0.014032135333333334	1.2995734751466665
2.0926497731412015	0.014120174	1.3069858138400001
2.0943951023931957	0.015635122666666668	1.312346275813333
2.0961404316451895	0.014893735666666666	1.3079798886266665
2.097885760897184	0.012374055333333332	1.2964737425233335
2.0996310901491784	0.013330156	1.2898580780666666
2.1013764194011726	0.01811333633333333	1.2931705795033333
2.103121748653167	0.017783674666666666	1.2962642408099998
2.104867077905161	0.016842612666666666	1.3009313094966668
2.1066124071571553	0.019442189333333332	1.3075308100466665
2.1083577364091495	0.021844176666666663	1.3056647898566667
2.1101030656611446	0.019643014	1.2877123431
2.111848394913139	0.019687627333333332	1.26810395985
2.113593724165133	0.021578440999999997	1.25822911509
2.1153390534171272	0.023631524333333327	1.2624440377633332
2.1170843826691215	0.02659221366666667	1.277378344263333
2.118829711921116	0.031057036666666666	1.2913841327266664
2.1205750411731104	0.028944100000000004	1.2854305565233333
2.1223203704251046	0.025163295333333335	1.2662693196366666
2.124065699677099	0.02785017533333333	1.2537510584466667
2.1258110289290935	0.034200636666666666	1.2543296444666665
2.1275563581810877	0.035026462999999994	1.25884773607
2.129301687433082	0.03578004666666666	1.26710956717
2.131047016685076	0.03748402533333333	1.2739547642966667
2.1327923459370703	0.03728866	1.2732701255833332
2.1345376751890646	0.035842233999999994	1.2653755892766667
2.1362830044410597	0.03812589999999999	1.2572620746866665
2.138028333693054	0.03876566	1.2474680406399998
2.139773662945048	0.038431136666666664	1.24230966099
2.141518992197043	0.040649595999999996	1.2477647715266666
2.143264321449037	0.043795796666666664	1.2572523030933334
2.1450096507010312	0.039954393	1.2538832311466666
2.1467549799530254	0.036342578333333334	1.24150291259
2.1485003092050197	0.039322753333333335	1.23268243466
2.1502456384570143	0.044886953333333326	1.2339985457599998
2.1519909677090086	0.04567615433333333	1.2417499204066667
2.1537362969610028	0.0465899	1.25324316758
2.155481626212997	0.046841932333333336	1.2565322961066665
2.157226955464991	0.04520021833333333	1.2469895239566666
2.1589722847169854	0.04382213066666666	1.2320567157233333
2.1607176139689797	0.04621115366666667	1.2226860604706666
2.162462943220974	0.045647325999999995	1.2160838222233332
2.164208272472968	0.04389321333333333	1.2144852357326665
2.1659536017249623	0.04560168566666667	1.2208684206409999
2.1676989309769574	0.04831038	1.2302253601870001
2.1694442602289516	0.043113217999999995	1.2294292558889999
2.171189589480946	0.03799980933333333	1.221583875835
2.17293491873294	0.03903766433333333	1.2119740735916666
2.1746802479849343	0.041170409666666664	1.2028446308693332
2.176425577236929	0.038755909666666664	1.196941271261
2.178170906488923	0.038270099999999994	1.2011411640296665
2.179916235740918	0.037436552666666664	1.2061913019066666
2.1816615649929116	0.035655666333333336	1.205815597026
2.183406894244906	0.036522608666666664	1.2034482156886668
2.1851522234969005	0.04032379333333333	1.203404011465
2.1868975527488947	0.03801665433333333	1.200330489071
2.188642882000889	0.03428798633333333	1.1990815138143331
2.190388211252883	0.035018946999999995	1.2020349528216667
2.1921335405048774	0.03709401833333333	1.203995564817
2.1938788697568716	0.03312726633333333	1.1986115176989998
2.1956241990088667	0.03048696233333333	1.1938392457470002
2.197369528260861	0.03188866433333333	1.191916097354
2.199114857512855	0.032997839333333334	1.1915828525149998
2.20086018676485	0.030345997333333333	1.1927172462796665
2.202605516016844	0.029238943999999996	1.1985015413013331
2.2043508452688383	0.027024388333333333	1.201031991742333
2.206096174520833	0.024782560466666666	1.199014995686
2.207841503772827	0.025350881166666665	1.1955288235023331
2.2095868330248214	0.02820706766666667	1.19234353782
2.2113321622768156	0.025761854333333334	1.1856141954046664
2.21307749152881	0.022554192333333337	1.1819739259776665
2.214822820780804	0.02310090133333333	1.1839598793659998
2.2165681500327983	0.025401476333333332	1.1883461791063332
2.2183134792847925	0.022678634666666662	1.189086426143
2.2200588085367867	0.021027603999999995	1.190058232708
2.221804137788781	0.022946414033333334	1.1899854766143334
2.223549467040776	0.024322247699999997	1.1873508827013333
2.2252947962927703	0.021221875432666668	1.1831790212133333
2.2270401255447645	0.019661397666666667	1.1835678119539998
2.2287854547967587	0.017485646233333332	1.1840049463553333
2.230530784048753	0.015411126666666665	1.1841241050936666
2.2322761133007476	0.016398082566666666	1.1850210730946666
2.234021442552742	0.019578559666666665	1.1857450080243332
2.235766771804736	0.016837021333333334	1.181169683657333
2.2375121010567303	0.013497669256666666	1.1778523717803333
2.239257430308725	0.013611774233333332	1.1773683281646665
2.241002759560719	0.014632598	1.1774666689186666
2.2427480888127134	0.01148437037	1.1763209118236664
2.2444934180647076	0.010052797333333332	1.1794442445423332
2.246238747316702	0.010920714966666665	1.1832101165023332
2.247984076568696	0.011898951533333334	1.1842384437586666
2.2497294058206903	0.010384040833333334	1.1807404578496665
2.2514747350726845	0.009926809666666666	1.1769379632586665
2.2532200643246787	0.008234567066666667	1.1737084754923333
2.254965393576674	0.0070969030333333325	1.1767693414626665
2.256710722828668	0.0073359524333333325	1.1842035571193332
2.2584560520806622	0.009009103933333333	1.189523570193
2.260201381332657	0.007598641533333333	1.1855899426106666
2.261946710584651	0.006198750666666667	1.1777695497586667
2.2636920398366454	0.005645152366666667	1.1700625922213335
2.26543736908864	0.0062808405	1.166839735619
2.2671826983406342	0.00425709004	1.167125846924
2.2689280275926285	0.003114053166666666	1.1723731557233332
2.2706733568446227	0.0044399147	1.1794039172016666
2.272418686096617	0.006961891666666666	1.1860647505816666
2.274164015348611	0.005561396	1.186246589708
2.2759093446006062	0.004756465533333333	1.1802971904796666
2.2776546738525996	0.004580781666666666	1.1696340264843332
2.279400003104594	0.004340897	1.1641708010163332
2.281145332356588	0.0033636543733333328	1.1701255100536665
2.2828906616085836	0.004553816766666666	1.1863936521766667
2.284635990860578	0.004146753166666666	1.1991856264306666
2.286381320112572	0.0037981867999999997	1.201184328293
2.288126649364566	0.004104591666666667	1.190817643788
2.28987197861656	0.005310538133333332	1.1769430960699998
2.291617307868555	0.0032553340000000004	1.1660579264793332
2.2933626371205493	0.0019059860666666665	1.1631768697126668
2.2951079663725436	0.0029039154999999997	1.1643412620453333
2.2968532956245378	0.004912639666666666	1.1675101131806667
2.2985986248765315	0.003001239433333334	1.1693042386973334
2.300343954128526	0.002004784333333333	1.171133124528
2.3020892833805204	0.002421957566666667	1.169086035876
2.3038346126325147	0.0030651713333333325	1.1638192043096665
2.305579941884509	0.0017318830766666665	1.1589062887583332
2.307325271136503	0.0020774971666666668	1.163596279277
2.309070600388498	0.002325119233333333	1.1761469117956667
2.3108159296404924	0.0030803763333333333	1.1881341072849998
2.3125612588924866	0.002979969	1.186838965003
2.314306588144481	0.003613160666666666	1.1742811765673333
2.316051917396475	0.0019697721666666664	1.160041418735
2.3177972466484698	0.0009629466333333332	1.157994195903
2.319542575900464	0.002585039333333333	1.1692874108906666
2.321287905152458	0.005986419	1.1852109024943334
2.3230332344044524	0.004098099333333334	1.1915421953596665
2.324778563656447	0.0020756286666666667	1.1907745983416667
2.3265238929084413	0.00314396	1.1876052757096667
2.3282692221604355	0.004757994666666666	1.182545267639
2.3300145514124297	0.0025131783333333336	1.1724909475356666
2.331759880664424	0.002531473933333333	1.1663437035126665
2.333505209916418	0.004434328333333333	1.1699886671513333
2.3352505391684133	0.006708864999999999	1.1850688744859998
2.3369958684204075	0.0074003639999999996	1.2016440026509998
2.3387411976724017	0.008854095999999999	1.2090218775063333
2.340486526924396	0.007360336666666667	1.1987217800583332
2.34223185617639	0.005696288333333332	1.18191962274
2.343977185428385	0.006931629333333333	1.1739153184406668
2.345722514680379	0.010557234333333332	1.1794356340049998
2.3474678439323733	0.008826462666666667	1.1850302334723333
2.3492131731843675	0.007102380833333332	1.1865012979853333
2.3509585024363617	0.009383994333333333	1.184724214397
2.3527038316883564	0.011988737333333332	1.1814879438396666
2.3544491609403506	0.008745916999999999	1.1750986597446667
2.356194490192345	0.0074779266666666665	1.1717943375096667
2.357939819444339	0.009830479333333333	1.1707404616433332
2.3596851486963333	0.012429227666666667	1.1714373296116665
2.3614304779483275	0.011952848333333335	1.17498651098
2.3631758072003217	0.012955070666666665	1.1851138461003334
2.364921136452316	0.012486539999999999	1.1916862082576665
2.36666646570431	0.011631773066666667	1.1898337227529998
2.3684117949563044	0.013088509333333333	1.1841201375066666
2.3701571242083	0.016980412	1.1832792423713332
2.371902453460294	0.015226166	1.185021432294
2.373647782712288	0.013419380466666667	1.1918802799246666
2.375393111964282	0.016302123	1.199669122374
2.3771384412162764	0.01950467633333333	1.1988382813933331
2.3788837704682715	0.01579415	1.1859164229043333
2.3806290997202657	0.014039639666666668	1.1782090580793332
2.38237442897226	0.017072603	1.1814198338986666
2.384119758224254	0.020245232333333335	1.1874552008873334
2.3858650874762484	0.018775595666666665	1.1889552294499999
2.3876104167282426	0.018819206999999998	1.19376382426
2.389355745980237	0.019246168666666667	1.2021346609166668
2.391101075232231	0.01951705833333333	1.21143008228
2.3928464044842253	0.020302247	1.2165827980466666
2.3945917337362195	0.023356147	1.2151416644533333
2.3963370629882146	0.022048887333333336	1.20401017594
2.398082392240209	0.020217158333333332	1.19739972519
2.3998277214922035	0.021975558333333332	1.2042900476066665
2.4015730507441977	0.024650062333333327	1.21537859365
2.403318379996192	0.020798589666666666	1.2150403770733331
2.4050637092481866	0.018898776666666665	1.2130061939766668
2.406809038500181	0.02300127466666667	1.2184840758566664
2.408554367752175	0.027136765999999996	1.22636014639
2.4102996970041692	0.024116484333333334	1.226101841213333
2.4120450262561635	0.022075825999999996	1.2229250105833334
2.4137903555081577	0.02204110533333333	1.218191172923333
2.415535684760152	0.021851353000000004	1.2146449174299998
2.417281014012146	0.021482112333333334	1.2161651126133333
2.4190263432641403	0.02443834066666667	1.2238545582699998
2.4207716725161346	0.02424715866666667	1.2260046146799999
2.4225170017681297	0.023213798666666667	1.22589472342
2.424262331020124	0.02442908633333333	1.2315779971
2.426007660272118	0.02575752733333333	1.2404283036433332
2.4277529895241123	0.020942718333333332	1.2403527176566667
2.4294983187761066	0.018664584666666664	1.2383658804866666
2.4312436480281012	0.022949282999999994	1.2402948133066665
2.4329889772800954	0.02849957366666666	1.24170956204
2.4347343065320897	0.027304095333333334	1.23662516585
2.436479635784084	0.026125525999999996	1.2357948413866666
2.438224965036078	0.026207400333333332	1.2403404100666666
2.4399702942880728	0.025105966999999996	1.2447004994966666
2.441715623540067	0.022163267333333334	1.2474142327633333
2.443460952792061	0.023226553666666667	1.2551603504366666
2.4452062820440554	0.023895113666666665	1.2613075906233333
2.4469516112960497	0.02458910933333333	1.26415195102
2.448696940548044	0.026458263	1.2657026841066668
2.450442269800038	0.028110939333333335	1.26489788086
2.4521875990520323	0.02329908333333333	1.2545662762633332
2.4539329283040274	0.019905195999999997	1.2465980457499999
2.4556782575560216	0.023168204	1.250733024763333
2.457423586808016	0.028989293333333332	1.2603730104066666
2.4591689160600105	0.028336946000000002	1.2625162215899999
2.4609142453120048	0.028094733333333333	1.2663873520266666
2.462659574563999	0.030096341	1.2755392822566667
2.464404903815993	0.029198511333333333	1.28084445099
2.466150233067988	0.02311837333333333	1.2763559755066665
2.467895562319982	0.021347117	1.2733382664766666
2.4696408915719763	0.022121871	1.2721953661099998
2.4713862208239705	0.024385778333333333	1.2731730302366666
2.4731315500759647	0.02814194466666667	1.2799590803766665
2.47487687932796	0.032035222999999995	1.29371453315
2.476622208579954	0.028622894666666666	1.3016725825600002
2.4783675378319483	0.024362260999999996	1.3040028839466666
2.4801128670839416	0.024850798999999996	1.3057732221066667
2.481858196335936	0.027826953999999994	1.3058866780399998
2.4836035255879314	0.025417841	1.29675058123
2.4853488548399256	0.02566487333333333	1.29058195864
2.48709418409192	0.031667247999999995	1.2953310216433331
2.488839513343914	0.03508391143333334	1.3026612733466665
2.490584842595908	0.02844012	1.3032902525433334
2.492330171847903	0.023635936333333333	1.3099630946733332
2.494075501099897	0.023755723666666662	1.3224998274033333
2.4958208303518914	0.025005734133333325	1.32859033097
2.4975661596038856	0.025195748333333337	1.3245661117999998
2.49931148885588	0.02842839566666667	1.3237162803199998
2.501056818107874	0.029302054	1.3246888526933334
2.5028021473598683	0.028376003366666666	1.32235524085
2.5045474766118625	0.028003715333333335	1.3154300762666664
2.5062928058638567	0.028867976666666663	1.30781783123
2.508038135115851	0.024713261	1.2968839379133332
2.509783464367846	0.022989623366666663	1.2929635359633331
2.5115287936198403	0.02860662	1.3026409936566665
2.5132741228718345	0.03411340633333333	1.3165521880200002
2.5150194521238287	0.028604287	1.3201697889266666
2.516764781375823	0.023782262666666668	1.32522976383
2.5185101106278176	0.026098005666666663	1.3373265456166668
2.520255439879812	0.028362789333333333	1.34302258307
2.522000769131806	0.023772173	1.3322233750366665
2.5237460983838007	0.023567437333333333	1.32417596199
2.525491427635795	0.029105416999999998	1.3284682049499998
2.527236756887789	0.03267875566666667	1.3354302362966666
2.5289820861397834	0.029178838999999998	1.3342079336266668
2.5307274153917776	0.026902125666666665	1.3320769627833333
2.532472744643772	0.024865081666666664	1.3273668169933333
2.534218073895766	0.022928144333333334	1.3176515424933333
2.535963403147761	0.023587417333333333	1.3068516333266667
2.5377087323997554	0.027673609666666668	1.3018214989033332
2.5394540616517496	0.025840639000000002	1.2961853388733333
2.541199390903744	0.024134532666666667	1.295412605983333
2.542944720155738	0.028448616666666666	1.3053577906833331
2.5446900494077327	0.03184390666666667	1.3183638608700001
2.546435378659727	0.024308049999999998	1.3203364295066664
2.548180707911721	0.019793151666666665	1.3229694643633332
2.5499260371637154	0.025425773333333335	1.33392787973
2.5516713664157096	0.03022457666666667	1.3412330225533333
2.5534166956677042	0.023780833333333334	1.3325889857966664
2.5551620249196985	0.020020594333333332	1.3239904144799999
2.5569073541716927	0.023576343333333333	1.3212174981133336
2.558652683423687	0.025503663333333332	1.3116073147966667
2.560398012675681	0.02032977	1.2887064471133334
2.5621433419276762	0.019419696666666666	1.2717908157766664
2.5638886711796696	0.022592643333333332	1.2674373109766666
2.565634000431664	0.02486334	1.2696168135033332
2.567379329683658	0.024481586666666666	1.2740656355566664
2.5691246589356522	0.025987203333333334	1.2858217003299999
2.570869988187648	0.024112006666666665	1.2969931544
2.572615317439642	0.02183737	1.30391360777
2.5743606466916362	0.023830936666666667	1.3064326319
2.57610597594363	0.027106956666666668	1.3018727534333332
2.5778513051956247	0.02145306	1.2827345981433331
2.5795966344476193	0.017733536666666667	1.2651444175566664
2.5813419636996136	0.02346422333333333	1.2629473335599999
2.5830872929516078	0.028435329999999998	1.2679131881966668
2.584832622203602	0.021234616666666668	1.2643767803099997
2.586577951455596	0.017719616666666667	1.2645206222666665
2.5883232807075904	0.025172706666666662	1.2741456366000001
2.5900686099595847	0.0304226	1.2776921130266667
2.591813939211579	0.023075186666666667	1.262240827983333
2.593559268463574	0.01960528	1.2462903738733333
2.595304597715568	0.024550746666666668	1.2391797693633333
2.5970499269675624	0.027268969999999997	1.23395566392
2.598795256219557	0.02308401666666667	1.2277168190766665
2.6005405854715513	0.0233196	1.2325364896166664
2.6022859147235455	0.02558028	1.2417509143433332
2.6040312439755398	0.026084183333333334	1.2442655968266665
2.6057765732275344	0.025226526666666665	1.2392922705033333
2.6075219024795286	0.026072623333333336	1.23603351522
2.609267231731523	0.022788906666666667	1.2309604008466666
2.611012560983517	0.020688441666666665	1.2260564890833332
2.6127578902355113	0.02488439333333333	1.22525061217
2.6145032194875055	0.030174233333333335	1.2272024028366666
2.6162485487394997	0.024896656666666662	1.2229324869899998
2.617993877991494	0.021516543333333332	1.2233413069899999
2.619739207243488	0.028440936666666666	1.2330716421999999
2.6214845364954824	0.033027956666666664	1.2372721792633332
2.6232298657474775	0.02391347333333333	1.2245856840833333
2.6249751949994717	0.02040245833333333	1.2170681120466667
2.626720524251466	0.029668936666666666	1.22403955056
2.62846585350346	0.03649707	1.22872946358
2.6302111827554544	0.030300453333333338	1.2178656013233333
2.631956512007449	0.027622609999999995	1.20950862147
2.6337018412594433	0.03291761666666666	1.2111732869833332
2.6354471705114375	0.034616226	1.2120349199033331
2.6371924997634317	0.02737345533333333	1.2053530853766665
2.638937829015426	0.025471470333333333	1.20537843871
2.6406831582674206	0.028020754666666665	1.2124087384833333
2.642428487519415	0.029186956666666666	1.22142609587
2.644173816771409	0.02939384333333333	1.2328997028166668
2.6459191460234033	0.03176262666666667	1.2495047379333333
2.6476644752753975	0.028737019999999995	1.2581730097833332
2.6494098045273917	0.026359626666666667	1.2564945109233332
2.651155133779386	0.030138223333333332	1.24852935725
2.652900463031381	0.03465677	1.2373119484599997
2.6546457922833753	0.03031465	1.2214220520933332
2.6563911215353695	0.029046426666666667	1.2151934551299999
2.658136450787364	0.03654212	1.2233526884033332
2.6598817800393584	0.04068544666666666	1.2330923610833333
2.6616271092913526	0.030449076666666665	1.2322652366933333
2.663372438543347	0.024452469999999997	1.2373162919633334
2.665117767795341	0.03086574166666667	1.2524373069866668
2.6668630970473353	0.035401996666666664	1.2595029220766665
2.66860842629933	0.028433999999999994	1.2488238060766665
2.6703537555513237	0.027672246666666664	1.24464278243
2.6720990848033184	0.03654642333333333	1.2575732762333334
2.673844414055312	0.041373176666666664	1.2740740549766667
2.6755897433073077	0.03477524333333333	1.27954034724
2.677335072559302	0.03160439666666666	1.2825671240366667
2.679080401811296	0.03423883666666667	1.2853060323333332
2.6808257310632904	0.035246150000000004	1.2845531800666667
2.6825710603152837	0.03170350333333333	1.280152939513333
2.6843163895672792	0.03226488333333333	1.2803371066166664
2.6860617188192735	0.033398069999999995	1.2797635478033331
2.6878070480712677	0.03350433333333333	1.27750584595
2.689552377323262	0.03355817999999999	1.27789340995
2.691297706575256	0.03516476	1.2845174871966665
2.6930430358272504	0.03272936	1.2868815194066665
2.694788365079245	0.032285303333333334	1.2835299720933333
2.696533694331239	0.03685917	1.2769986420966666
2.6982790235832335	0.04154687666666666	1.2709641160833334
2.7000243528352272	0.03770915666666666	1.2643010945366666
2.701769682087222	0.035605943333333334	1.2669522812633334
2.703515011339216	0.040256143333333334	1.27816443911
2.7052603405912103	0.04266715	1.2847927942633333
2.7070056698432046	0.033842939999999995	1.2775896962066666
2.708750999095199	0.0300985	1.2743312886
2.710496328347194	0.03776984666666666	1.2805822282033335
2.712241657599188	0.04287878666666667	1.28073635782
2.7139869868511823	0.03518175333333333	1.2649989174099998
2.7157323161031766	0.032968399999999995	1.2561912171
2.7174776453551712	0.041038923333333324	1.2648257201499997
2.7192229746071654	0.044821856666666667	1.2769732883966667
2.7209683038591597	0.03695435666666667	1.2770890654166664
2.722713633111154	0.03462250333333333	1.2732753241399997
2.7244589623631486	0.04031023333333333	1.2666270999166667
2.7262042916151423	0.04298917666666666	1.2528511856966666
2.727949620867137	0.03694044	1.2339043795699998
2.729694950119131	0.03506587666666666	1.2252407728999999
2.7314402793711254	0.03853893333333333	1.2251373639366667
2.7331856086231197	0.040220016666666664	1.225034402993333
2.734930937875114	0.03686722	1.22362700161
2.736676267127109	0.03773181666666667	1.2312033624166665
2.738421596379103	0.03990758999999999	1.2407228986133334
2.7401669256310974	0.04124958666666666	1.24366739524
2.7419122548830916	0.04259110333333333	1.23892133831
2.743657584135086	0.04515	1.2338378073466667
2.7454029133870805	0.042388199999999994	1.2289999963266667
2.7471482426390748	0.04124011666666667	1.2316361081833334
2.748893571891069	0.04549624333333333	1.2387459577966666
2.750638901143063	0.04862672333333333	1.2387788557966666
2.7523842303950574	0.04149575666666666	1.2253270784033332
2.754129559647052	0.03764036	1.2180562573366667
2.755874888899046	0.043526943333333325	1.2241882714833334
2.7576202181510405	0.046464719999999994	1.227465490473333
2.7593655474030343	0.036241166666666665	1.214603943123333
2.761110876655029	0.032825099999999996	1.207162448273333
2.762856205907024	0.04227354666666667	1.2164972889133332
2.7646015351590183	0.04784483666666667	1.2276449194866665
2.7663468644110116	0.04006553	1.22463129175
2.768092193663006	0.03790056333333333	1.2205497014833333
2.769837522915	0.04541249	1.22180263978
2.7715828521669956	0.047323533333333334	1.2211814170866666
2.77332818141899	0.03561937999999999	1.2153590235133331
2.775073510670984	0.030904546666666664	1.22191825922
2.7768188399229783	0.037867381666666665	1.2397556743499998
2.7785641691749725	0.041184238666666664	1.2528763812033332
2.780309498426967	0.034955603333333335	1.2569068428066665
2.782054827678961	0.035655936666666666	1.2668102263999999
2.7838001569309556	0.041859483333333336	1.2766198686999999
2.7855454861829494	0.04427906666666667	1.2748000411299998
2.787290815434944	0.04049903	1.26214446092
2.7890361446869383	0.03960340333333333	1.2542166717033334
2.7907814739389325	0.040857420000000005	1.2540511693466665
2.7925268031909276	0.04172223666666666	1.2590351159966666
2.794272132442922	0.039427776666666664	1.2622977429166666
2.796017461694916	0.03941430333333333	1.26466053548
2.7977627909469107	0.038337289999999996	1.2624345488966666
2.799508120198905	0.03647491666666666	1.258391968
2.801253449450899	0.03574438	1.25430454367
2.8029987787028934	0.03645313	1.2501731677433332
2.8047441079548876	0.032132534666666664	1.24125535716
2.8064894372068823	0.031618919999999995	1.23955158544
2.808234766458876	0.037923076666666666	1.2505441123866667
2.8099800957108707	0.042835773333333334	1.2655500219266664
2.8117254249628645	0.03845008666666666	1.2722395934766664
2.813470754214859	0.03701148333333333	1.2783910522866666
2.8152160834668534	0.04154922	1.28429435787
2.8169614127188476	0.04207522666666667	1.2806620769466666
2.818706741970842	0.03177297	1.2646205038566665
2.820452071222836	0.027864617666666664	1.2572245618766664
2.8221974004748303	0.034950374333333326	1.2629070860966665
2.8239427297268254	0.03913409033333333	1.2659196497966667
2.8256880589788196	0.03188937666666666	1.25694797114
2.827433388230814	0.031592466666666666	1.2547946693533332
2.829178717482808	0.04248694333333333	1.2620395455366666
2.8309240467348022	0.048050529999999994	1.2591362447533332
2.832669375986797	0.03828086	1.2346071069233333
2.834414705238791	0.03544464333333333	1.2132680761899999
2.8361600344907854	0.04600985	1.2081013336866664
2.8379053637427796	0.049581013333333326	1.20594539314
2.839650692994774	0.03691180333333333	1.1970599189166666
2.841396022246768	0.032729086666666664	1.1993699771633333
2.8431413514987627	0.039894469999999994	1.2124718868733333
2.8448866807507565	0.04075578	1.2209138418966665
2.846632010002751	0.03168383333333333	1.22036685694
2.8483773392547453	0.030746076666666667	1.22365712804
2.8501226685067405	0.03711948333333333	1.22559595256
2.8518679977587347	0.040592793333333335	1.2193532250999999
2.853613327010729	0.036971156666666664	1.2099231294333332
2.855358656262723	0.03740394666666666	1.2144074509666667
2.8571039855147173	0.041381426666666665	1.23036667621
2.858849314766712	0.04168681666666666	1.2459885185733333
2.8605946440187062	0.035622299999999996	1.2531920201400002
2.8623399732707004	0.034013809333333325	1.258260853
2.8640853025226947	0.03461834666666666	1.2588150217333332
2.865830631774689	0.03458123	1.2549535727133332
2.8675759610266836	0.034990817	1.2480592179699999
2.8693212902786778	0.038113516666666666	1.2411764480933334
2.871066619530672	0.03707955333333333	1.23223307202
2.872811948782666	0.03763071666666666	1.231942379523333
2.87455727803466	0.04162224	1.24075729704
2.8763026072866555	0.04294493333333333	1.2464907594999999
2.8780479365386498	0.03618692333333333	1.2397941807233333
2.879793265790644	0.033624329999999994	1.2357404435833332
2.881538595042638	0.03661262666666666	1.240411553
2.8832839242946324	0.03647599333333333	1.2471520947999999
2.885029253546627	0.028256096666666664	1.2500506876966666
2.8867745827986213	0.025946957999999996	1.2607589838033333
2.8885199120506155	0.031602981	1.277016692763333
2.8902652413026098	0.03460960566666666	1.284636454853333
2.892010570554604	0.028175095666666667	1.2771117814
2.893755899806598	0.028353621333333332	1.2735420905566666
2.895501229058593	0.03876886	1.2770805513466665
2.8972465583105866	0.04427333666666666	1.27082581725
2.8989918875625813	0.034703859999999996	1.2485319676033333
2.900737216814575	0.031095886666666663	1.2392690808499998
2.9024825460665697	0.03950482333333333	1.25267892278
2.904227875318564	0.04056642733333333	1.2666077924266665
2.905973204570558	0.026669778666666664	1.2655862472666666
2.9077185338225524	0.023942949999999998	1.2688662395566666
2.9094638630745466	0.03527604066666667	1.27821150838
2.9112091923265417	0.03999083666666667	1.2737987843633332
2.912954521578536	0.031542259999999996	1.2466959870466665
2.91469985083053	0.03172670666666666	1.2184742893366665
2.916445180082525	0.042419240000000004	1.1986708293900001
2.918190509334519	0.044568673333333336	1.1829787745566667
2.9199358385865133	0.030584249999999997	1.1733873577133331
2.921681167838508	0.026642310000000002	1.1898325919866668
2.9234264970905017	0.03769980333333333	1.2232095051133334
2.9251718263424964	0.04056374333333333	1.2445186414033333
2.92691715559449	0.02855042333333333	1.2473592551733335
2.928662484846485	0.028249526666666663	1.2556937711333331
2.930407814098479	0.039626699999999994	1.2631295293033333
2.9321531433504733	0.04268361	1.2473501544399999
2.9338984726024675	0.03357346666666666	1.2120119225333332
2.9356438018544617	0.031804186666666664	1.1910457918
2.937389131106457	0.03733129333333333	1.1948314645566667
2.939134460358451	0.038146983333333336	1.2115224313733333
2.9408797896104453	0.03093478333333333	1.2287146392
2.9426251188624395	0.02990623	1.2527283116166665
2.9443704481144337	0.033597409999999994	1.2813785773
2.9461157773664284	0.03403244666666666	1.3042732007166666
2.9478611066184226	0.02919591333333333	1.3068867165
2.949606435870417	0.028618096666666665	1.2886769932233335
2.951351765122411	0.03039803333333333	1.2560736095666665
2.9530970943744053	0.031104866666666665	1.2282621167199999
2.9548424236264	0.028930676666666662	1.21531670004
2.956587752878394	0.030597100000000002	1.21557405142
2.9583330821303884	0.03309438666666667	1.2181960757933334
2.960078411382382	0.03449342333333333	1.2288974526166665
2.961823740634377	0.03412273333333333	1.25303688799
2.963569069886372	0.03511852	1.2833959930466667
2.965314399138366	0.033354659999999994	1.2977753286133331
2.9670597283903604	0.03241383	1.2923709857399999
2.9688050576423537	0.032468156666666664	1.2757528861933332
2.970550386894349	0.03239465333333333	1.2604497896266667
2.9722957161463435	0.02842571	1.24863079716
2.9740410453983377	0.027267213333333335	1.2443012320466664
2.975786374650332	0.029100406666666665	1.2429169635366666
2.977531703902326	0.02974808333333333	1.2428782327499999
2.9792770331543204	0.024771566666666665	1.2473207708
2.981022362406315	0.024744196666666666	1.2653042831999999
2.982767691658309	0.030499246666666667	1.28210976477
2.9845130209103035	0.03367315	1.2775582807833334
2.9862583501622977	0.028680893333333332	1.2546695823099998
2.988003679414292	0.02914286333333333	1.2468784379466666
2.989749008666286	0.036940459999999994	1.2589400475333332
2.9914943379182812	0.03888137666666667	1.2612480515533333
2.9932396671702755	0.027698886666666662	1.2376725799700001
2.9949849964222697	0.025600206666666667	1.2203490485766668
2.996730325674264	0.037016452666666665	1.2241487073933333
2.9984756549262586	0.04054356666666667	1.2261941878566667
3.000220984178253	0.02891563	1.2105864752133333
3.001966313430247	0.029519603333333328	1.2012110079166667
3.0037116426822412	0.04394501666666667	1.20572663679
3.0054569719342354	0.04624772	1.2076628353666667
3.00720230118623	0.029143896666666662	1.20276263375
3.008947630438224	0.023717583333333334	1.2163934955833333
3.0106929596902186	0.034110211333333335	1.2438892867833333
3.0124382889422123	0.03377570233333333	1.2560669378466667
3.014183618194207	0.01803417	1.25167845114
3.015928947446201	0.017730962999999995	1.2650176646966664
3.0176742766981954	0.03225114	1.2922040289166665
3.0194196059501897	0.037862396666666666	1.3011840892366664
3.021164935202184	0.02871116933333333	1.28558628319
3.022910264454178	0.02768146433333333	1.28063725293
3.024655593706173	0.03734208666666666	1.2976301778866666
3.0264009229581674	0.03610948333333333	1.3118622585066666
3.0281462522101616	0.01769451533333333	1.3066414943433333
3.029891581462156	0.015260708	1.30350010505
3.03163691071415	0.03062398033333333	1.3025824225666667
3.0333822399661448	0.03382945133333333	1.2870590826333332
3.035127569218139	0.022541246666666667	1.2656809404499998
3.036872898470133	0.027071075666666666	1.2661773515499999
3.0386182277221274	0.04431345666666667	1.2757040472733332
3.040363556974122	0.04697904	1.2664403903933332
3.042108886226116	0.027153943333333336	1.2439531770133334
3.0438542154781105	0.02074404	1.2532735378966668
3.0455995447301047	0.037093143333333335	1.29160128686
3.047344873982099	0.038934699999999996	1.3001374273233333
3.049090203234093	0.017157472666666666	1.2604189637466665
3.0508355324860883	0.017051383	1.2321460680733334
3.0525808617380825	0.03917436999999999	1.2376759710433334
3.0543261909900767	0.04676098666666667	1.2413018615966664
3.056071520242071	0.03444265333333333	1.2226273932366665
3.057816849494065	0.0335911	1.2113682116333333
3.05956217874606	0.04609245666666667	1.22790157766
3.061307507998054	0.04420888666666667	1.2632848015399998
3.0630528372500487	0.022508069999999998	1.29916128033
3.0647981665020425	0.019966447999999998	1.3315429428166667
3.0665434957540367	0.03618788333333334	1.33613436982
3.0682888250060314	0.035644595333333334	1.2971941772766666
3.0700341542580256	0.01961808	1.24815982051
3.07177948351002	0.02444882	1.2402728374333334
3.073524812762014	0.04510976	1.2628561464199999
3.075270142014008	0.04783536	1.2758442307866666
3.0770154712660034	0.026039073333333333	1.2788759177233333
3.0787608005179976	0.021316373333333333	1.31692183886
3.080506129769992	0.037714399999999995	1.3851668303799998
3.082251459021986	0.03660510333333333	1.4319448503733334
3.0839967882739803	0.018351383	1.4400854552666664
3.085742117525975	0.01835566433333333	1.4334668631966665
3.087487446777969	0.029334034999999998	1.4071915274566664
3.0892327760299634	0.03535138	1.3550606531966667
3.0909781052819576	0.031331026666666664	1.2922089952699998
3.092723434533952	0.03096500333333333	1.2549366786166667
3.094468763785946	0.046734856666666665	1.2607778460399999
3.0962140930379407	0.05079383999999999	1.28000449926
3.0979594222899345	0.023060986666666665	1.2906201355499998
3.099704751541929	0.020444846666666662	1.34451570463
3.101450080793923	0.04835401	1.4381041633533331
3.1031954100459176	0.04507770666666666	1.4715334587033333
3.104940739297912	0.017586571666666665	1.3989111431033332
3.106686068549906	0.021760993333333332	1.2937995981333335
3.1084313978019003	0.04536298333333333	1.24475524109
3.1101767270538954	0.050087933333333334	1.2934019197833333
3.1119220563058896	0.03337739666666667	1.3923323491500001
3.113667385557884	0.033618666666666665	1.4447455598166665
3.1154127148098785	0.05482481	1.4128996634999997
3.1171580440618727	0.051636249999999995	1.3832637916999997
3.118903373313867	0.019493528	1.472311114873333
3.120648702565861	0.0161758304	1.6623070076933333
3.122394031817856	0.04490366999999999	1.7497391248166667
3.1241393610698496	0.04962100333333333	1.5990913339066666
3.1258846903218442	0.018550860333333336	1.3978110789699998
3.127630019573838	0.020231243333333333	1.4627838021166666
3.1293753488258327	0.06369598	1.7523603445666665
3.131120678077827	0.06634959666666665	1.8797917485133333
3.132866007329821	0.045067046666666666	1.7279817496333332
3.1346113365818153	0.06188163333333333	1.7648640312300001
3.1363566658338096	0.05190482666666666	2.6466253167966665
3.1381019950858047	0.05148841999999999	4.55765983128
3.139847324337799	0.24336125333333336	6.77272903342
3.141592653589793	0.6450889333333333	8.053201083443332