# O(3P)+CO2(000; j=0) -> O(3P)+CO2(000; j') scattering, statistically averaged (3A2+3B2+3B1) potential energy surfaces
# Differential cross sections; packaged by M. Gacesa (marko.gacesa@nasa.gov), Apr 30 2019
# E = 1.88952 eV
# theta(rad)                 elastic DCS                total DCS (both in units of 1E-16 cm^2/Sr)
0.	3.160678333333333e6	3.233218012715327e6
0.0017453292519943296	2.2847796666666665e6	2.3308260542733334e6
0.003490658503988659	869196.7333333334	880483.303856
0.005235987755982989	216917.16666666666	222127.512131
0.006981317007977318	82111.67666666667	89361.57370623332
0.008726646259971648	55942.153333333335	61971.65213740333
0.010471975511965978	40609.99666666666	44517.49298246666
0.012217304763960305	18920.336666666662	21960.80190473333
0.013962634015954637	10711.094	14198.835138483333
0.015707963267948967	13209.548999999999	16186.429269136666
0.017453292519943295	10313.482	12095.186845883334
0.019198621771937624	5522.651	7169.749350629999
0.020943951023931956	3418.2773333333325	5521.850258526666
0.02268928027592628	3279.025666666667	5328.614714113333
0.02443460952792061	3401.9960333333333	4820.318663503333
0.02617993877991494	1960.1219999999998	2913.2464420700003
0.027925268031909273	771.7935600000001	1886.4680360533334
0.029670597283903602	990.2839	2274.5355071799995
0.031415926535897934	1225.3365333333331	2233.0825717666667
0.03316125578789226	912.7673666666666	1610.4604755
0.03490658503988659	407.8991833333333	1097.4245452903333
0.03665191429188092	189.70577333333335	1006.5130468259999
0.03839724354387525	356.3871	1122.057353232
0.040142572795869566	390.5663666666667	908.8225162496667
0.04188790204786391	200.34475333333333	582.3609529866667
0.043633231299858244	83.71536333333333	543.0351642523333
0.04537856055185256	105.01914	631.7095667946667
0.047123889803846894	161.95398	613.398824158
0.04886921905584122	137.49087666666665	459.3177061946667
0.05061454830783555	61.76307333333333	328.34538664400003
0.05235987755982988	47.010099999999994	340.701321072
0.054105206811824215	65.3571	368.0468593993333
0.05585053606381855	72.34862666666666	329.44795833066667
0.05759586531581287	65.84266333333332	280.73617709166666
0.059341194567807204	49.21494666666666	254.6508190253333
0.061086523819801536	52.575176666666664	256.47249611133327
0.06283185307179587	56.31694333333333	241.23808217833334
0.0645771823237902	39.72597666666667	197.57741300766668
0.06632251157578452	38.14497333333333	187.55852798433332
0.06806784082777885	42.94037	198.71920285066668
0.06981317007977318	40.15948333333333	194.01309124766664
0.0715584993317675	42.464666666666666	180.888692468
0.07330382858376185	35.36621999999999	156.475577376
0.07504915783575618	29.422916666666666	145.23889035499997
0.0767944870877505	35.28946666666666	154.92487590033332
0.07853981633974483	29.535119999999996	148.465152996
0.08028514559173913	23.397741	136.44992001999998
0.08203047484373349	26.738401999999997	132.27198875573333
0.08377580409572782	25.480157666666663	123.80270851449998
0.08552113334772216	27.70704333333333	123.38236932136665
0.08726646259971649	26.711999999999996	121.13863694646666
0.08901179185171079	17.016516	109.43818106406667
0.09075712110370512	16.713119	108.16644292793332
0.09250245035569944	18.873439666666663	106.43961352913334
0.09424777960769379	17.587872666666662	99.90093890366667
0.09599310885968812	20.405733333333334	100.67240475716666
0.09773843811168244	17.27385333333333	96.15953312030001
0.09948376736367677	13.363611	91.6632344715
0.1012290966156711	15.15537	92.83029297779999
0.10297442586766543	12.268476999999999	86.50374660349999
0.10471975511965977	11.198776666666667	83.01683795576665
0.10646508437165408	13.675433333333332	84.47172456253332
0.10821041362364843	11.414673333333333	79.99365782866666
0.10995574287564276	12.107543333333332	79.33957898746667
0.1117010721276371	12.24973	78.01183088286666
0.11344640137963143	7.705474333333332	71.5805469069
0.11519173063162574	7.7849613333333325	71.4000698265
0.11693705988362009	8.144248999999999	70.39269285009999
0.11868238913561441	6.7641746666666664	66.50046222089999
0.12042771838760875	9.010518333333332	67.44148135586667
0.12217304763960307	7.847998333333334	64.81239337053333
0.12391837689159738	5.316528999999999	61.53630018853333
0.12566370614359174	5.928849	62.106398109299995
0.12740903539558604	4.463751666666667	58.884900745500005
0.1291543646475804	4.30824	56.999811758166665
0.13089969389957473	6.180719333333333	57.88119553933333
0.13264502315156904	4.993448666666666	55.351281674933325
0.1343903524035634	5.269956666666666	55.23272849173333
0.1361356816555577	5.702646666666666	55.12648217179999
0.13788101090755206	3.8544509999999996	51.61098366016666
0.13962634015954636	4.326614333333334	50.87875829963333
0.1413716694115407	4.623765666666666	49.84943514086666
0.143116998663535	3.913494	47.724029873633334
0.14486232791552936	5.614565000000001	48.9507827798
0.1466076571675237	5.4893486666666655	48.01578553706666
0.148352986419518	4.305322666666667	45.6996838366
0.15009831567151236	4.6635583333333335	45.037282698166656
0.15184364492350666	3.6643109999999997	42.37934784323333
0.153588974175501	3.6615446666666664	41.12164499033333
0.15533430342749535	5.395349	42.50158115326666
0.15707963267948966	4.9093426666666655	41.731435505966665
0.158824961931484	4.649529	41.381823668399996
0.16057029118347826	4.667535	40.72716929623333
0.16231562043547265	3.3860959999999993	37.919798287566664
0.16406094968746698	3.7964726666666664	37.39225753586666
0.16580627893946132	4.634022	38.1046250247
0.16755160819145565	3.9635073333333333	37.88846071073333
0.16929693744344992	4.132964666666666	38.719974600533334
0.1710422666954443	3.839728666666667	37.87111244673333
0.17278759594743864	3.0205466666666667	35.533914031
0.17453292519943298	3.372423	34.758151780666665
0.17627825445142725	3.1723993333333333	34.187808457466666
0.17802358370342158	2.593417333333333	34.20681513586666
0.17976891295541597	2.8908159999999996	35.23621574163333
0.18151424220741025	2.624407	34.45506148063333
0.18325957145940458	2.5303776666666664	33.0178110855
0.18500490071139888	2.661341	31.886239058866668
0.18675022996339324	1.9219496666666667	30.520375152899994
0.18849555921538758	1.617431	30.580670739433334
0.1902408884673819	1.9175959999999999	31.37035541483333
0.19198621771937624	1.8562166666666666	31.041395282466667
0.19373154697137057	2.1812606666666663	30.586411894466664
0.19547687622336488	2.049286	29.5162131133
0.19722220547535924	1.2898885333333334	28.148138537366666
0.19896753472735354	1.2477638999999998	28.05924013916667
0.2007128639793479	1.4984323333333331	28.311630765866667
0.2024581932313422	1.6480463333333333	28.22796454183333
0.20420352248333656	2.0797076666666667	28.203930367699996
0.20594885173533087	1.819378	27.25611758553333
0.20769418098732523	1.3458719666666668	26.126310357833333
0.20943951023931953	1.5562226666666663	25.774691191966667
0.2111848394913139	1.8337773333333331	25.544635055833332
0.21293016874330817	2.0677196666666666	25.450145954
0.21467549799530256	2.3769150000000003	25.45097887543333
0.21642082724729686	2.0583633333333333	24.666621988666666
0.2181661564992912	1.7618233333333333	23.795885580566665
0.21991148575128552	2.0098556666666667	23.374194920766662
0.22165681500327983	2.2130656666666666	23.102903815333327
0.2234021442552742	2.2139943333333334	23.0571691286
0.22514747350726852	2.1648343333333333	23.099010330766667
0.22689280275926285	1.7877489999999998	22.651810894866664
0.22863813201125716	1.5570966666666666	22.111931916366665
0.2303834612632515	1.7306453333333334	21.834216017633338
0.23212879051524585	1.8190019999999998	21.7183654647
0.23387411976724018	1.5827763333333333	21.670083660333336
0.23561944901923448	1.3230389999999999	21.651115997799998
0.23736477827122882	1.0543347	21.33621567573333
0.23911010752322315	1.0085425333333333	20.9366203339
0.2408554367752175	1.1994087333333332	20.739037718333336
0.24260076602721184	1.2197429333333332	20.6641853932
0.24434609527920614	0.9499385333333334	20.58893697463333
0.24609142453120048	0.7590207	20.516318144299998
0.24783675378319475	0.6742672000000001	20.146914998066666
0.24958208303518917	0.7971410333333333	19.739947559
0.25132741228718347	0.9686254333333333	19.551095492
0.2530727415391778	0.8752797333333332	19.465816545466666
0.2548180707911721	0.6451979333333333	19.48418467533333
0.25656340004316636	0.5949719333333332	19.48874040606666
0.2583087292951608	0.6668302333333334	19.098569277699998
0.26005405854715513	0.9101620333333333	18.6857644611
0.26179938779914946	1.0113917333333333	18.398100581966666
0.2635447170511437	0.8338424333333334	18.211838999066664
0.26529004630313807	0.7098867333333333	18.311560464699998
0.26703537555513246	0.7764565666666666	18.371600965533332
0.2687807048071268	0.9946288000000001	18.0631333721
0.270526034059121	1.3603549999999998	17.771900421566666
0.2722713633111154	1.336515	17.3637954717
0.2740166925631097	1.0587193	17.055159405066664
0.2757620218151041	1.0037943666666664	17.200985204600002
0.27750735106709834	1.0686893333333334	17.266518015866666
0.2792526803190927	1.31501	17.094204473233333
0.280998009571087	1.6821913333333331	16.939100539566667
0.2827433388230814	1.453382	16.352246022566668
0.2844886680750758	1.0251066333333334	15.845178974999998
0.28623399732707	0.9206951999999999	15.891541440933333
0.28797932657906433	0.8810598666666666	15.9318204243
0.2897246558310587	1.0589917999999998	16.008966150266666
0.291469985083053	1.3343826666666667	16.1044056997
0.2932153143350474	1.0242363	15.561542178433331
0.29496064358704166	0.6512709999999999	15.0072187508
0.296705972839036	0.5578944	14.808423080466667
0.2984513020910303	0.47146226666666663	14.640092291633332
0.3001966313430247	0.6139893666666666	14.819124796466667
0.301941960595019	0.7822433333333333	15.079650122766667
0.3036872898470133	0.5345769333333333	14.786176792766668
0.30543261909900765	0.40699083333333325	14.4580585555
0.307177948351002	0.41029610000000005	14.089458379733333
0.3089232776029963	0.3595166333333333	13.652093215633332
0.3106686068549907	0.5059396	13.693978676566667
0.312413936106985	0.5581479333333332	13.849025623866666
0.3141592653589793	0.3738243333333333	13.746902237066667
0.31590459461097364	0.43296133333333336	13.736592135533332
0.317649923862968	0.4916379333333333	13.438173904066666
0.3193952531149623	0.49752336666666663	13.0183888894
0.32114058236695653	0.6233882333333333	12.988028886566667
0.32288591161895097	0.5475235666666667	12.969195001
0.3246312408709453	0.4036952333333333	12.948062467933333
0.32637657012293964	0.532429	13.089792309699998
0.32812189937493397	0.5929189666666665	12.851243532533333
0.32986722862692824	0.6777065666666667	12.5454590063
0.33161255787892263	0.7741814333333333	12.445925789199999
0.3333578871309169	0.5994176333333333	12.255042207333332
0.3351032163829113	0.5112755	12.297384791433332
0.3368485456349056	0.6463832333333334	12.534327363
0.33859387488689985	0.6585936666666666	12.402307241266666
0.34033920413889424	0.7735978666666666	12.2699505154
0.3420845333908886	0.8204018	12.106363864266665
0.3438298626428829	0.5994342333333332	11.733042640433332
0.3455751918948773	0.5652523333333332	11.694048960333333
0.34732052114687156	0.6636059333333333	11.840929900033332
0.34906585039886595	0.6001906333333333	11.756163211866665
0.3508111796508603	0.6569545666666666	11.786126525133334
0.3525565089028545	0.6087397666666666	11.649389194033333
0.3543018381548489	0.38941889999999996	11.259855786566664
0.35604716740684317	0.3989311	11.134921444306665
0.35779249665883756	0.4692600333333333	11.092874285933334
0.35953782591083194	0.4331662666666666	11.002944253539997
0.3612831551628262	0.4986059333333333	11.141407670356665
0.3630284844148205	0.4037440666666666	11.08182587747
0.3647738136668149	0.237158	10.830189718756666
0.36651914291880916	0.27205786666666665	10.702381620636666
0.36826447217080355	0.3056424333333333	10.4943485583
0.37000980142279777	0.34596056666666664	10.366640829286666
0.3717551306747922	0.47228363333333334	10.514101361153331
0.3735004599267865	0.3783901666666667	10.485890335333332
0.3752457891787809	0.2702846666666666	10.388994379549999
0.37699111843077515	0.3001666333333333	10.312263121473332
0.3787364476827695	0.28001119999999996	10.029467951403333
0.3804817769347638	0.34772406666666666	9.862469150326666
0.38222710618675815	0.48322399999999993	9.937049042393333
0.3839724354387525	0.39577263333333335	9.912920516233331
0.38571776469074687	0.3332499666666666	9.976675669139999
0.38746309394274114	0.3317323	10.016665743156667
0.3892084231947355	0.2602744	9.795398403493333
0.39095375244672975	0.31977483333333334	9.629555251553334
0.39269908169872414	0.4290337666666667	9.553828590976666
0.39444441095071847	0.3774408333333333	9.415986730793332
0.3961897402027128	0.3925011333333333	9.481925563033332
0.3979350694547071	0.38677239999999996	9.540510947256667
0.39968039870670136	0.2950873333333333	9.413694376399999
0.4014257279586958	0.34107696666666665	9.344543156739999
0.4031710572106902	0.4097110666666666	9.24465033279
0.4049163864626844	0.37550409999999995	9.075878511016665
0.4066617157146788	0.4365623666666667	9.12305603679
0.4084070449666731	0.4418941333333333	9.16362924607
0.41015237421866746	0.36735419999999996	9.101594527756667
0.41189770347066174	0.40319943333333336	9.086650885343333
0.413643032722656	0.42765146666666665	8.957210376893332
0.41538836197465046	0.37061446666666664	8.735857981616666
0.4171336912266447	0.3921038333333333	8.69113792164
0.41887902047863906	0.369433	8.686893221783333
0.42062434973063334	0.3156266333333333	8.71394936679
0.4223696789826278	0.33971246666666666	8.796080372316666
0.4241150082346221	0.3467957	8.727837222306666
0.42586033748661634	0.3131444	8.53310342517
0.4276056667386108	0.31856386666666664	8.389588074433334
0.4293509959906051	0.2746204666666666	8.260924828213334
0.43109632524259933	0.23604874	8.260281542089999
0.4328416544945937	0.23655758666666665	8.358731545889999
0.434586983746588	0.226478	8.368357614479999
0.4363323129985824	0.23816806666666662	8.292193877583331
0.43807764225057666	0.26964276666666664	8.159582551246666
0.43982297150257105	0.22949016666666666	7.942016058826667
0.44156830075456543	0.20108111666666667	7.831972077886668
0.44331363000655966	0.18359536333333332	7.832920608830001
0.445058959258554	0.15918021666666665	7.838857344203333
0.4468042885105484	0.19328486666666667	7.85579326804
0.44854961776254265	0.24576716666666668	7.815045743363332
0.45029494701453704	0.2199908	7.650187636959999
0.4520402762665313	0.2001635	7.536703713183333
0.4537856055185257	0.17598550000000002	7.50020063453
0.45553093477052	0.14596806666666665	7.508167886363333
0.4572762640225143	0.17934676666666666	7.569708370736667
0.45902159327450864	0.23740069999999996	7.582646141646667
0.460766922526503	0.2368304	7.4577224400099995
0.46251225177849725	0.2458247	7.320389331429999
0.4642575810304917	0.24394379999999996	7.213238532639999
0.46600291028248597	0.22518226666666666	7.17730260729
0.46774823953448036	0.24462193333333332	7.25435139534
0.4694935687864746	0.2786014	7.3515710213266665
0.47123889803846897	0.2627465333333333	7.339892139983332
0.4729842272904633	0.2678757666666667	7.258815217366667
0.47472955654245763	0.2912006333333333	7.127858755826666
0.4764748857944519	0.3073650333333333	7.005040211986666
0.4782202150464463	0.3332573	6.973232168309999
0.4799655442984406	0.3507612333333333	7.0171332774133335
0.481710873550435	0.295925	7.020420086730001
0.48345620280242924	0.24486566666666665	6.979233506200001
0.4852015320544237	0.2451584	6.896947322576667
0.48694686130641796	0.2711672666666667	6.78899210506
0.4886921905584123	0.3020204333333333	6.71623197719
0.49043751981040656	0.3290686333333333	6.725337915393333
0.49218284906240095	0.28695726666666665	6.735482672549999
0.4939281783143953	0.2246293666666667	6.7234377252033335
0.4956735075663895	0.20541399999999999	6.6806652925
0.4974188368183839	0.21614625999999998	6.587404781806666
0.49916416607037833	0.2220099733333333	6.47845478755
0.5009094953223726	0.2306991	6.44136553265
0.5026548245743669	0.20250366666666667	6.45150202572
0.5044001538263612	0.16385716666666666	6.493553804519999
0.5061454830783556	0.1487075333333333	6.524971480716666
0.5078908123303499	0.15194414666666667	6.484866894053333
0.5096361415823442	0.14777387333333333	6.3796306816333335
0.5113814708343385	0.13901748333333333	6.284456867549999
0.5131268000863327	0.11027230999999998	6.219446740746666
0.5148721293383272	0.09738479333333333	6.236180377386667
0.5166174585903216	0.09797998	6.299733458813333
0.5183627878423158	0.10623005999999999	6.333785228243333
0.5201081170943103	0.11851574666666666	6.321063432633334
0.5218534463463045	0.11406715999999997	6.26114530496
0.5235987755982989	0.08309155999999998	6.147545477746665
0.5253441048502931	0.09170866666666667	6.087518610793333
0.5270894341022874	0.11437098000000001	6.084227774476666
0.5288347633542818	0.13962826666666667	6.098293354426667
0.5305800926062761	0.18730433333333332	6.140181661313333
0.5323254218582705	0.2057007	6.14880095885
0.5340707511102649	0.17419191666666667	6.0625967827233325
0.5358160803622593	0.18719184666666666	5.99141355631
0.5375614096142536	0.20301276666666668	5.937021138443333
0.5393067388662478	0.20934343333333333	5.898013171643332
0.541052068118242	0.2614153333333333	5.942122037483333
0.5427973973702365	0.28902249999999996	5.984627173553332
0.5445427266222308	0.25503196666666667	5.928013579196667
0.5462880558742251	0.27498186666666663	5.87192825746
0.5480333851262194	0.2906656666666666	5.792315169779998
0.5497787143782138	0.2709839	5.7056369657233335
0.5515240436302082	0.29289466666666664	5.733945536283334
0.5532693728822025	0.28518696666666665	5.7922090421
0.5550147021341967	0.20588993333333333	5.7631043855833335
0.5567600313861911	0.2022232333333333	5.73531096015
0.5585053606381855	0.23163953333333334	5.66021825044
0.5602506898901798	0.23680783333333333	5.547152099093333
0.561996019142174	0.271374	5.539699688713334
0.5637413483941685	0.2580062666666666	5.575770699833333
0.5654866776461628	0.14992458666666666	5.551968547273333
0.5672320068981571	0.10281949666666668	5.547001341383333
0.5689773361501516	0.11105743333333332	5.498888997583333
0.5707226654021459	0.12711152666666664	5.404381230333333
0.57246799465414	0.17564631	5.3856932292433335
0.5742133239061344	0.18177636666666666	5.401287005176666
0.5759586531581287	0.10571565666666666	5.388007767243334
0.5777039824101231	0.06518479666666667	5.402713170529999
0.5794493116621174	0.054426633333333335	5.362781693083333
0.5811946409141118	0.05747716666666667	5.2710062763900005
0.582939970166106	0.09009114999999998	5.2246022865566655
0.5846852994181004	0.09276188666666665	5.196999704386666
0.5864306286700948	0.05918872333333333	5.185579035246667
0.5881759579220891	0.06360667233333334	5.23319719148
0.5899212871740833	0.06352179666666666	5.225238237789999
0.5916666164260775	0.06490865666666666	5.168985480733333
0.593411945678072	0.08278936666666666	5.1301181947
0.5951572749300664	0.06885077666666665	5.069015914956666
0.5969026041820606	0.06110048999999999	5.03110543975
0.5986479334340549	0.11719514333333332	5.070117841643333
0.6003932626860494	0.15641920999999998	5.064632487799999
0.6021385919380438	0.18495915666666665	5.0346014665
0.603883921190038	0.20396073333333334	5.018637301196667
0.6056292504420324	0.15854216666666665	4.948562995986666
0.6073745796940266	0.12403541666666665	4.8897514187499995
0.609119908946021	0.17415866666666663	4.911491029756666
0.6108652381980153	0.22208103333333332	4.907600352696666
0.6126105674500095	0.27854576666666664	4.91625979913
0.614355896702004	0.3283911666666666	4.952629955899999
0.6161012259539983	0.2855139	4.911232388689999
0.6178465552059926	0.2211928	4.845525357166666
0.6195918844579871	0.22204303333333333	4.8289850872199995
0.6213372137099814	0.21771216666666665	4.7867196457766665
0.6230825429619757	0.23937080000000002	4.7938917778766665
0.62482787221397	0.28505516666666664	4.869850868703333
0.6265732014659642	0.2555786666666666	4.88327309604
0.6283185307179586	0.19361049999999996	4.844526061996667
0.630063859969953	0.18098256666666668	4.800493892613333
0.6318091892219473	0.1614586	4.69812080144
0.6335545184739415	0.16319156666666665	4.649121645016666
0.635299847725936	0.19130078333333334	4.70876705043
0.6370451769779303	0.16224444666666665	4.767802672629999
0.6387905062299246	0.09997492666666666	4.800002300096667
0.6405358354819191	0.07953727666666667	4.798258279836666
0.6422811647339131	0.07050725	4.695378998703333
0.6440264939859075	0.08651843666666666	4.59344935224
0.6457718232379019	0.11477829	4.56783866772
0.6475171524898962	0.09745539666666665	4.5789234176399995
0.6492624817418906	0.05284221	4.6240959720633334
0.6510078109938849	0.03342687233333333	4.667345691066666
0.6527531402458793	0.030655579999999995	4.622547680933334
0.6544984694978735	0.05519647666666667	4.547714348616666
0.6562437987498679	0.07237767333333334	4.485240143463333
0.6579891280018623	0.055061226666666664	4.4446100058899995
0.6597344572538565	0.036276326666666664	4.47250796114
0.6614797865058508	0.036917922	4.531931495446667
0.6632251157578453	0.0481627	4.534338421903334
0.6649704450098396	0.08382721666666666	4.50663377157
0.6667157742618338	0.09072168	4.441215957226666
0.668461103513828	0.061648640000000005	4.357010675683332
0.6702064327658226	0.05610337666666666	4.341169040726666
0.6719517620178169	0.07621689333333333	4.375895736246666
0.6736970912698113	0.10246497666666665	4.391241792939999
0.6754424205218055	0.15280752	4.411845859806666
0.6771877497737997	0.15974622	4.391055321246666
0.6789330790257941	0.11667043	4.3192631273633335
0.6806784082777885	0.10559460666666666	4.28348938148
0.6824237375297828	0.12974640333333334	4.277717158709999
0.6841690667817772	0.1634333	4.258128614006666
0.6859143960337715	0.23065956666666665	4.275140997573333
0.6876597252857658	0.2547330666666666	4.28273637467
0.6894050545377601	0.20742373333333333	4.247273039333333
0.6911503837897546	0.1719424333333333	4.231011167956667
0.6928957130417489	0.16444536666666665	4.21801069377
0.6946410422937431	0.16716523333333333	4.16774142837
0.6963863715457373	0.22239493333333332	4.147623585706667
0.6981317007977319	0.2653707666666667	4.136746711479999
0.6998770300497262	0.24055683333333333	4.104892265596666
0.7016223593017206	0.20271893333333335	4.102485897609999
0.7033676885537148	0.1706856	4.11173731593
0.705113017805709	0.132995	4.083226520326666
0.7068583470577035	0.14611191333333334	4.069160081896666
0.7086036763096978	0.17662780333333333	4.05410974673
0.710349005561692	0.16611443333333334	4.008218861786666
0.7120943348136863	0.13922711666666665	3.9753916823199997
0.7138396640656808	0.11146893333333333	3.9607532062799997
0.7155849933176751	0.07199510333333334	3.935879781363333
0.7173303225696694	0.06712348666666666	3.94328510125
0.7190756518216639	0.08134669333333333	3.9617755633566665
0.7208209810736581	0.07305060333333332	3.94761074907
0.7225663103256524	0.054044583333333326	3.9143197362300004
0.7243116395776467	0.03812651	3.870181934113333
0.726056968829641	0.018484027333333333	3.8147250834533333
0.7278022980816354	0.023310646666666664	3.8023803292
0.7295476273336298	0.03488254666666667	3.8265114081066667
0.7312929565856241	0.029792313333333334	3.850149556683333
0.7330382858376183	0.021825626666666667	3.8589788377633334
0.7347836150896128	0.020836210666666667	3.8334131313033333
0.7365289443416071	0.02133297666666667	3.7682041319299993
0.7382742735936013	0.04167314	3.7234409360833327
0.7400196028455955	0.05709575333333333	3.717636619746667
0.7417649320975901	0.05148472333333333	3.7442617971966663
0.7435102613495844	0.04510129666666666	3.790691521583333
0.7452555906015788	0.047889971	3.81221109679
0.747000919853573	0.05376620666666666	3.771647756506667
0.7487462491055674	0.08064119333333332	3.710501003613333
0.7504915783575618	0.10296083	3.6609362064699997
0.752236907609556	0.09981508666666666	3.6487823275666664
0.7539822368615503	0.09028924666666667	3.6912254178799992
0.7557275661135445	0.08928029	3.7547179180666665
0.757472895365539	0.09097965333333333	3.7775015572399995
0.7592182246175333	0.11400822	3.7598263637366665
0.7609635538695276	0.13840046	3.7126506532866665
0.7627088831215221	0.13616448999999997	3.6594489683300004
0.7644542123735163	0.11883678666666667	3.6385438717099996
0.7661995416255106	0.11071500666666667	3.6609226418766667
0.767944870877505	0.11104874666666666	3.6865434100099996
0.7696902001294994	0.13564549333333334	3.69895537727
0.7714355293814937	0.16888859999999997	3.6867403529666665
0.773180858633488	0.17419136666666662	3.64759836889
0.7749261878854823	0.14688643333333334	3.6045915206899997
0.7766715171374765	0.11893903333333333	3.59340971012
0.778416846389471	0.10331147333333335	3.6051091709233334
0.7801621756414653	0.11691356666666666	3.6238692629966662
0.7819075048934595	0.1516037	3.62904060487
0.7836528341454538	0.1708852	3.601579122273333
0.7853981633974483	0.15104109999999998	3.541991109163333
0.7871434926494427	0.11682486666666665	3.492309253423333
0.7888888219014369	0.08795542333333334	3.472713188226667
0.7906341511534312	0.08089346333333333	3.482559844893333
0.7923794804054256	0.09493290666666666	3.504801868943333
0.7941248096574199	0.10878062333333334	3.5123791734099994
0.7958701389094142	0.09684957999999999	3.4789686235766664
0.7976154681614087	0.07176669666666666	3.426321832196667
0.7993607974134027	0.04828216333333333	3.3802917166166666
0.8011061266653973	0.039469236666666664	3.3592255902700003
0.8028514559173916	0.04513436333333333	3.368426302533333
0.8045967851693858	0.05367349999999999	3.393460158206667
0.8063421144213804	0.046870328999999995	3.3978645849433335
0.8080874436733746	0.03204535	3.3785658067833326
0.8098327729253688	0.015965483333333336	3.341553006553333
0.8115781021773631	0.012395955333333333	3.3039878641666665
0.8133234314293576	0.02458913	3.2895169895433334
0.815068760681352	0.038336173333333334	3.3031798596766664
0.8168140899333463	0.036097986666666665	3.3175711519999997
0.8185594191853405	0.02876961	3.326580342253333
0.8203047484373349	0.018832146333333334	3.3185369350033334
0.8220500776893291	0.019333312999999998	3.293354781743333
0.8237954069413235	0.041639466666666666	3.27699146654
0.8255407361933177	0.06620642333333333	3.2834635114633333
0.827286065445312	0.06608810999999999	3.2937722519733335
0.8290313946973066	0.05898547666666666	3.313825097153333
0.8307767239493009	0.049556452	3.3281752577299994
0.8325220532012951	0.044220993333333326	3.31495423135
0.8342673824532894	0.06266955999999999	3.291594167863333
0.8360127117052839	0.08970204999999999	3.2749323133
0.8377580409572781	0.08850425333333334	3.2514874671166667
0.8395033702092725	0.08187739666666667	3.2503900862866666
0.8412486994612667	0.08137561	3.275617960243333
0.8429940287132611	0.07914968333333333	3.2919455118966665
0.8447393579652556	0.09220371666666667	3.2993366335266665
0.8464846872172498	0.11530901666666667	3.304932743743333
0.8482300164692442	0.10529169	3.2780908303566663
0.8499753457212386	0.08536378	3.2476869147999996
0.8517206749732327	0.08123667666666667	3.2393990404966666
0.853466004225227	0.07757783666666666	3.2235349494066665
0.8552113334772216	0.08371411000000001	3.20286971164
0.8569566627292158	0.10913418999999999	3.2038759629399998
0.8587019919812102	0.10935186	3.1966558153766664
0.8604473212332044	0.09172296999999999	3.192383374163333
0.8621926504851987	0.08474599666666667	3.210637025763333
0.8639379797371932	0.07220431999999999	3.20776730974
0.8656833089891874	0.05700011666666666	3.1681372012233333
0.8674286382411818	0.06738547	3.1316892117466666
0.869173967493176	0.07379800333333333	3.0914453122066665
0.8709192967451702	0.06840328666666667	3.0637572495033334
0.8726646259971648	0.07071520333333334	3.0788983608400002
0.8744099552491591	0.06514140333333333	3.0992141113566665
0.8761552845011533	0.045579449999999994	3.088661616403333
0.8779006137531478	0.04363037333333333	3.069110840213333
0.8796459430051421	0.04526600333333333	3.0301805157799997
0.8813912722571363	0.040333622666666666	2.98348152743
0.8831366015091309	0.042758023333333325	2.9694892983166667
0.8848819307611251	0.04296351333333333	2.97639270407
0.8866272600131193	0.032256799999999995	2.976488987823333
0.8883725892651138	0.03350975666666667	2.980086720973333
0.890117918517108	0.03503996333333333	2.9630799311099993
0.8918632477691024	0.029539605666666666	2.9232134831466663
0.8936085770210968	0.029716995999999996	2.8981250879866662
0.895353906273091	0.029994283333333333	2.8917011986366665
0.8970992355250853	0.02551457	2.894364727493333
0.8988445647770799	0.03445295333333333	2.920684812196666
0.9005898940290741	0.04008635333333333	2.9347566400200003
0.9023352232810684	0.03683758333333333	2.914472110226666
0.9040805525330626	0.03969693	2.8837162535466665
0.9058258817850569	0.039573769999999994	2.8446336596
0.9075712110370514	0.03219375666666666	2.804903265546667
0.9093165402890456	0.043036716666666655	2.8131445645566666
0.91106186954104	0.05532984999999999	2.8531528644
0.9128071987930344	0.05947401333333333	2.891401962353333
0.9145525280450286	0.07289293	2.9267867020300002
0.9162978572970231	0.07940456666666668	2.926316788
0.9180431865490173	0.06377490666666666	2.868375966146667
0.9197885158010117	0.06283967333333332	2.81676367709
0.921533845053006	0.07204406999999999	2.7962880104533334
0.9232791743050003	0.07308516333333333	2.79631338556
0.9250245035569945	0.08348246333333334	2.8312553913966667
0.9267698328089891	0.09388004000000001	2.8715354695866666
0.9285151620609834	0.07888984333333332	2.863250056503333
0.9302604913129776	0.07435222999999999	2.8405193989099997
0.9320058205649719	0.08727478666666666	2.8276967211499997
0.9337511498169662	0.08728756333333333	2.8124075993166664
0.9354964790689607	0.08105083666666665	2.817392608033333
0.9372418083209549	0.07636445666666666	2.843950561246667
0.9389871375729492	0.05459939	2.843570116606667
0.9407324668249435	0.043470483333333323	2.8265176473066664
0.9424777960769379	0.05687669666666667	2.8077209333666664
0.9442231253289324	0.06546070666666667	2.77394832688
0.9459684545809266	0.06303815666666666	2.752051611383333
0.9477137838329208	0.05935179333333333	2.769604264443333
0.9494591130849153	0.040733363333333335	2.796149014876667
0.9512044423369096	0.026256439666666662	2.8259430349166665
0.9529497715889038	0.03150838133333333	2.84940262788
0.9546951008408984	0.038623155	2.83170797305
0.9564404300928926	0.041884934666666665	2.7851993714166667
0.9581857593448869	0.046086749999999996	2.7492319979733333
0.9599310885968813	0.034509113333333334	2.7236401802733328
0.9616764178488755	0.02307224433333334	2.7293674396666665
0.96342174710087	0.028646928000000002	2.77078158511
0.9651670763528643	0.03562764399999999	2.799713544633333
0.9669124056048585	0.039265996	2.7966278073699997
0.9686577348568528	0.047045376666666666	2.7809299984266667
0.9704030641088474	0.040366353333333334	2.7472161085
0.9721483933608416	0.03107853333333333	2.7241518709699997
0.9738937226128359	0.03891235	2.7418338768499995
0.9756390518648301	0.046626273333333336	2.7672205586699996
0.9773843811168246	0.04474092666666667	2.7722908124299996
0.9791297103688189	0.048144309999999996	2.7690500608399997
0.9808750396208131	0.04286612666666667	2.7431704731633335
0.9826203688728073	0.033159546666666664	2.7093508828566666
0.9843656981248019	0.03994046	2.7075584679933336
0.9861110273767961	0.050614873333333324	2.7270205630833333
0.9878563566287906	0.05090555	2.74367859309
0.9896016858807848	0.05623296333333334	2.76568150695
0.991347015132779	0.054917049999999995	2.767626206833333
0.9930923443847736	0.04324458333333332	2.7389189492333337
0.9948376736367678	0.04268591333333333	2.7129837166499997
0.9965830028887621	0.04923302333333333	2.6982068093133336
0.9983283321407567	0.04863841666666666	2.6880045251166664
1.0000736613927508	0.05943073	2.7075145523833335
1.0018189906447452	0.07350428666666667	2.7392937671433337
1.0035643198967397	0.07421039	2.7492678546866665
1.0053096491487339	0.07492582666666667	2.7447669594699997
1.007054978400728	0.07625288333333333	2.7276786301766665
1.0088003076527223	0.061748529999999996	2.6885835619566665
1.0105456369047165	0.05563668	2.66604738057
1.0122909661567112	0.06640561333333334	2.6722625182933335
1.0140362954087054	0.07138851333333332	2.6770076772866664
1.0157816246606999	0.07274925333333333	2.67753071823
1.017526953912694	0.08136551666666667	2.6813474642166666
1.0192722831646883	0.07920984333333332	2.67199979976
1.0210176124166828	0.07418222333333332	2.66858775085
1.022762941668677	0.07858469333333332	2.6855171579099997
1.0245082709206712	0.07345738333333332	2.692626265726666
1.0262536001726654	0.05317128	2.6733820579099996
1.02799892942466	0.042697030000000004	2.643677384523333
1.0297442586766543	0.04037525333333333	2.602924590573333
1.0314895879286488	0.03988758666666666	2.5671423713199997
1.0332349171806432	0.045464693333333334	2.5617285320566663
1.0349802464326374	0.04904206666666667	2.58120136375
1.0367255756846316	0.03954225333333333	2.6054982217499996
1.0384709049366259	0.031190386666666667	2.628204540493333
1.0402162341886205	0.028535949999999997	2.6309015580499997
1.041961563440615	0.025896033333333335	2.608237207453333
1.043706892692609	0.022768929666666663	2.57608296416
1.0454522219446034	0.021554251999999996	2.549650930713333
1.0471975511965979	0.018172057566666667	2.534474548506666
1.048942880448592	0.016127210033333332	2.5332037248233332
1.0506882097005863	0.015629057666666668	2.5295089785433333
1.0524335389525805	0.017988492	2.5158777651466666
1.0541788682045747	0.02239608956666667	2.498185846103333
1.0559241974565694	0.025523515	2.4824222807266665
1.0576695267085636	0.024088797333333332	2.4763654459366666
1.059414855960558	0.024033799999999998	2.4915390397399997
1.0611601852125523	0.02474556	2.5122454342566667
1.0629055144645467	0.029035746666666667	2.5200992420366664
1.064650843716541	0.03884349666666666	2.508440537733333
1.0663961729685352	0.04588534	2.4722860311733332
1.0681415022205298	0.04084786666666666	2.418863189453333
1.069886831472524	0.033929440000000005	2.383054990446667
1.0716321607245185	0.029867433333333335	2.3789878508299998
1.0733774899765127	0.029596816666666664	2.3968715334899997
1.0751228192285072	0.03761113333333333	2.4241052024166665
1.0768681484805014	0.05093572999999999	2.4418651901299997
1.0786134777324956	0.05528743	2.4295891402399996
1.0803588069844898	0.05380220333333333	2.401463666463333
1.082104136236484	0.05055693666666666	2.377837008166667
1.0838494654884787	0.04375437333333333	2.3649481242499997
1.085594794740473	0.03882380333333333	2.3672169577233335
1.0873401239924672	0.04374324	2.3841943595866666
1.0890854532444616	0.049173466666666665	2.3938926556699998
1.0908307824964558	0.05330726	2.387926333283333
1.0925761117484503	0.058075070000000006	2.3723895035633333
1.0943214410004445	0.05781206	2.35246801245
1.0960667702524387	0.05200780333333333	2.3380043960233334
1.0978120995044334	0.052673880000000006	2.3457452957233333
1.0995574287564276	0.05599124666666666	2.3673127746200002
1.101302758008422	0.05721153666666666	2.3854486512533333
1.1030480872604165	0.058955839999999995	2.39079317833
1.1047934165124107	0.058180076666666664	2.3786491185933327
1.106538745764405	0.05056494	2.351759912526666
1.1082840750163991	0.049949513333333334	2.3345785377799997
1.1100294042683934	0.058480399999999995	2.3400256690833334
1.111774733520388	0.06528842333333332	2.36000631213
1.1135200627723822	0.06724864666666666	2.3812767554933334
1.1152653920243765	0.06572009666666667	2.3927403454766667
1.117010721276371	0.05467690666666667	2.3807484797633336
1.1187560505283651	0.044262403333333325	2.3535190732633335
1.1205013797803596	0.04448364666666666	2.33038771815
1.1222467090323538	0.04792186333333333	2.320774730623333
1.123992038284348	0.047657740000000004	2.3247530351766663
1.1257373675363422	0.05031754	2.3435325798966664
1.127482696788337	0.050958826666666665	2.3619087847066664
1.1292280260403311	0.04614217466666666	2.3643672162266665
1.1309733552923256	0.042199706000000003	2.352143394583333
1.13271868454432	0.039808828	2.3354745757333335
1.1344640137963142	0.03245525733333333	2.3195182883999994
1.1362093430483085	0.028295427999999997	2.3150729153899996
1.1379546723003031	0.029723120999999998	2.320328432193333
1.139700001552297	0.02895919833333333	2.318636230576667
1.1414453308042918	0.025801088166666666	2.301279573186667
1.143190660056286	0.026670350666666665	2.277866446533333
1.14493598930828	0.025578240000000002	2.2560223841266662
1.1466813185602747	0.02254080333333333	2.24876943454
1.1484266478122689	0.02163002333333333	2.26393007305
1.150171977064263	0.01952648666666667	2.2880637793366665
1.1519173063162573	0.014387925333333332	2.2991339155599997
1.1536626355682515	0.016104669999999998	2.2912992888466666
1.1554079648202462	0.022274353333333333	2.2615332075466665
1.1571532940722404	0.0262965	2.2193685996299997
1.1588986233242349	0.028657786999999997	2.188663892603333
1.160643952576229	0.02832057866666667	2.181837403603333
1.1623892818282235	0.021537893333333336	2.1905025630033332
1.1641346110802178	0.0193791	2.20957407349
1.165879940332212	0.025631367000000002	2.2233799222699995
1.1676252695842066	0.032554643999999994	2.21410242824
1.1693705988362009	0.038219768333333334	2.189218507823333
1.171115928088195	0.04362545333333333	2.16900941983
1.1728612573401895	0.04150333666666667	2.15891648252
1.1746065865921838	0.039451216666666664	2.168117276983333
1.1763519158441782	0.04571786	2.1919483745466666
1.1780972450961724	0.05191605666666666	2.2001110038066667
1.1798425743481666	0.053106126666666656	2.177807865326667
1.1815879036001609	0.05652382	2.1431221513066667
1.183333232852155	0.05619408666666666	2.1091245421366667
1.18507856210415	0.05253304333333332	2.0941104256766665
1.186823891356144	0.05625326333333333	2.1154922406766663
1.1885692206081382	0.06311356666666666	2.1548717072666665
1.1903145498601329	0.06409899999999999	2.1792790784233333
1.192059879112127	0.06875197333333333	2.18380076025
1.1938052083641213	0.07376118	2.1638080218866667
1.1955505376161155	0.06906074333333333	2.1214061678766667
1.1972958668681097	0.06275302966666667	2.0864244030633334
1.1990411961201044	0.061506465999999996	2.079758918083333
1.2007865253720988	0.058712610000000005	2.091603333016667
1.2025318546240933	0.06295133	2.117173644076667
1.2042771838760875	0.07488531999999999	2.14043278687
1.2060225131280817	0.07737784333333333	2.1335326181733336
1.207767842380076	0.06918064666666665	2.100700010113333
1.2095131716320702	0.062383219999999996	2.0700655105866668
1.2112585008840648	0.054260021666666665	2.05196503079
1.213003830136059	0.051176263666666666	2.057799536456667
1.2147491593880533	0.06034267599999999	2.0875848548466664
1.2164944886400477	0.06761564333333334	2.110133385976667
1.218239817892042	0.06424499333333333	2.1041877739066663
1.2199851471440364	0.06132612999999999	2.080819624386667
1.2217304763960306	0.05649944666666666	2.046518756173333
1.2234758056480248	0.04957065333333333	2.01632186335
1.225221134900019	0.05085221666666667	2.0130093387266665
1.2269664641520137	0.054626223333333335	2.0296108750533333
1.228711793404008	0.050296546666666664	2.0447396231166666
1.2304571226560024	0.048656979999999996	2.0576052339
1.2322024519079966	0.04973021	2.0582131654666664
1.233947781159991	0.04488705666666666	2.0375385469966667
1.2356931104119853	0.040905899999999995	2.013725448053333
1.23743843966398	0.04138224333333333	2.0012947514499997
1.2391837689159741	0.03704108666666667	1.99623488805
1.240929098167968	0.03455580666666666	2.00657807726
1.2426744274199628	0.037141146666666666	2.02680496306
1.244419756671957	0.03394161666666667	2.0325315731766667
1.2461650859239515	0.026384508	2.0217074425633332
1.2479104151759457	0.0242956897	2.0085373294166664
1.24965574442794	0.022419105666666668	1.9938767986866666
1.2514010736799341	0.021063591333333333	1.9888750796233334
1.2531464029319284	0.023375599666666667	2.0011236404766666
1.254891732183923	0.022364649666666667	2.0129310625466665
1.2566370614359172	0.01656843703333333	2.013290349163333
1.2583823906879115	0.014397643066666667	2.01053495602
1.260127719939906	0.012953979999999999	2.0023368970799997
1.2618730491919004	0.012239240333333333	1.9947136309766667
1.2636183784438946	0.016055902	2.0020167446999997
1.2653637076958888	0.01867344933333333	2.0164071220566666
1.267109036947883	0.016982637	2.0241718083899998
1.2688543661998777	0.018495329999999997	2.028861580736667
1.270599695451872	0.019632412	2.02298147126
1.2723450247038663	0.019374408666666666	2.0033182549466666
1.2740903539558606	0.024080520333333334	1.9887279616466664
1.2758356832078548	0.027343441666666666	1.9872076218833334
1.2775810124598492	0.02274073466666667	1.9925307829499999
1.2793263417118435	0.024022489999999997	2.01247196334
1.2810716709638381	0.03182774333333333	2.03709653153
1.282817000215832	0.035857473333333334	2.0405695350999995
1.2845623294678261	0.04067745666666667	2.0254607591966667
1.286307658719821	0.04645408666666667	2.0074871195833333
1.288052987971815	0.04208837	1.9887414215533332
1.2897983172238097	0.04012706	1.9867101831399998
1.2915436464758039	0.04989514333333332	2.00907349634
1.293288975727798	0.05425563333333333	2.0259504515
1.2950343049797923	0.050601789999999994	2.02036776854
1.296779634231787	0.05399026666666666	2.00632995434
1.2985249634837812	0.05636687666666666	1.9845699325166666
1.3002702927357757	0.05433249	1.9638516991100001
1.3020156219877699	0.060251846666666664	1.9681633147566666
1.3037609512397643	0.06513794333333334	1.9892311739366666
1.3055062804917585	0.05802527666666666	2.0033962895133333
1.3072516097437528	0.05818049333333333	2.014849063293333
1.308996938995747	0.06680372999999999	2.015361577633333
1.3107422682477412	0.06431053666666667	1.9870450523533334
1.3124875974997359	0.05682864666666666	1.94967574862
1.31423292675173	0.05559093	1.9293761704533332
1.3159782560037245	0.051052	1.923648958863333
1.3177235852557188	0.050913473333333334	1.93887594781
1.319468914507713	0.06336792666666666	1.97204265517
1.3212142437597074	0.06704816	1.9870490587166665
1.3229595730117016	0.05465476999999999	1.9710803057133335
1.3247049022636959	0.04714583333333334	1.94891492491
1.3264502315156905	0.04370927333333333	1.9275061194333332
1.3281955607676847	0.03763915999999999	1.9116270227833332
1.3299408900196792	0.039568306666666664	1.9178371903533336
1.3316862192716734	0.045188653333333335	1.9349967300433333
1.3334315485236676	0.040863949999999996	1.9407140777566667
1.3351768777756619	0.03825957333333333	1.9425725008366665
1.336922207027656	0.04104683333333334	1.940406557576667
1.338667536279651	0.034765603333333325	1.9218047191399998
1.3404128655316452	0.02422231	1.9012283421533334
1.3421581947836396	0.02221915	1.8967042183266667
1.3439035240356338	0.021438009999999997	1.9010940386499997
1.345648853287628	0.02067323	1.9144100047833332
1.3473941825396225	0.024118459999999998	1.9351239677733334
1.3491395117916167	0.02260267666666667	1.942477298316667
1.350884841043611	0.013899342333333332	1.9316405219533332
1.3526301702956052	0.010705161333333333	1.9201154462866665
1.3543754995475994	0.012037925	1.9105027704833333
1.356120828799594	0.012106215666666665	1.9038637356399999
1.3578661580515883	0.013160726666666666	1.90819234116
1.3596114873035827	0.013255409033333334	1.91602391996
1.361356816555577	0.008930354666666666	1.9168344634266667
1.3631021458075712	0.0062857523333333335	1.9170251179933333
1.3648474750595656	0.006031372333333333	1.9159830940566667
1.3665928043115598	0.0061797307	1.9103652287
1.3683381335635545	0.009146495333333334	1.9091680617633333
1.3700834628155487	0.012040279000000001	1.9141370458133333
1.371828792067543	0.010056322666666666	1.9166886272799997
1.3735741213195374	0.009466994999999999	1.92010941116
1.3753194505715316	0.011628245999999998	1.92266252114
1.377064779823526	0.012890483666666664	1.9148275434633333
1.3788101090755203	0.016895433333333335	1.9030519382466666
1.3805554383275145	0.022972466666666667	1.8979315579733331
1.3823007675795091	0.023105399999999998	1.89560819226
1.384046096831503	0.02346126	1.89881962221
1.3857914260834978	0.028754889999999995	1.9079911923866666
1.387536755335492	0.028968673333333333	1.9061895690366666
1.3892820845874863	0.02481204666666667	1.8896485362399997
1.3910274138394805	0.02848247	1.8767331601466666
1.3927727430914747	0.035294193333333335	1.8720644681733332
1.3945180723434691	0.03970949	1.8741185038033334
1.3962634015954638	0.046680386666666664	1.88765543359
1.398008730847458	0.050470933333333336	1.9009428076100001
1.3997540600994525	0.04447244	1.8958217773166663
1.4014993893514467	0.04304073666666667	1.87988071877
1.4032447186034411	0.05053927	1.8615914356133332
1.4049900478554354	0.05245300666666667	1.8380118093166669
1.4067353771074296	0.04919796	1.8223448322166667
1.4084807063594238	0.051110749999999996	1.8307678450166667
1.410226035611418	0.05223804	1.8511892606333333
1.4119713648634127	0.050908180000000004	1.8683034527199998
1.413716694115407	0.05441422666666666	1.8760507698233333
1.4154620233674011	0.056250823333333325	1.8625166892833331
1.4172073526193956	0.05032970666666667	1.8288859428033333
1.4189526818713898	0.04919090333333333	1.8024205492266667
1.420698011123384	0.05403449	1.79658637014
1.4224433403753782	0.05203299333333333	1.8034014234533333
1.4241886696273727	0.04571894666666666	1.8190194709499998
1.4259339988793673	0.04396322666666667	1.8364848516399999
1.4276793281313616	0.041870826666666666	1.83851337743
1.429424657383356	0.039058779999999994	1.8240454807766666
1.4311699866353502	0.03997252666666667	1.8042951361333333
1.4329153158873444	0.03856721	1.78421747077
1.4346606451393389	0.03197884599999999	1.772296946883333
1.436405974391333	0.029530059333333334	1.78004710877
1.4381513036433278	0.03092781333333333	1.7991036201399997
1.439896632895322	0.029022426666666663	1.8125281003533333
1.4416419621473162	0.025539343333333332	1.8137950244433334
1.4433872913993107	0.023271686666666666	1.80159789989
1.4451326206513049	0.01959143433333333	1.7795376689966667
1.446877949903299	0.016554112333333332	1.7624319303966662
1.4486232791552933	0.016030516999999998	1.7597541985066667
1.4503686084072875	0.015545922666666665	1.7686455751933334
1.452113937659282	0.014739041333333331	1.78306858901
1.4538592669112762	0.014752186666666667	1.7943116366399998
1.4556045961632709	0.013509059999999998	1.7918966883333332
1.457349925415265	0.011628548333333332	1.7768049950166667
1.4590952546672595	0.010779129	1.7579254347566668
1.460840583919254	0.010524741666666665	1.7431659117766665
1.4625859131712482	0.011173831333333332	1.7398873667233332
1.4643312424232424	0.013180815666666667	1.7504439991666665
1.4660765716752366	0.0139354	1.7652469022466666
1.4678219009272309	0.013847362333333335	1.7739153982199998
1.4695672301792255	0.014661583333333334	1.7717760149233333
1.4713125594312197	0.014878677000000002	1.7576354609399998
1.4730578886832142	0.014617578	1.7377307146966665
1.4748032179352084	0.017714793333333333	1.7253273792166666
1.4765485471872026	0.02270734	1.725267220473333
1.478293876439197	0.025239280000000003	1.7321386464166668
1.480039205691191	0.02516887	1.7395033968666667
1.481784534943186	0.024322153333333332	1.7416499334233333
1.4835298641951802	0.023015269999999997	1.7341264660566664
1.4852751934471744	0.023800166666666667	1.72116958295
1.4870205226991688	0.028506746666666666	1.7114242793733334
1.488765851951163	0.03418521333333333	1.7088710807233334
1.4905111812031575	0.03742529333333333	1.7129643744233332
1.4922565104551517	0.03964686	1.7215040674466664
1.494001839707146	0.041192309999999996	1.7267548161366666
1.4957471689591406	0.03950020666666666	1.72016874794
1.4974924982111348	0.03636937666666666	1.7029349593699998
1.4992378274631293	0.03761051333333333	1.68528964222
1.5009831567151235	0.04232117333333333	1.6751663244966664
1.5027284859671177	0.04591463666666666	1.6757886913599997
1.504473815219112	0.04801672	1.6862014567666663
1.5062191444711062	0.04831987333333333	1.69847770265
1.5079644737231006	0.04524464	1.7020759381466668
1.5097098029750948	0.04363990333333333	1.6950724998666664
1.511455132227089	0.04719048666666667	1.6816868605566664
1.5132004614790837	0.05074468	1.66625533744
1.514945790731078	0.05164044333333333	1.6561712175199998
1.5166911199830724	0.05365640666666667	1.6587933088966667
1.5184364492350666	0.05457161	1.6695609090866665
1.520181778487061	0.05040754333333334	1.6770691616266666
1.5219271077390553	0.04544184666666666	1.6757274237233333
1.5236724369910495	0.044187613333333334	1.6654670775133333
1.5254177662430441	0.0454231	1.6494080620866667
1.5271630954950384	0.049507350000000006	1.6371636553566664
1.5289084247470326	0.05548555333333333	1.6365229547466664
1.530653753999027	0.05692614666666666	1.6447006147299998
1.5323990832510213	0.051981523333333335	1.6553449923433332
1.5341444125030157	0.04722174666666666	1.6646135708899998
1.53588974175501	0.04548997999999999	1.6660691533066665
1.537635071007004	0.04442952	1.6551486257233334
1.5393804002589988	0.045145987666666665	1.6377967707466665
1.541125729510993	0.04920084633333333	1.6239523248066665
1.5428710587629875	0.052186798333333326	1.6183555655433333
1.5446163880149817	0.051098041999999996	1.6233347366166666
1.546361717266976	0.04811681633333334	1.6372059637966665
1.5481070465189704	0.04393075666666666	1.6504003926233333
1.5498523757709646	0.039312810999999996	1.6548732336133334
1.5515977050229588	0.039549311000000004	1.6514134112366667
1.553343034274953	0.044775027333333335	1.6418140914733332
1.5550883635269477	0.04769225733333333	1.6283113358666665
1.556833692778942	0.04649516799999999	1.6192230810066666
1.5585790220309363	0.044686145566666655	1.6206212445566666
1.5603243512829306	0.041550784466666664	1.6291006924933333
1.5620696805349248	0.03739605796666666	1.6393585123166665
1.563815009786919	0.036163442729999995	1.64592881747
1.5655603390389135	0.03696903813	1.6419061110933335
1.5673056682909077	0.037039816333333336	1.6287909381733332
1.5690509975429023	0.037960925333333326	1.6172281343266666
1.5707963267948966	0.03879976906666667	1.6136681521866667
1.5725416560468908	0.03593445	1.6186437170599999
1.5742869852988854	0.031502534	1.630569043063333
1.5760323145508797	0.029499976666666664	1.6417310651900001
1.5777776438028739	0.02941577833333333	1.6430068598633334
1.579522973054868	0.030126570999999994	1.6337737982133334
1.5812683023068623	0.03129744266666666	1.6184732033299998
1.583013631558857	0.031231081666666664	1.6025198882866667
1.5847589608108512	0.029300096666666664	1.59402088661
1.5865042900628454	0.026769946666666662	1.5970583626733332
1.5882496193148399	0.024617863333333337	1.6068817305633332
1.589994948566834	0.023135583333333327	1.6167192354566666
1.5917402778188283	0.022426866666666663	1.62132975967
1.5934856070708228	0.022774713333333335	1.6171414573466667
1.5952309363228174	0.023984769999999996	1.60676290019
1.5969762655748112	0.023786396666666668	1.5963786453366666
1.5987215948268054	0.021491936666666663	1.5893928371633335
1.6004669240788003	0.020008489999999997	1.5875418541133333
1.6022122533307945	0.019869398666666666	1.590530429343333
1.603957582582789	0.018857581666666665	1.59343393701
1.6057029118347832	0.018283003333333332	1.59319779996
1.6074482410867772	0.01903249633333333	1.5911577711833333
1.6091935703387716	0.018804181333333333	1.58752164337
1.6109388995907659	0.018782299333333332	1.5831454862899998
1.6126842288427607	0.020664886333333334	1.5818057282566667
1.614429558094755	0.019895076999999997	1.5829360291666668
1.6161748873467492	0.015856540333333332	1.5838162632133335
1.6179202165987434	0.014937813666666667	1.5861223903866666
1.6196655458507376	0.017011235666666666	1.5888031611066666
1.621410875102732	0.017106646	1.5859474111233332
1.6231562043547263	0.017593691666666668	1.5794923763066664
1.624901533606721	0.020467544999999997	1.57598103146
1.6266468628587152	0.021963761099999996	1.5749612229066667
1.6283921921107094	0.02304714833333333	1.5753145121733332
1.630137521362704	0.02629342023333333	1.5789980641866666
1.6318828506146983	0.025732490766666664	1.5808560042866664
1.6336281798666925	0.02051717883333333	1.5769688042433332
1.6353735091186867	0.020533801366666667	1.5749513086500002
1.637118838370681	0.026094802333333333	1.5774226220966665
1.6388641676226756	0.027717404666666667	1.5762559767333333
1.6406094968746698	0.027402492666666667	1.57314652205
1.642354826126664	0.030421888999999997	1.5744475691899997
1.6441001553786583	0.03189569266666667	1.57426547247
1.6458454846306525	0.031618477666666665	1.5688768793966665
1.647590813882647	0.035396553	1.5647455148899998
1.6493361431346412	0.037253381333333335	1.5600275808266666
1.6510814723866354	0.034117693666666664	1.5531207250099999
1.6528268016386303	0.03765110866666666	1.5555097923399999
1.654572130890624	0.04701816	1.56664831425
1.6563174601426187	0.04714562666666667	1.56923190941
1.6580627893946132	0.04156228666666667	1.5632884423033335
1.6598081186466074	0.04146519333333333	1.5595254271966665
1.6615534478986018	0.04225151	1.5541637958666668
1.663298777150596	0.042852803333333335	1.5465910091366668
1.6650441064025903	0.05029491333333334	1.5468599349299998
1.6667894356545845	0.05605337666666667	1.5501655933
1.6685347649065787	0.053976206666666665	1.5497951649466668
1.6702800941585736	0.057060410000000006	1.55554688442
1.6720254234105678	0.06522257666666666	1.5648779671999997
1.673770752662562	0.062322083333333333	1.5593479907366667
1.6755160819145563	0.05427596333333333	1.5441102427866664
1.6772614111665505	0.05546832999999999	1.5363593456233335
1.679006740418545	0.05955550666666666	1.53370297318
1.6807520696705391	0.061434746666666665	1.5335628646666666
1.6824973989225334	0.06730983333333332	1.5429048971133332
1.684242728174528	0.07007537333333333	1.5522474333133334
1.6859880574265222	0.06448232333333333	1.55145034387
1.6877333866785167	0.06500635333333332	1.5512210181833332
1.6894787159305111	0.07358189333333333	1.5528963360366668
1.6912240451825054	0.07304296333333334	1.5420725548066667
1.6929693744344996	0.0668071	1.5274079716833333
1.6947147036864938	0.06897049	1.5269795415399998
1.6964600329384885	0.07224791	1.5338796592100001
1.6982053621904827	0.06921313666666667	1.5383981913566667
1.6999506914424771	0.06853167	1.54440119463
1.7016960206944713	0.06833547333333333	1.5444377151833333
1.7034413499464653	0.06362800333333332	1.5327342886433333
1.7051866791984598	0.06599973333333334	1.5254250296
1.706932008450454	0.07623420333333333	1.5281232024033333
1.708677337702449	0.07574392999999999	1.5259240321266667
1.7104226669544431	0.06653779333333333	1.5231346529466665
1.7121679962064373	0.06447398333333333	1.5329144952566667
1.7139133254584316	0.06481998	1.544041957613333
1.7156586547104258	0.06017112333333333	1.54440021976
1.7174039839624204	0.059257326666666665	1.5402740456266666
1.7191493132144147	0.061215033333333335	1.5303987182133334
1.7208946424664089	0.05902002666666667	1.5136803094
1.722639971718403	0.06000033	1.5071443494499999
1.7243853009703973	0.06539678	1.5160645891733333
1.726130630222392	0.06099715333333333	1.5235091782933332
1.7278759594743864	0.05012083666666667	1.5282267456133334
1.7296212887263807	0.048129263333333325	1.5387051837299999
1.7313666179783749	0.05126607666666667	1.5443080184066666
1.733111947230369	0.049950999999999995	1.5359003311533332
1.7348572764823635	0.049310190000000004	1.5246366540633334
1.7366026057343578	0.050141666666666654	1.5160697916833332
1.738347934986352	0.04675434666666667	1.5092863100299998
1.7400932642383462	0.043569029999999995	1.5120885175799998
1.7418385934903404	0.04435017333333333	1.52284870551
1.7435839227423353	0.04095947333333333	1.5240723339499997
1.7453292519943295	0.034702736666666664	1.5150394193466667
1.7470745812463238	0.03597929333333333	1.5092323008133333
1.7488199104983182	0.0411573	1.5065529222966667
1.7505652397503124	0.039783936666666665	1.50264569201
1.7523105690023066	0.035486146999999996	1.5048786189366665
1.7540558982543013	0.03292323766666666	1.51310947262
1.7558012275062955	0.029026968	1.5183566893866667
1.75754655675829	0.025342952333333335	1.5200812140366664
1.7592918860102842	0.02582082333333333	1.5188714647500001
1.7610372152622784	0.025423155666666662	1.50804939984
1.7627825445142726	0.022985767666666664	1.49299132785
1.7645278737662669	0.024233492	1.4870801100466666
1.7662732030182617	0.027028712	1.4902738702799998
1.768018532270256	0.024825062	1.4961354634400001
1.7697638615222502	0.021197492	1.5060549068099998
1.7715091907742444	0.019849275	1.5167160486199998
1.7732545200262386	0.01860305433333333	1.5209781656
1.7749998492782333	0.017542440333333333	1.51983767254
1.7767451785302275	0.018264463	1.5159120621166666
1.7784905077822217	0.017771048333333334	1.5072048037866665
1.780235837034216	0.016320892	1.49954477582
1.7819811662862102	0.016517076999999998	1.5003643087733334
1.7837264955382048	0.017362880999999997	1.5068049090866666
1.785471824790199	0.017542970666666664	1.5134389883000001
1.7872171540421935	0.018853807333333333	1.51916122817
1.7889624832941877	0.020020662999999998	1.51928756235
1.790707812546182	0.02030694133333333	1.5128420084833332
1.7924531417981764	0.02160156433333333	1.5069928910366666
1.7941984710501706	0.02358628	1.5053373367266665
1.7959438003021653	0.023658712	1.50496747565
1.7976891295541597	0.023265344666666667	1.5077716720533332
1.7994344588061533	0.0230519	1.513821269573333
1.8011797880581482	0.021984814999999998	1.5170357706233333
1.8029251173101424	0.021302458666666666	1.5148932123866665
1.8046704465621368	0.022593879	1.510034171773333
1.806415775814131	0.022999384333333334	1.5012239754699999
1.8081611050661253	0.022827220666666665	1.4915848870099997
1.8099064343181195	0.025505606	1.4897809845566665
1.8116517635701137	0.029821147	1.4961951288299997
1.8133970928221086	0.031083628333333335	1.50281660348
1.8151424220741028	0.030669519999999995	1.5090322251133332
1.816887751326097	0.030650193333333332	1.5155006709633334
1.8186330805780913	0.02954596	1.5169183654999998
1.8203784098300855	0.027235393333333333	1.5115903638566668
1.82212373908208	0.02626769333333333	1.5049382587999998
1.8238690683340746	0.02482405	1.4977180894966664
1.8256143975860688	0.02265056333333333	1.4916034507366664
1.827359726838063	0.02357644333333333	1.4927431714433332
1.8291050560900572	0.02721810333333333	1.4994262814366666
1.830850385342052	0.02812425666666666	1.5015042939833334
1.8325957145940461	0.027771433333333335	1.4992335254900002
1.8343410438460404	0.02947233333333333	1.4982237542166665
1.8360863730980346	0.030861566666666666	1.4973224850233333
1.8378317023500288	0.029532256666666663	1.4954092650199997
1.8395770316020235	0.027853803333333333	1.4973331612166665
1.8413223608540177	0.025315539999999997	1.5017798194766665
1.843067690106012	0.02168063666666667	1.5045141120033332
1.8448130193580063	0.019900306666666666	1.5057593061733332
1.8465583486100006	0.02072185	1.5044802728666664
1.8483036778619948	0.020706563333333334	1.495868317496667
1.850049007113989	0.020698209999999998	1.4839905815966665
1.8517943363659835	0.02234733	1.4766507443333332
1.8535396656179781	0.023669256666666666	1.4744783486333333
1.8552849948699723	0.022423486666666666	1.4749058078333335
1.8570303241219668	0.020439193333333334	1.4798775025933333
1.858775653373961	0.018317688999999998	1.4880636974666666
1.8605209826259552	0.016313856666666668	1.4955238759699996
1.8622663118779497	0.015500677	1.5008178939099999
1.8640116411299439	0.016223097333333332	1.5034416794633334
1.865756970381938	0.016108848666666665	1.5002882606233332
1.8675022996339323	0.015237671333333331	1.4930678026733333
1.8692476288859265	0.014351793999999998	1.4858417284399998
1.8709929581379214	0.013069488666666665	1.47944585207
1.8727382873899157	0.011310427	1.4733162015299999
1.8744836166419099	0.011113989999999999	1.4700889435666664
1.876228945893904	0.011458903000000001	1.4693928848366666
1.8779742751458983	0.011715808666666667	1.4701285644466666
1.8797196043978928	0.013269959666666666	1.4734979569699997
1.881464933649887	0.0152342522	1.4792814363333333
1.8832102629018816	0.013707864099999998	1.483164834473333
1.8849555921538759	0.0106641253	1.48518958311
1.88670092140587	0.0090118822	1.4860512605733334
1.8884462506578648	0.0081463057	1.4832008821699998
1.890191579909859	0.008500247033333333	1.47586163238
1.8919369091618532	0.011996682999999998	1.4676145641399998
1.8936822384138474	0.014274677733333333	1.4583529508866664
1.8954275676658416	0.013762754366666666	1.450237463503333
1.8971728969178363	0.014623217099999999	1.4493225014900002
1.8989182261698305	0.01604198	1.4553711090333332
1.900663555421825	0.012599918666666668	1.4608966452499996
1.9024088846738192	0.008614847666666666	1.4658499632266664
1.9041542139258134	0.009641562999999999	1.4721509143333331
1.9058995431778076	0.013094451666666666	1.4759107709
1.9076448724298019	0.015851242666666668	1.47473891556
1.9093902016817967	0.019524883333333333	1.4730245946733334
1.911135530933791	0.021300613	1.4709252044866665
1.9128808601857852	0.019463658666666665	1.4678721492799998
1.9146261894377794	0.018189415333333334	1.46739702776
1.9163715186897738	0.019077589	1.4693506667966667
1.9181168479417683	0.017065561666666666	1.466599576343333
1.9198621771937625	0.014597188666666667	1.4611875428066665
1.9216075064457567	0.018307208666666665	1.4609881971199998
1.923352835697751	0.02513071	1.46450361522
1.9250981649497452	0.02662532133333333	1.4647563209333332
1.92684349420174	0.025618718333333332	1.4649394840499999
1.9285888234537343	0.02690931	1.4680311259199998
1.9303341527057285	0.027686119999999998	1.4694395718566664
1.9320794819577227	0.026382696666666667	1.4670323028533334
1.933824811209717	0.027386006666666664	1.4644292273033335
1.9355701404617114	0.02853217	1.4591591976433333
1.9373154697137056	0.027811779999999998	1.4511472576933333
1.9390607989656998	0.03016969333333333	1.4475617658766666
1.9408061282176947	0.03510073666666667	1.4489304992399998
1.9425514574696887	0.033485596666666666	1.44684989566
1.9442967867216832	0.028851286666666663	1.4448859089133332
1.9460421159736774	0.030863933333333333	1.45092806908
1.9477874452256718	0.036063615333333326	1.4594386835299997
1.949532774477666	0.03658979433333333	1.4613338670866665
1.9512781037296603	0.03698127666666666	1.4604724863666665
1.953023432981655	0.04002359666666667	1.45992932971
1.9547687622336491	0.04127132333333333	1.4575045124833335
1.9565140914856434	0.04008369	1.4549572672966669
1.9582594207376378	0.03978727	1.4556666692266664
1.960004749989632	0.03750998666666666	1.4548112096999999
1.9617500792416263	0.034007911	1.4515901309666666
1.9634954084936205	0.035594041333333326	1.4515822383966666
1.9652407377456147	0.041316451	1.4539904102933332
1.9669860669976096	0.042528406	1.4519862329466664
1.9687313962496038	0.04150300333333333	1.4502991190866665
1.970476725501598	0.04516368666666666	1.4562630516466666
1.9722220547535922	0.049759632666666664	1.4647693999333333
1.9739673840055865	0.048055062999999995	1.46659750249
1.9757127132575811	0.04499441366666666	1.4640301764599999
1.9774580425095754	0.04517171033333334	1.4597709922900002
1.9792033717615696	0.045392001999999994	1.4519443448499998
1.9809487010135638	0.044325535	1.442134309603333
1.982694030265558	0.045231006666666664	1.4356788896466668
1.9844393595175527	0.04528460333333334	1.4311970387166666
1.9861846887695471	0.04378567666666666	1.42894898043
1.9879300180215413	0.04582413999999999	1.4333231377866664
1.9896753472735356	0.05075969233333333	1.44226327312
1.9914206765255298	0.050625724	1.4466972445400001
1.9931660057775242	0.04815548	1.4479687699833335
1.9949113350295185	0.05052825	1.4517710558433334
1.9966566642815133	0.054205278999999995	1.4547575255966667
1.9984019935335076	0.05188838333333333	1.4508892901633335
2.0001473227855016	0.04836982000000001	1.4456070500799998
2.0018926520374962	0.04856955333333333	1.4440346691833332
2.0036379812894904	0.04924018333333333	1.4434388208233333
2.0053833105414847	0.047893403333333334	1.4410679405566666
2.0071286397934793	0.04796610333333332	1.4395978281799997
2.0088739690454736	0.048135966666666655	1.4379146198600001
2.0106192982974678	0.047115603333333325	1.4355450031399999
2.012364627549462	0.04836375333333333	1.4361407832733333
2.014109956801456	0.052071233333333335	1.4404216794966667
2.0158552860534504	0.051502763333333326	1.4420981357333336
2.0176006153054447	0.04871275	1.441968711443333
2.019345944557439	0.05027089666666666	1.4448527932833333
2.021091273809433	0.053047109999999995	1.4477311357033333
2.022836603061428	0.04970765333333333	1.44391031423
2.0245819323134224	0.04497582	1.4380753367133334
2.0263272615654166	0.044480639999999995	1.4359833158466666
2.028072590817411	0.0453027	1.435056352193333
2.029817920069405	0.044094423333333334	1.4316951841199999
2.0315632493213998	0.04440891333333333	1.42975638155
2.033308578573394	0.04631544	1.4304224767633333
2.035053907825388	0.04741492666666667	1.4318879428466664
2.036799237077383	0.048018973333333326	1.4340946123566667
2.0385445663293766	0.04895269	1.4376670008466665
2.0402898955813713	0.04627753999999999	1.4383643150333332
2.0420352248333655	0.041467569999999995	1.4364805632100002
2.0437805540853597	0.04034035333333333	1.4364602577266665
2.045525883337354	0.042098079999999996	1.43758545209
2.047271212589348	0.03996777	1.4336592126099998
2.0490165418413424	0.03711473666666666	1.4273378573933333
2.0507618710933366	0.03910372666666666	1.4236174228866667
2.052507200345331	0.04188046333333334	1.4196638430766666
2.054252529597326	0.039293883333333335	1.4111966409866668
2.05599785884932	0.03586686	1.4042817804866665
2.0577431881013144	0.034978253333333334	1.4037028964099998
2.0594885173533086	0.03430184666666666	1.4076265976599998
2.0612338466053033	0.03293646333333333	1.41352590093
2.0629791758572975	0.03327597	1.4211928690166664
2.0647245051092917	0.03297012333333333	1.4258072226566665
2.0664698343612864	0.03129997333333333	1.4248193209266664
2.0682151636132806	0.03069545333333333	1.4202910808299998
2.069960492865275	0.03079279	1.4138075870333333
2.071705822117269	0.027134576666666663	1.4041175323133335
2.0734511513692633	0.022567266999999995	1.3967778300566667
2.0751964806212575	0.022251528666666666	1.3980450551799999
2.0769418098732517	0.02428979666666667	1.40607987911
2.078687139125246	0.0229321	1.4139290599866667
2.080432468377241	0.021105536999999997	1.4211343320333332
2.0821777976292353	0.02235207	1.4271978250733333
2.08392312688123	0.02360487	1.4279637925266666
2.0856684561332237	0.021198169999999995	1.4211787018333333
2.087413785385218	0.018783273333333333	1.412071290943333
2.0891591146372126	0.017875346666666667	1.40422740584
2.090904443889207	0.017124933333333335	1.3992351520099997
2.0926497731412015	0.01645017333333333	1.3980548371100001
2.0943951023931957	0.017009966666666664	1.4003259962299999
2.0961404316451895	0.01624279333333333	1.4014082057999997
2.097885760897184	0.014583016666666665	1.4000535506366667
2.0996310901491784	0.014244883333333335	1.39704530191
2.1013764194011726	0.014749865000000001	1.3922697577566665
2.103121748653167	0.013005191	1.3849798796833332
2.104867077905161	0.011394404666666667	1.3797995353499997
2.1066124071571553	0.012570437999999998	1.3805514239066667
2.1083577364091495	0.015027000333333334	1.3872710863366664
2.1101030656611446	0.015205774666666666	1.3968761297833332
2.111848394913139	0.014963236666666666	1.4078159286233334
2.113593724165133	0.015868016	1.4163329946933332
2.1153390534171272	0.01647676633333333	1.4184707631300002
2.1170843826691215	0.014815186000000001	1.412153366543333
2.118829711921116	0.013243809999999998	1.4006392622533332
2.1205750411731104	0.012470248	1.3882452951266668
2.1223203704251046	0.012053271333333332	1.38017487374
2.124065699677099	0.011643071333333333	1.3790817776333333
2.1258110289290935	0.01201882	1.385391321443333
2.1275563581810877	0.011866248333333333	1.3955948899866666
2.129301687433082	0.011703289666666667	1.4057961804433332
2.131047016685076	0.011982335666666667	1.4113383995233335
2.1327923459370703	0.012742427	1.4108904891566667
2.1345376751890646	0.012768637999999999	1.4050607564100002
2.1362830044410597	0.012963825	1.3963577023966665
2.138028333693054	0.013447546	1.38680640665
2.139773662945048	0.014104117	1.3802934683699999
2.141518992197043	0.013361826666666667	1.37822440463
2.143264321449037	0.012060020999999999	1.3806747943
2.1450096507010312	0.011387267666666668	1.3862418901166667
2.1467549799530254	0.011422393666666664	1.39276576566
2.1485003092050197	0.009928804999999999	1.3952295695233332
2.1502456384570143	0.008603237333333333	1.3932919111266664
2.1519909677090086	0.009267852333333333	1.3899633895
2.1537362969610028	0.010896925666666668	1.3874044091366664
2.155481626212997	0.010888128666666665	1.3854703208333332
2.157226955464991	0.011091317666666666	1.3882667607499999
2.1589722847169854	0.012294982333333333	1.3973405190233334
2.1607176139689797	0.013447319666666666	1.4081772026566668
2.162462943220974	0.013295353333333332	1.4144601238366665
2.164208272472968	0.013323686333333334	1.4162048968233334
2.1659536017249623	0.013026657333333332	1.4137022520099998
2.1676989309769574	0.012349218666666665	1.4072061995666667
2.1694442602289516	0.011810901666666667	1.3985084777966668
2.171189589480946	0.012024217666666665	1.39118585093
2.17293491873294	0.010704211666666666	1.38462030615
2.1746802479849343	0.009051316	1.3801605424899999
2.176425577236929	0.009613817333333332	1.3807429112566665
2.178170906488923	0.011539319	1.3854793761766664
2.179916235740918	0.010707943666666666	1.3885244017566667
2.1816615649929116	0.009643279266666666	1.3908577821299999
2.183406894244906	0.011393681999999999	1.39473825509
2.1851522234969005	0.013572472333333335	1.396526392063333
2.1868975527488947	0.012528984	1.39211750648
2.188642882000889	0.011511407033333332	1.3875153935866664
2.190388211252883	0.01194807623333333	1.3873307108133333
2.1921335405048774	0.012075221333333334	1.3900566574566666
2.1938788697568716	0.011126971666666667	1.3935560206966664
2.1956241990088667	0.011039480999999999	1.3987422202133333
2.197369528260861	0.010137414333333332	1.4022279250933334
2.199114857512855	0.008737736666666666	1.4027739396399999
2.20086018676485	0.009134268666666667	1.4029357265566667
2.202605516016844	0.010911369999999998	1.4033909193566665
2.2043508452688383	0.009794541333333334	1.4001576861633334
2.206096174520833	0.008291107999999998	1.39606768039
2.207841503772827	0.010048716	1.3950481625200002
2.2095868330248214	0.012406818	1.3940123234633335
2.2113321622768156	0.010772463666666666	1.3881041329066666
2.21307749152881	0.009024138999999997	1.3824911853166668
2.214822820780804	0.009654941666666667	1.3809559686433333
2.2165681500327983	0.010197068999999998	1.3806385333133333
2.2183134792847925	0.009036219333333331	1.3787575985166667
2.2200588085367867	0.008873157999999999	1.3777428656100001
2.221804137788781	0.008742090666666667	1.3764116045533332
2.223549467040776	0.008223526999999998	1.3743299090199996
2.2252947962927703	0.008407555	1.3738663328733332
2.2270401255447645	0.009291714	1.37623710084
2.2287854547967587	0.008080820333333332	1.3780651276100002
2.230530784048753	0.006740375	1.3810438274766668
2.2322761133007476	0.007465710666666665	1.3872875345
2.234021442552742	0.009060460999999999	1.3932549526866667
2.235766771804736	0.008477006999999998	1.3932968051899999
2.2375121010567303	0.008097458333333332	1.390331165593333
2.239257430308725	0.009562701666666666	1.3869838334566666
2.241002759560719	0.010956015999999999	1.3812252572866666
2.2427480888127134	0.009711691666666666	1.3718112329299998
2.2444934180647076	0.008465899333333334	1.3640808201466665
2.246238747316702	0.007803274	1.3602187625333333
2.247984076568696	0.007142251	1.3608968437733333
2.2497294058206903	0.007263087333333333	1.36754563083
2.2514747350726845	0.009281328333333333	1.3791772395833333
2.2532200643246787	0.00995997	1.3883728446466668
2.254965393576674	0.010148274999999998	1.3932165314199998
2.256710722828668	0.011860916666666665	1.3947014641433333
2.2584560520806622	0.013081394666666666	1.3900071222400001
2.260201381332657	0.010824233333333332	1.3766946853233333
2.261946710584651	0.008888094	1.3631440921033333
2.2636920398366454	0.008671189	1.3559430928166665
2.26543736908864	0.008925465	1.3543514165933335
2.2671826983406342	0.009441354666666665	1.3562517766699997
2.2689280275926285	0.011230374333333334	1.3627709609233332
2.2706733568446227	0.011812357333333332	1.3702676098466666
2.272418686096617	0.011723915666666664	1.3755579754666667
2.274164015348611	0.012209129	1.3782377156333334
2.2759093446006062	0.012595656666666667	1.3779765881733335
2.2776546738525996	0.010502663999999998	1.3715631127866665
2.279400003104594	0.008515718333333333	1.36286765955
2.281145332356588	0.009240795666666666	1.3583975973366667
2.2828906616085836	0.011838939666666666	1.35880809319
2.284635990860578	0.012703895333333335	1.3601905671733334
2.286381320112572	0.014179840999999999	1.3665873148233332
2.288126649364566	0.018281612666666662	1.3796148375300001
2.28987197861656	0.021623799	1.3902045128133331
2.291617307868555	0.02041585233333333	1.3890578897366663
2.2933626371205493	0.018618495666666665	1.3801594921133333
2.2951079663725436	0.01741837833333333	1.3677430406133333
2.2968532956245378	0.015889861666666664	1.35376085236
2.2985986248765315	0.01591964833333333	1.343737410753333
2.300343954128526	0.018653239333333335	1.3434544155466668
2.3020892833805204	0.018900842	1.348657514753333
2.3038346126325147	0.01823373033333333	1.3570063168833333
2.305579941884509	0.020900269	1.368630631086667
2.307325271136503	0.023258972666666662	1.3771846744266665
2.309070600388498	0.019512391999999996	1.3740061169799997
2.3108159296404924	0.015823285	1.36541747801
2.3125612588924866	0.017228050999999998	1.3597694612266666
2.314306588144481	0.019790243	1.3541714717366666
2.316051917396475	0.01918188333333333	1.3442782533733333
2.3177972466484698	0.019973176666666665	1.3391168817833332
2.319542575900464	0.02393793	1.3446793406633333
2.321287905152458	0.027230900000000002	1.3555095943733333
2.3230332344044524	0.026987989999999996	1.3654808238966667
2.324778563656447	0.026347006666666666	1.3762042220766664
2.3265238929084413	0.024877846666666665	1.3837986388866668
2.3282692221604355	0.02217181	1.3830437090333334
2.3300145514124297	0.021323913333333333	1.3759180457466667
2.331759880664424	0.023350186666666668	1.3671000014633332
2.333505209916418	0.02256499333333333	1.3556820222466666
2.3352505391684133	0.02200159	1.348535861086667
2.3369958684204075	0.027668683333333333	1.3537622011666666
2.3387411976724017	0.03370573333333333	1.3643675239233333
2.340486526924396	0.030995386666666666	1.3667076797966664
2.34223185617639	0.027343546666666666	1.3648719634
2.343977185428385	0.029830636666666667	1.3649597986066668
2.345722514680379	0.03195641666666666	1.3598311426733334
2.3474678439323733	0.028493546666666664	1.3446336371666665
2.3492131731843675	0.027040273333333337	1.3317419510233333
2.3509585024363617	0.029829696666666662	1.3282875211233334
2.3527038316883564	0.03204305333333333	1.3293742882466666
2.3544491609403506	0.03223533	1.33230041242
2.356194490192345	0.03334072333333333	1.3413306308566666
2.357939819444339	0.03269619666666666	1.35310224301
2.3596851486963333	0.03068758	1.3634903913666667
2.3614304779483275	0.031657649999999996	1.37277886328
2.3631758072003217	0.03448787666666667	1.3780279196166667
2.364921136452316	0.032193570000000005	1.3710650686866668
2.36666646570431	0.030061316666666664	1.3581420743666666
2.3684117949563044	0.035812039999999996	1.3511566766666667
2.3701571242083	0.04250256	1.3478866164633332
2.371902453460294	0.039854306666666665	1.3405570941833331
2.373647782712288	0.036912056666666665	1.33893061693
2.375393111964282	0.04180584333333333	1.3494065936466666
2.3771384412162764	0.04564495333333333	1.3581897708199997
2.3788837704682715	0.04101800333333333	1.3531751598166664
2.3806290997202657	0.03782258	1.3444518864633332
2.38237442897226	0.04034684333333333	1.3392902929733332
2.384119758224254	0.042064809999999994	1.3328518710233332
2.3858650874762484	0.041062379999999996	1.3245211859066663
2.3876104167282426	0.04238574333333334	1.3220843863199998
2.389355745980237	0.043428176666666665	1.3238847458833334
2.391101075232231	0.04333748666666666	1.32703158032
2.3928464044842253	0.04644535333333333	1.3343881550133334
2.3945917337362195	0.050880063333333336	1.3445316491433332
2.3963370629882146	0.04834250666666666	1.3482287488966667
2.398082392240209	0.04487395666666666	1.3490550767033334
2.3998277214922035	0.049172096666666665	1.3540972023966664
2.4015730507441977	0.05364645999999999	1.3552552400933333
2.403318379996192	0.048037486666666664	1.3425966836233334
2.4050637092481866	0.04318131666666667	1.3300645232
2.406809038500181	0.04840476	1.3310125579699998
2.408554367752175	0.05365923	1.3361897414466668
2.4102996970041692	0.04969494666666666	1.3344048904866668
2.4120450262561635	0.04737478666666667	1.3350729948233333
2.4137903555081577	0.05279000666666667	1.34235022815
2.415535684760152	0.05665912333333334	1.3443165818566665
2.417281014012146	0.053559006666666666	1.3353101130200002
2.4190263432641403	0.05183389	1.3266078116433333
2.4207716725161346	0.052918896666666666	1.3219825361
2.4225170017681297	0.052768426666666673	1.3175661910966665
2.424262331020124	0.05298792	1.3145323839533334
2.426007660272118	0.055934689999999995	1.31564267152
2.4277529895241123	0.055736906666666655	1.3155234912766667
2.4294983187761066	0.05467829666666666	1.31690529469
2.4312436480281012	0.059226383333333334	1.3268661958599999
2.4329889772800954	0.06353364666666667	1.3392975945066665
2.4347343065320897	0.05780292666666667	1.3418900551533333
2.436479635784084	0.05175291333333333	1.3416918662
2.438224965036078	0.055081366666666666	1.3469583148099997
2.4399702942880728	0.05859310666666667	1.3473912983633334
2.441715623540067	0.05273771666666667	1.3337685491866664
2.443460952792061	0.04934505	1.3216137320299999
2.4452062820440554	0.056713519999999996	1.3226472704466667
2.4469516112960497	0.06386175	1.3262620119966666
2.448696940548044	0.061333896666666665	1.3225799069666666
2.450442269800038	0.059750556666666656	1.32217413498
2.4521875990520323	0.06476980333333333	1.3292687244499999
2.4539329283040274	0.06711193666666666	1.33291448372
2.4556782575560216	0.06246970333333333	1.32805834457
2.457423586808016	0.060167526666666665	1.3235772319199999
2.4591689160600105	0.06138328999999999	1.3203272864966666
2.4609142453120048	0.06213265333333333	1.3149228060066664
2.462659574563999	0.06377011333333332	1.3099422100233333
2.464404903815993	0.06700454	1.3079403154833333
2.466150233067988	0.06552361333333333	1.3045028403966665
2.467895562319982	0.06238144666666667	1.3043675669299999
2.4696408915719763	0.06369531333333334	1.3141474733366665
2.4713862208239705	0.06474703999999999	1.3266983222533333
2.4731315500759647	0.058251043333333336	1.3300596427433333
2.47487687932796	0.05320340999999999	1.3301996748999998
2.476622208579954	0.057456763333333334	1.3334985010899998
2.4783675378319483	0.06256315333333333	1.3304841609933333
2.4801128670839416	0.05899864666666666	1.3137137434933335
2.481858196335936	0.05706670333333333	1.2991052776999998
2.4836035255879314	0.06449542999999999	1.2986485406933332
2.4853488548399256	0.06988681999999999	1.3026532118133334
2.48709418409192	0.06384824333333333	1.3020043475499998
2.488839513343914	0.058720513333333335	1.3071666797
2.490584842595908	0.06116719999999999	1.3211883387066665
2.492330171847903	0.062219696666666664	1.3321516307799999
2.494075501099897	0.058316843333333326	1.3340461664433332
2.4958208303518914	0.05805049666666666	1.3336085080199997
2.4975661596038856	0.061047736666666665	1.33030870946
2.49931148885588	0.062335496666666664	1.3214122376966666
2.501056818107874	0.06161219999999999	1.3105154023433334
2.5028021473598683	0.060532423333333335	1.303006551353333
2.5045474766118625	0.056719473333333326	1.2985257332466666
2.5062928058638567	0.05250371333333333	1.30090823394
2.508038135115851	0.05095022666666666	1.3125301878566664
2.509783464367846	0.05072184999999999	1.3266021996566666
2.5115287936198403	0.04752859666666666	1.332933996513333
2.5132741228718345	0.045716723333333334	1.3348466548066666
2.5150194521238287	0.04990414333333333	1.3373573656433333
2.516764781375823	0.05467917333333333	1.3348310588566665
2.5185101106278176	0.051976093333333334	1.32162873736
2.520255439879812	0.04929220666666667	1.309837357573333
2.522000769131806	0.05282467666666666	1.3083999546933331
2.5237460983838007	0.05417328666666667	1.3099440142966667
2.525491427635795	0.04728291333333332	1.3083520086733333
2.527236756887789	0.043195866666666666	1.3130675321833334
2.5289820861397834	0.04646035333333333	1.32542635713
2.5307274153917776	0.04931774333333333	1.3338613957233332
2.532472744643772	0.04750317333333333	1.33142102357
2.534218073895766	0.046752909999999995	1.3239212646166667
2.535963403147761	0.047628533333333334	1.31391146037
2.5377087323997554	0.04630988666666667	1.3014828133433332
2.5394540616517496	0.041256343333333334	1.2897970757999997
2.541199390903744	0.036898636666666665	1.2849842632300001
2.542944720155738	0.034066429999999995	1.2866068344966666
2.5446900494077327	0.03159977333333333	1.2935024770566665
2.546435378659727	0.029891306666666662	1.3051337562766667
2.548180707911721	0.030753613333333336	1.3187645812766666
2.5499260371637154	0.03098607333333333	1.3274432982133333
2.5516713664157096	0.03172181333333333	1.3320483719333334
2.5534166956677042	0.0355378	1.3346232441199999
2.5551620249196985	0.03850371999999999	1.3305102117333334
2.5569073541716927	0.03498994666666667	1.3163226511899997
2.558652683423687	0.03155906	1.3036720798199999
2.560398012675681	0.032480083333333326	1.30096691419
2.5621433419276762	0.032905293333333335	1.303996188613333
2.5638886711796696	0.0297427	1.3075576795066666
2.565634000431664	0.02901927333333333	1.3156781852966666
2.567379329683658	0.031580033333333334	1.32673188235
2.5691246589356522	0.033061259999999995	1.3333814176833334
2.570869988187648	0.03073498	1.3324415501866664
2.572615317439642	0.028438206666666663	1.3296995746666664
2.5743606466916362	0.027335866666666667	1.3269111644733331
2.57610597594363	0.025455046666666665	1.3222016508233332
2.5778513051956247	0.021532253333333334	1.3154046083033333
2.5795966344476193	0.01941085533333333	1.3113492168
2.5813419636996136	0.01924382	1.3112890485233333
2.5830872929516078	0.020104859999999995	1.3161990474766665
2.584832622203602	0.02204320833333333	1.3257893601966666
2.586577951455596	0.025105614666666668	1.3365752517033331
2.5883232807075904	0.026056819999999998	1.3411777040933333
2.5900686099595847	0.02610652333333333	1.3387947309266668
2.591813939211579	0.026001381666666663	1.3307375217266666
2.593559268463574	0.02452128566666667	1.318026676883333
2.595304597715568	0.02081398433333333	1.3028669817066665
2.5970499269675624	0.01828022	1.2928067539966666
2.598795256219557	0.017407725	1.2905102141099998
2.6005405854715513	0.017611536666666663	1.2933316084333333
2.6022859147235455	0.017370516333333336	1.2973966848433331
2.6040312439755398	0.017999086333333334	1.3045918053733332
2.6057765732275344	0.01976148033333333	1.3148663792633333
2.6075219024795286	0.02105354433333333	1.3242110958866666
2.609267231731523	0.018941492666666664	1.3277994300199998
2.611012560983517	0.01654740366666667	1.3276299288933333
2.6127578902355113	0.015359912	1.3239602711499998
2.6145032194875055	0.013711423666666667	1.31539590607
2.6162485487394997	0.010910367999999998	1.3034216711499997
2.617993877991494	0.010396331333333331	1.2948804015733333
2.619739207243488	0.011324612	1.2916994313766665
2.6214845364954824	0.012736237	1.2934950201533333
2.6232298657474775	0.014038604	1.2986366430399998
2.6249751949994717	0.015265294333333332	1.30591505585
2.626720524251466	0.015069417666666664	1.3119542294433333
2.62846585350346	0.014556285666666665	1.3162724165166666
2.6302111827554544	0.013461917666666665	1.3182780062066666
2.631956512007449	0.012306155999999999	1.3180108523633332
2.6337018412594433	0.010431941333333333	1.3143654046300002
2.6354471705114375	0.009317690333333333	1.31014771628
2.6371924997634317	0.010056770333333333	1.3075669764066666
2.638937829015426	0.012131841999999999	1.3062412855799999
2.6406831582674206	0.012209153	1.3035792371033332
2.642428487519415	0.012740415666666666	1.3030855813166666
2.644173816771409	0.014950400333333332	1.3060771656466665
2.6459191460234033	0.015289217333333334	1.3089854207133331
2.6476644752753975	0.011429352666666667	1.3088918133533334
2.6494098045273917	0.008580710666666665	1.3098374429733333
2.651155133779386	0.007586347333333333	1.3114508685666666
2.652900463031381	0.006601017666666667	1.3103294566199999
2.6546457922833753	0.0052146860000000005	1.3049682739466664
2.6563911215353695	0.005386500999999999	1.2988737110666666
2.658136450787364	0.006225117999999999	1.29338040438
2.6598817800393584	0.007722196000000001	1.28962519548
2.6616271092913526	0.008703737	1.2875365059833332
2.663372438543347	0.009920720999999999	1.2886366843399997
2.665117767795341	0.010908730333333333	1.2915692503999998
2.6668630970473353	0.011074089666666665	1.29496329249
2.66860842629933	0.009826767333333333	1.2979235879433333
2.6703537555513237	0.009088415666666665	1.3017357753666667
2.6720990848033184	0.007719974333333332	1.3044089029
2.673844414055312	0.007104728999999999	1.3061069283466666
2.6755897433073077	0.008904061666666666	1.3067328622366665
2.677335072559302	0.011161207999999999	1.3042501047
2.679080401811296	0.010101769666666666	1.2964270345333333
2.6808257310632904	0.009887622999999998	1.2893485815
2.6825710603152837	0.012177561333333331	1.28700243641
2.6843163895672792	0.013303719666666667	1.2876503582
2.6860617188192735	0.011052919333333331	1.28864680059
2.6878070480712677	0.010030598333333331	1.2930207123633333
2.689552377323262	0.011010016999999999	1.29990695151
2.691297706575256	0.01140158133333333	1.3052115213666666
2.6930430358272504	0.009215556333333333	1.3059790347866667
2.694788365079245	0.008562589333333332	1.3055853475833334
2.696533694331239	0.010846809666666665	1.3042711091633334
2.6982790235832335	0.012721089	1.2990164952166667
2.7000243528352272	0.011198025666666667	1.2885473268699998
2.701769682087222	0.010680325999999999	1.2790270066333331
2.703515011339216	0.011789352333333333	1.2735423506466665
2.7052603405912103	0.011667402666666667	1.2721415415666666
2.7070056698432046	0.009591415333333332	1.2742684880966666
2.708750999095199	0.008883500999999999	1.28102877758
2.710496328347194	0.008838094666666666	1.2892942783799999
2.712241657599188	0.008891162999999999	1.2965983062533333
2.7139869868511823	0.008420413666666666	1.3009460993266666
2.7157323161031766	0.008595859666666665	1.3028165914233334
2.7174776453551712	0.009215455666666665	1.301318739813333
2.7192229746071654	0.010036132	1.2964097940333332
2.7209683038591597	0.009583081666666667	1.2877339486666668
2.722713633111154	0.009516872666666665	1.2785708596933332
2.7244589623631486	0.009375043666666666	1.2711857573433332
2.7262042916151423	0.008976688	1.2686296344133332
2.727949620867137	0.008811176333333332	1.2720399036666665
2.729694950119131	0.009561469666666666	1.2803490453466664
2.7314402793711254	0.008835674666666666	1.2884886450066666
2.7331856086231197	0.008878061999999999	1.2956865821599999
2.734930937875114	0.011005227666666666	1.301401793813333
2.736676267127109	0.012735020666666666	1.3038204324833331
2.738421596379103	0.011574919999999999	1.3013961598433332
2.7401669256310974	0.011768026000000001	1.2986004498233332
2.7419122548830916	0.014231212	1.29666961079
2.743657584135086	0.015739271666666665	1.2932497044466666
2.7454029133870805	0.013695577333333334	1.2870319078466665
2.7471482426390748	0.012723197666666667	1.28414981359
2.748893571891069	0.014853335666666665	1.2870404365566666
2.750638901143063	0.01619075033333333	1.2912919571433332
2.7523842303950574	0.013181279999999998	1.2914046002666666
2.754129559647052	0.012068050666666667	1.2899389211199999
2.755874888899046	0.014863583333333333	1.2868047050599998
2.7576202181510405	0.015815726666666665	1.2788175543
2.7593655474030343	0.012317607000000001	1.2668372409933333
2.761110876655029	0.011167310333333333	1.2590895568733331
2.762856205907024	0.013138194666666667	1.2574412102399999
2.7646015351590183	0.014024716666666666	1.2591885835433332
2.7663468644110116	0.012247233333333331	1.26260165036
2.768092193663006	0.012230569666666666	1.2707998616733334
2.769837522915	0.014527274333333333	1.2837138438999998
2.7715828521669956	0.016332106666666665	1.2987808259133333
2.77332818141899	0.015258906666666669	1.3115692210499998
2.775073510670984	0.015426795000000002	1.32082504577
2.7768188399229783	0.01764050333333333	1.32302364866
2.7785641691749725	0.018284923333333335	1.31518004621
2.780309498426967	0.01555861	1.2982325568366666
2.782054827678961	0.014202903666666664	1.2798278324399999
2.7838001569309556	0.014327367666666667	1.2642639837299998
2.7855454861829494	0.013872946999999998	1.2534753038066666
2.787290815434944	0.012415760999999999	1.2475440944133331
2.7890361446869383	0.012410639000000001	1.2473872622299997
2.7907814739389325	0.013108514666666668	1.2515339806533332
2.7925268031909276	0.014224061666666666	1.2604034440866665
2.794272132442922	0.015032035333333332	1.2733068518566666
2.796017461694916	0.016550866666666664	1.2892581861533332
2.7977627909469107	0.017779303333333333	1.3040726618799998
2.799508120198905	0.01873285	1.3151306523033333
2.801253449450899	0.019176433333333333	1.3198815340533332
2.8029987787028934	0.01950784	1.3179240841966666
2.8047441079548876	0.018073136666666663	1.3094599807199998
2.8064894372068823	0.016963283333333332	1.2994400807599997
2.808234766458876	0.017072836666666664	1.2905493726833335
2.8099800957108707	0.016863953333333334	1.2825828905633334
2.8117254249628645	0.014659979333333331	1.2743560909299998
2.813470754214859	0.013957374999999998	1.2689889598266666
2.8152160834668534	0.014955696666666666	1.2665767537566666
2.8169614127188476	0.01565937333333333	1.26577319215
2.818706741970842	0.014522178333333333	1.2651766519233332
2.820452071222836	0.014580635999999998	1.2671699951466666
2.8221974004748303	0.016685681999999997	1.2717552017766665
2.8239427297268254	0.018564690000000002	1.27711477255
2.8256880589788196	0.017246736666666665	1.2807331450500001
2.827433388230814	0.01758071333333333	1.2858006096433332
2.829178717482808	0.021472339999999996	1.29257632675
2.8309240467348022	0.02347381	1.29681136835
2.832669375986797	0.02038238333333333	1.29567952064
2.834414705238791	0.019554069999999996	1.2946739325866665
2.8361600344907854	0.022184099999999998	1.2949815165666667
2.8379053637427796	0.02272818	1.2932551429566665
2.839650692994774	0.019427383666666666	1.2877680513166667
2.841396022246768	0.018278083	1.2828322484499999
2.8431413514987627	0.02001042	1.2789885419666667
2.8448866807507565	0.020701716666666665	1.2746833788066665
2.846632010002751	0.01805644333333333	1.2698722641233333
2.8483773392547453	0.017903633333333332	1.27009556376
2.8501226685067405	0.02157579	1.2756559862233332
2.8518679977587347	0.023260263333333336	1.2815550429966667
2.853613327010729	0.02010242	1.2838955133266667
2.855358656262723	0.018936576666666666	1.2857722438466666
2.8571039855147173	0.020189816666666666	1.2869442144066665
2.858849314766712	0.019671793333333333	1.2863284482366668
2.8605946440187062	0.017130899999999998	1.2845429202133332
2.8623399732707004	0.01679957533333333	1.2843344041366667
2.8640853025226947	0.01804304	1.28458358517
2.865830631774689	0.019338566666666668	1.2848280988666665
2.8675759610266836	0.019048219999999998	1.2843792778566665
2.8693212902786778	0.02031649	1.2863532287433332
2.871066619530672	0.024546906666666667	1.2921360501366665
2.872811948782666	0.02758625	1.2991198412666667
2.87455727803466	0.025411636666666668	1.3026932813833332
2.8763026072866555	0.024231746666666665	1.3049741744333332
2.8780479365386498	0.025192120000000002	1.30546653529
2.879793265790644	0.022963586666666664	1.30144275037
2.881538595042638	0.017388786666666666	1.2938043019699998
2.8832839242946324	0.014835639999999999	1.2884990177933333
2.885029253546627	0.014259870333333334	1.2851204696533332
2.8867745827986213	0.013820183333333333	1.28171478954
2.8885199120506155	0.013691058666666667	1.2771461233499999
2.8902652413026098	0.015296029666666665	1.2728601111833333
2.892010570554604	0.017869286666666668	1.2688509778533332
2.893755899806598	0.021408816666666663	1.2663787251
2.895501229058593	0.02416763333333333	1.2651728791299999
2.8972465583105866	0.027016929999999998	1.26634694477
2.8989918875625813	0.028959169999999996	1.2684911501733334
2.900737216814575	0.029174193333333327	1.2713548726
2.9024825460665697	0.02792129	1.2752174437066666
2.904227875318564	0.026572266666666667	1.28130920737
2.905973204570558	0.02340291333333333	1.2882127684266664
2.9077185338225524	0.021120963333333333	1.2974410867233332
2.9094638630745466	0.02088493333333333	1.3074386489899998
2.9112091923265417	0.020105193333333334	1.3138093156266666
2.912954521578536	0.01741298	1.3131380596799997
2.91469985083053	0.017062933333333332	1.3077442316833332
2.916445180082525	0.01823785	1.2977038626333335
2.918190509334519	0.019129929999999996	1.2847053617233333
2.9199358385865133	0.019356465	1.2718873226566667
2.921681167838508	0.020214376	1.2634703173
2.9234264970905017	0.02091767333333333	1.2602836943366666
2.9251718263424964	0.021514546666666665	1.2628667385266665
2.92691715559449	0.020429203333333333	1.2685218078266667
2.928662484846485	0.02005432	1.2762982036266666
2.930407814098479	0.021489553333333335	1.2843952086533332
2.9321531433504733	0.022125203333333333	1.2906086250066666
2.9338984726024675	0.01964515	1.2925932530266664
2.9356438018544617	0.01912111	1.2932385597933334
2.937389131106457	0.021144926666666664	1.2927837766399999
2.939134460358451	0.021775203333333333	1.2896919615766667
2.9408797896104453	0.019523256666666666	1.2837238329833331
2.9426251188624395	0.019547016666666667	1.2802534247766666
2.9443704481144337	0.022164549999999998	1.2812469776066666
2.9461157773664284	0.023104096666666664	1.2851179829066666
2.9478611066184226	0.019968036666666664	1.28936982947
2.949606435870417	0.018720861999999998	1.2961871342566664
2.951351765122411	0.020462011	1.30302427148
2.9530970943744053	0.019851413666666665	1.30363961531
2.9548424236264	0.015171461666666667	1.29525637398
2.956587752878394	0.013943926666666665	1.2842016918599999
2.9583330821303884	0.016830159999999997	1.2734549795533332
2.960078411382382	0.01828701	1.2630161317666666
2.961823740634377	0.016551386666666668	1.2550169727133333
2.963569069886372	0.018455456666666665	1.2568945733066665
2.965314399138366	0.024838756666666663	1.26896356623
2.9670597283903604	0.029107376666666664	1.2847197707866667
2.9688050576423537	0.0278763	1.2984899962033332
2.970550386894349	0.028920886666666663	1.3127503079466667
2.9722957161463435	0.03266495666666667	1.3255994942566665
2.9740410453983377	0.031251313333333336	1.3316015214033332
2.975786374650332	0.024048773333333332	1.3297909250366666
2.977531703902326	0.020059713333333333	1.32535859468
2.9792770331543204	0.018912153333333334	1.3166167330566667
2.981022362406315	0.016576323333333334	1.3009251716299999
2.982767691658309	0.013193003333333331	1.28020753628
2.9845130209103035	0.012686311	1.26235832192
2.9862583501622977	0.015130419999999999	1.2526613469533334
2.988003679414292	0.018054721	1.25227899301
2.989749008666286	0.018297846333333333	1.2575072892233332
2.9914943379182812	0.021111121666666666	1.2681336057766663
2.9932396671702755	0.02760072533333333	1.280393709043333
2.9949849964222697	0.029175134	1.2871735522833332
2.996730325674264	0.022861700666666665	1.2882268880866665
2.9984756549262586	0.01931233	1.2943149664733333
3.000220984178253	0.019341821	1.3062182213566664
3.001966313430247	0.01691108933333333	1.31580605051
3.0037116426822412	0.012860511333333333	1.3179270422
3.0054569719342354	0.012970098	1.3151980824633331
3.00720230118623	0.016076646666666666	1.3092258796533334
3.008947630438224	0.018738559999999998	1.3026652814233333
3.0106929596902186	0.01848445	1.2985131883066665
3.0124382889422123	0.021652266666666663	1.30275238644
3.014183618194207	0.030564546666666668	1.3130014433166666
3.015928947446201	0.0352455	1.3186686424099998
3.0176742766981954	0.03065046333333333	1.3166031471533333
3.0194196059501897	0.028622479999999995	1.31963932649
3.021164935202184	0.029291973333333332	1.3315192552666666
3.022910264454178	0.02424561	1.3447564507299998
3.024655593706173	0.017218709999999998	1.3530225291033333
3.0264009229581674	0.015397250666666668	1.3521934674999998
3.0281462522101616	0.014498116666666666	1.3353806308266665
3.029891581462156	0.014509709999999999	1.30732674927
3.03163691071415	0.01588993733333333	1.2797345338866666
3.0333822399661448	0.017210667666666665	1.2629435282266668
3.035127569218139	0.02005473	1.2592355343933332
3.036872898470133	0.02474449	1.2621626854233332
3.0386182277221274	0.025858044333333333	1.2616055558100001
3.040363556974122	0.028018440666666665	1.2620525990733333
3.042108886226116	0.03244984333333333	1.272359992693333
3.0438542154781105	0.030577727333333336	1.2952665295966668
3.0455995447301047	0.02249668666666666	1.3295050379466666
3.047344873982099	0.018645469999999997	1.3696780823566668
3.049090203234093	0.017236919666666666	1.3964651329366664
3.0508355324860883	0.015049956333333333	1.3961453536733333
3.0525808617380825	0.01340809	1.3736583287366664
3.0543261909900767	0.01306126	1.34781500974
3.056071520242071	0.01364471633333333	1.3340711972033334
3.057816849494065	0.015789286333333333	1.334879497063333
3.05956217874606	0.016096533333333333	1.3371916695966668
3.061307507998054	0.019074786666666666	1.3314622814433332
3.0630528372500487	0.026569071333333333	1.3145291721233332
3.0647981665020425	0.029063550999999996	1.29014602118
3.0665434957540367	0.023724079999999998	1.27380704555
3.0682888250060314	0.02175665766666667	1.2847332381266665
3.0700341542580256	0.02183858333333333	1.3161497841333332
3.07177948351002	0.01848923	1.3447436347433332
3.073524812762014	0.015120575	1.3553665925933331
3.075270142014008	0.014382537666666667	1.3490508433833333
3.0770154712660034	0.013009823333333332	1.3349311208166665
3.0787608005179976	0.013481693333333333	1.3280188869433334
3.080506129769992	0.015454490666666668	1.3337605547666667
3.082251459021986	0.01791994333333333	1.3452420231
3.0839967882739803	0.021782816666666666	1.3494609294199997
3.085742117525975	0.02641341333333333	1.3409446462199999
3.087487446777969	0.02890963	1.3261937031033333
3.0892327760299634	0.03148388333333333	1.3216379816433332
3.0909781052819576	0.032413856666666664	1.33573584211
3.092723434533952	0.03035383666666667	1.3655593576166667
3.094468763785946	0.026787576666666663	1.3989468520033332
3.0962140930379407	0.022843646666666665	1.4249224205233333
3.0979594222899345	0.018215746666666664	1.439980524
3.099704751541929	0.015787824666666665	1.44818945829
3.101450080793923	0.013599869666666667	1.447829428413333
3.1031954100459176	0.012390347999999999	1.4350445664266664
3.104940739297912	0.014380455	1.40541405708
3.106686068549906	0.016172004666666667	1.3598410607266667
3.1084313978019003	0.015588067333333334	1.3163742327099999
3.1101767270538954	0.020485817333333333	1.3083455884266666
3.1119220563058896	0.029051495333333333	1.34444314772
3.113667385557884	0.032536811	1.3961310355633334
3.1154127148098785	0.029422341666666664	1.4246972256233335
3.1171580440618727	0.02457944033333333	1.4141781947633334
3.118903373313867	0.019681762	1.3783107440299998
3.120648702565861	0.014719726999999998	1.3575039401366666
3.122394031817856	0.010043346	1.3967641932200001
3.1241393610698496	0.014301697666666665	1.5068318563333332
3.1258846903218442	0.026500463333333335	1.6282638518233332
3.127630019573838	0.03179958333333333	1.67525073631
3.1293753488258327	0.03360547333333333	1.6306162735066665
3.131120678077827	0.042681399999999994	1.5736325606299997
3.132866007329821	0.04887553333333333	1.6453137948166667
3.1346113365818153	0.07496347333333332	2.01017493685
3.1363566658338096	0.15693005666666665	2.7174356930599997
3.1381019950858047	0.2194051133333333	3.5442286785099997
3.139847324337799	0.19296077	4.162940744783333
3.141592653589793	0.23643077999999998	4.467620623483333