# O(3P)+CO2(000; j=0) -> O(3P)+CO2(000; j') scattering, statistically averaged (3A2+3B2+3B1) potential energy surfaces
# Differential cross sections; packaged by M. Gacesa (marko.gacesa@nasa.gov), Apr 30 2019
# E = 4.3692 eV
# theta(rad)                 elastic DCS                total DCS (both in units of 1E-16 cm^2/Sr)
0.	3.8738456666666665e6	3.9437650904646986e6
0.0017453292519943296	2.301436333333333e6	2.3358862361766663e6
0.003490658503988659	415066.8333333333	420912.78719799995
0.005235987755982989	124735.97666666665	133651.22235343332
0.006981317007977318	74235.82	79977.82177713333
0.008726646259971648	26272.276666666665	33738.0660869
0.010471975511965978	30678.837	35113.82908873333
0.012217304763960305	7689.926666666666	10429.461773793333
0.013962634015954637	6277.925	10770.710519516666
0.015707963267948967	3950.209	6511.123137556666
0.017453292519943295	1455.9923	3184.1541782866666
0.019198621771937624	593.1058333333333	2658.243236733333
0.020943951023931956	826.8696333333334	2366.3568306866664
0.02268928027592628	901.3079	2032.216370846667
0.02443460952792061	237.58956666666666	1495.5141597000002
0.02617993877991494	683.2949666666666	1716.75946045
0.027925268031909273	477.06299999999993	1216.7750236113334
0.029670597283903602	167.16610666666665	1043.5935109836664
0.031415926535897934	339.9858333333333	1085.8995892856665
0.03316125578789226	82.26048333333333	583.7391299850001
0.03490658503988659	118.87042	672.9701423036665
0.03665191429188092	122.99438	625.6182909293334
0.03839724354387525	68.951467	466.6677855146666
0.040142572795869566	133.4033533333333	510.54172278633337
0.04188790204786391	109.04136333333334	460.83262971233336
0.043633231299858244	124.8716	463.3606913856666
0.04537856055185256	115.38279666666666	423.8962741
0.047123889803846894	97.08376666666666	382.9609891343333
0.04886921905584122	102.07952666666667	371.07805190799996
0.05061454830783555	56.76918333333333	305.8078080353333
0.05235987755982988	68.58708999999999	309.2098753823333
0.054105206811824215	51.91029666666666	266.5915982326667
0.05585053606381855	41.37761	253.453525016
0.05759586531581287	51.80056	261.06925818599996
0.059341194567807204	36.59426333333333	225.14954439666667
0.061086523819801536	51.379423333333335	241.557650422
0.06283185307179587	41.27282666666667	228.640703223
0.0645771823237902	34.26820333333333	212.75678268533332
0.06632251157578452	39.790189999999996	205.85487662433331
0.06806784082777885	21.55658366666667	177.5864429153333
0.06981317007977318	25.209773333333334	183.21769996333333
0.0715584993317675	15.613196333333331	162.076794405
0.07330382858376185	15.710865333333334	151.55588948833332
0.07504915783575618	22.648836666666668	156.29604201566667
0.0767944870877505	13.197245999999996	143.74144600833333
0.07853981633974483	27.224913333333333	154.0029968293333
0.08028514559173913	22.09728333333333	139.63966536366667
0.08203047484373349	18.881253666666666	134.45950332733332
0.08377580409572782	22.040480000000002	135.75812585766667
0.08552113334772216	9.721186666666664	116.92655484596665
0.08726646259971649	13.668858666666665	118.095379628
0.08901179185171079	7.114438666666667	106.59486709480001
0.09075712110370512	6.801731	104.54006414043332
0.09250245035569944	13.005363	108.11937178719998
0.09424777960769379	6.685271333333333	97.29613470823332
0.09599310885968812	15.11206	105.13685354569999
0.09773843811168244	12.113513999999999	99.11280124146666
0.09948376736367677	11.002004999999999	96.41481539573331
0.1012290966156711	12.406373333333335	94.39243401063334
0.10297442586766543	6.010267333333333	83.25905300153332
0.10471975511965977	9.289702666666667	85.78986709413334
0.10646508437165408	4.1893484999999995	77.55627245583332
0.10821041362364843	4.882478333333333	75.74590708466667
0.10995574287564276	8.43826	77.8248263787
0.1117010721276371	4.6362049999999995	72.89391508130001
0.11344640137963143	10.851797	78.31758944766666
0.11519173063162574	8.340634999999999	72.23165729396666
0.11693705988362009	8.700865	72.29626277986667
0.11868238913561441	8.86887	72.3590448249
0.12042771838760875	3.9258200000000003	64.8323658708
0.12217304763960307	6.515608666666666	65.54989777133332
0.12391837689159738	2.62375	59.54870175666666
0.12566370614359174	2.585161	59.319683884966665
0.12740903539558604	5.365862999999999	60.309546371066666
0.1291543646475804	3.040436333333333	55.525105802633334
0.13089969389957473	6.275455333333333	59.098762541733336
0.13264502315156904	4.314727666666666	55.78368534186666
0.1343903524035634	5.061556666666666	55.21447090866667
0.1361356816555577	5.059398333333332	53.5526417232
0.13788101090755206	1.7536379999999998	48.38919359043332
0.13962634015954636	3.4494273333333334	49.824295228266664
0.1413716694115407	1.5784233999999997	46.34062501223333
0.143116998663535	1.7705619666666665	45.43742218043333
0.14486232791552936	3.090693333333333	45.883366302633334
0.1466076571675237	2.084868	43.820678390833336
0.148352986419518	5.066526	47.15929870739999
0.15009831567151236	3.540350333333333	44.589219521100006
0.15184364492350666	4.0775516666666665	43.98520501736667
0.153588974175501	4.441865333333333	43.769985826133336
0.15533430342749535	1.836125	40.695652590033326
0.15707963267948966	2.7473499999999995	41.450166378266665
0.158824961931484	1.6470576666666665	38.94935547823333
0.16057029118347826	1.6105783333333332	38.409482716966664
0.16231562043547265	2.9441276666666667	39.88618699583333
0.16406094968746698	1.7713260000000002	38.04258787313333
0.16580627893946132	3.470674	39.488194213633335
0.16755160819145565	2.6838173333333337	37.935730939033334
0.16929693744344992	2.1312706666666665	36.94611328476666
0.1710422666954443	2.5510326666666665	36.82223836523333
0.17278759594743864	1.2247425333333333	34.36761681043333
0.17453292519943298	1.5511383999999997	34.48106475029999
0.17627825445142725	1.4171329	33.647023395733335
0.17802358370342158	1.2952961	32.720369889333334
0.17976891295541597	2.1896619999999998	33.31826565843333
0.18151424220741025	1.462676	31.9564337387
0.18325957145940458	2.3417103333333333	32.6454017599
0.18500490071139888	2.0464943333333334	31.66827620786666
0.18675022996339324	1.6188287333333333	30.293191937233335
0.18849555921538758	1.9202363333333334	30.007508544999997
0.1902408884673819	1.1304202666666665	28.531874788666663
0.19198621771937624	1.3221743666666668	28.569800779466664
0.19373154697137057	1.3431996333333331	28.0978867545
0.19547687622336488	1.1199285666666665	26.955607101
0.19722220547535924	2.338344333333333	27.845337728033332
0.19896753472735354	1.6409966666666667	26.99964071556667
0.2007128639793479	1.6509648666666668	26.9303943468
0.2024581932313422	1.7944056666666666	26.346659498099996
0.20420352248333656	1.0363083	24.9028948399
0.20594885173533087	1.1537075666666665	25.100882531033335
0.20769418098732523	0.9110099666666667	24.515925895733332
0.20943951023931953	0.8405212333333334	24.04931508163333
0.2111848394913139	1.4152866666666668	24.367103511466667
0.21293016874330817	0.8738446333333334	23.5603165487
0.21467549799530256	1.2545904666666665	24.014696071899998
0.21642082724729686	1.1266413333333332	23.43428416256667
0.2181661564992912	0.8980019333333333	22.816660166599995
0.21991148575128552	0.9759447333333333	22.808323184800003
0.22165681500327983	0.5862250666666666	22.0039646532
0.2234021442552742	0.7498767333333333	22.009088685433333
0.22514747350726852	0.7185151333333334	21.75531567883333
0.22689280275926285	0.5598479999999999	21.209407459999998
0.22863813201125716	1.362807633333333	21.84437043113333
0.2303834612632515	0.9478630666666665	21.16227766633333
0.23212879051524585	1.1006751666666665	21.1660548069
0.23387411976724018	1.1412694	20.78800383706666
0.23561944901923448	0.7411813333333332	19.8780192407
0.23736477827122882	0.9786092666666667	20.00315423953333
0.23911010752322315	0.5495741666666667	19.3201193923
0.2408554367752175	0.6045851	19.077245781433334
0.24260076602721184	1.2503973333333331	19.449781988666665
0.24434609527920614	0.7925943333333333	18.765905082666666
0.24609142453120048	1.2690858666666665	19.204222084566666
0.24783675378319475	1.0801963	18.686584153
0.24958208303518917	0.7494688999999999	18.213747997133332
0.25132741228718347	0.8505478	18.295345831266665
0.2530727415391778	0.3413267666666666	17.462485422
0.2548180707911721	0.5511188999999999	17.49260640123333
0.25656340004316636	0.7164040333333332	17.519565893299998
0.2583087292951608	0.39004193333333337	17.183309261166663
0.26005405854715513	0.9315948333333333	17.725043686766668
0.26179938779914946	0.6780299333333334	17.1428026298
0.2635447170511437	0.7138606	17.14712017033333
0.26529004630313807	0.6214717999999999	16.9688571274
0.26703537555513246	0.3103588666666666	16.28023388513333
0.2687807048071268	0.5354446	16.225168126299998
0.270526034059121	0.2682247933333333	15.676746488033334
0.2722713633111154	0.26799126666666667	15.655154405699998
0.2740166925631097	0.6329247666666666	15.994765694333333
0.2757620218151041	0.4202434666666666	15.4626064252
0.27750735106709834	0.8612844333333334	15.697681573299997
0.2792526803190927	0.6545346333333333	15.239855554833333
0.280998009571087	0.6155590666666666	15.111219474566667
0.2827433388230814	0.7380462	15.241941155733333
0.2844886680750758	0.26953209999999994	14.497339776533334
0.28623399732707	0.49081073333333336	14.416955714399998
0.28797932657906433	0.6082062666666667	14.2798774951
0.2897246558310587	0.45532583333333326	14.097469742166666
0.291469985083053	0.9654359333333332	14.681071594399999
0.2932153143350474	0.6766814333333333	14.148852615166664
0.29496064358704166	0.7036865	13.983492110666663
0.296705972839036	0.6198151666666667	13.709473044533334
0.2984513020910303	0.21736980666666667	13.140438123166668
0.3001966313430247	0.36392606666666666	13.280755228333334
0.301941960595019	0.2534181999999999	13.0072477665
0.3036872898470133	0.15602898333333332	12.812094865366664
0.30543261909900765	0.37413680000000005	12.930532272733332
0.307177948351002	0.20943056666666665	12.501900420933334
0.3089232776029963	0.4489890666666666	12.685916038633332
0.3106686068549907	0.3067159	12.3909733548
0.312413936106985	0.2952636333333333	12.129935147366666
0.3141592653589793	0.40581083333333334	12.108803045233332
0.31590459461097364	0.17457396333333333	11.704160811866666
0.317649923862968	0.33331083333333333	11.766090238333334
0.3193952531149623	0.43420753333333334	11.749803593133333
0.32114058236695653	0.36900086666666665	11.5369308301
0.32288591161895097	0.7633433333333333	11.923661207333332
0.3246312408709453	0.5913124666666666	11.658035674699999
0.32637657012293964	0.6475234999999999	11.610494664333334
0.32812189937493397	0.6156820333333333	11.482377092966667
0.32986722862692824	0.29418849999999996	11.084837076199998
0.33161255787892263	0.43678533333333336	11.258200384399998
0.3333578871309169	0.4477500666666666	11.177715996966668
0.3351032163829113	0.32954279999999997	10.922610582366666
0.3368485456349056	0.5277525666666666	11.039627907133333
0.33859387488689985	0.34350746666666665	10.793883022866666
0.34033920413889424	0.41387123333333325	10.992432385433334
0.3420845333908886	0.3185999	10.894927050933333
0.3438298626428829	0.10910495333333332	10.445621959459999
0.3455751918948773	0.16656883	10.299043972673333
0.34732052114687156	0.11434779	10.149585717919999
0.34906585039886595	0.09716899666666667	10.194859893363333
0.3508111796508603	0.24078571666666665	10.274427665356665
0.3525565089028545	0.15675006666666666	9.89585130283
0.3543018381548489	0.29443396666666666	9.910903464363333
0.35604716740684317	0.21918591666666667	9.77467826981
0.35779249665883756	0.22127756666666665	9.61477547589
0.35953782591083194	0.3077723333333333	9.456443790253333
0.3612831551628262	0.18735942666666666	9.106594413693333
0.3630284844148205	0.20001170000000001	9.150389221003332
0.3647738136668149	0.3481101999999999	9.368126159106666
0.36651914291880916	0.3510483	9.232242357153332
0.36826447217080355	0.5021679666666666	9.223559014966668
0.37000980142279777	0.3531706	8.962469553696666
0.3717551306747922	0.3425679666666666	8.978467903563331
0.3735004599267865	0.42273799999999995	9.121685159266665
0.3752457891787809	0.30521809666666666	8.964096865406667
0.37699111843077515	0.28698243333333334	8.916208273196666
0.3787364476827695	0.3403105333333333	8.952474839636666
0.3804817769347638	0.29361496666666664	8.947453443863333
0.38222710618675815	0.4150980999999999	9.150477815413332
0.3839724354387525	0.26791326666666665	8.936237267983334
0.38571776469074687	0.2316402333333333	8.85143009258
0.38746309394274114	0.23785166666666663	8.892431962566665
0.3892084231947355	0.11683726666666666	8.810553175419999
0.39095375244672975	0.12038158666666665	8.816057366163333
0.39269908169872414	0.14767459333333333	8.693907060186667
0.39444441095071847	0.10619205	8.53599451057
0.3961897402027128	0.24545107	8.70687853784
0.3979350694547071	0.15069437	8.565505712013334
0.39968039870670136	0.16290354333333334	8.470374851079999
0.4014257279586958	0.16141719999999998	8.316325869546667
0.4031710572106902	0.0761076	8.093410717566666
0.4049163864626844	0.14000194333333332	8.115392519926665
0.4066617157146788	0.17626484666666667	8.061645161996665
0.4084070449666731	0.15406078999999998	7.93543222939
0.41015237421866746	0.2855933	7.99784417225
0.41189770347066174	0.22493256333333334	7.803283123326667
0.413643032722656	0.3110728333333333	7.7905794837933335
0.41538836197465046	0.2957691333333333	7.701606092206667
0.4171336912266447	0.19904166666666667	7.544023005083333
0.41887902047863906	0.26488636666666665	7.571002594153333
0.42062434973063334	0.2505435266666667	7.4513769415399995
0.4223696789826278	0.24341656666666667	7.351924176466666
0.4241150082346221	0.3874033666666666	7.459252516233333
0.42586033748661634	0.2969426	7.346230203759999
0.4276056667386108	0.35249056666666667	7.424163352846667
0.4293509959906051	0.27957883333333333	7.297144879559999
0.43109632524259933	0.15013453666666665	7.08131439956
0.4328416544945937	0.20879416666666667	7.105677114233332
0.434586983746588	0.16394192666666665	7.031002621256666
0.4363323129985824	0.12418802333333334	7.008375917033334
0.43807764225057666	0.22453162999999998	7.09620867758
0.43982297150257105	0.12357417	6.935873555679999
0.44156830075456543	0.16722091	6.99686684679
0.44331363000655966	0.10975500333333332	6.897833514149999
0.445058959258554	0.03599007333333333	6.737888908756666
0.4468042885105484	0.07769615999999999	6.736879103776666
0.44854961776254265	0.041291626666666664	6.657363095106668
0.45029494701453704	0.046954403333333325	6.662374121663333
0.4520402762665313	0.12964307333333333	6.703622624933333
0.4537856055185257	0.10569645333333333	6.57804612104
0.45553093477052	0.21330283333333333	6.669959793336667
0.4572762640225143	0.15845975333333331	6.559462660456667
0.45902159327450864	0.1775581333333333	6.450145812603333
0.460766922526503	0.22356009999999996	6.40102764184
0.46251225177849725	0.12862251666666666	6.268360193476667
0.4642575810304917	0.18571316666666665	6.346884723966667
0.46600291028248597	0.2692669333333333	6.3792167400699995
0.46774823953448036	0.23580969999999996	6.2045489047233335
0.4694935687864746	0.36857676666666667	6.286180047886667
0.47123889803846897	0.2513065333333333	6.197913669266666
0.4729842272904633	0.19763440000000002	6.180684241826666
0.47472955654245763	0.2369190333333333	6.17365272807
0.4764748857944519	0.11600922999999999	5.954680930176666
0.4782202150464463	0.13656827333333332	5.975487477146666
0.4799655442984406	0.2127532	6.094963823289999
0.481710873550435	0.1338255	6.03351663884
0.48345620280242924	0.20502003333333332	6.10457764487
0.4852015320544237	0.12569056	5.975362933036665
0.48694686130641796	0.08598331333333334	5.9409936720299985
0.4886921905584123	0.10588006	5.971273094973332
0.49043751981040656	0.03601622333333333	5.823097135199999
0.49218284906240095	0.050373683333333336	5.786129453676667
0.4939281783143953	0.10665191333333335	5.848903728703334
0.4956735075663895	0.07806184666666667	5.8600970656166655
0.4974188368183839	0.13230546666666665	5.913497777903332
0.49916416607037833	0.07195913	5.696692622833333
0.5009094953223726	0.09918183666666665	5.618706981933333
0.5026548245743669	0.10461310000000001	5.689552557813333
0.5044001538263612	0.039511851333333334	5.67324620728
0.5061454830783556	0.07051078666666666	5.607005845640001
0.5078908123303499	0.09951960333333333	5.440074974629999
0.5096361415823442	0.09596455666666666	5.38027583272
0.5113814708343385	0.17679936666666665	5.6123085535533335
0.5131268000863327	0.11473669333333332	5.581107401143333
0.5148721293383272	0.1561233	5.431573483803334
0.5166174585903216	0.15691996666666666	5.25151373643
0.5183627878423158	0.06752162333333334	5.18864567248
0.5201081170943103	0.10840032333333334	5.3899905322
0.5218534463463045	0.15262326999999998	5.446461811933333
0.5235987755982989	0.1433562	5.27949811819
0.5253441048502931	0.22775916666666665	5.290409405493333
0.5270894341022874	0.14929843999999998	5.292359006063333
0.5288347633542818	0.13964737666666666	5.395280155616666
0.5305800926062761	0.1494429333333333	5.390556285913334
0.5323254218582705	0.07231026333333332	5.221233198706667
0.5340707511102649	0.0917547	5.24280210465
0.5358160803622593	0.14818632333333331	5.3651127508466665
0.5375614096142536	0.09812601333333333	5.340145356933332
0.5393067388662478	0.11882205000000001	5.319057911029999
0.541052068118242	0.06991048333333333	5.20781062957
0.5427973973702365	0.06144041333333333	5.24247322742
0.5445427266222308	0.06497774666666667	5.2936781134699995
0.5462880558742251	0.031296215999999995	5.15973517118
0.5480333851262194	0.036731169999999994	5.02214062493
0.5497787143782138	0.08073287333333333	5.01163423684
0.5515240436302082	0.07192066333333333	5.061321780356666
0.5532693728822025	0.09790439000000001	5.135997082289999
0.5550147021341967	0.06990452999999999	4.964496790709999
0.5567600313861911	0.11717404	4.830915127746666
0.5585053606381855	0.13105257666666664	4.834879838036667
0.5602506898901798	0.07778569	4.838936778743333
0.561996019142174	0.09410426333333333	4.813104168803333
0.5637413483941685	0.15050229999999998	4.727865989749999
0.5654866776461628	0.14740892	4.646610016833333
0.5672320068981571	0.19145506666666667	4.764014809506667
0.5689773361501516	0.1325280033333333	4.739768097333333
0.5707226654021459	0.12041552	4.619732021526667
0.57246799465414	0.15171743	4.5463697692
0.5742133239061344	0.10753053000000001	4.539763304596667
0.5759586531581287	0.09588864	4.633220882009999
0.5777039824101231	0.1536531233333333	4.679149402346667
0.5794493116621174	0.11483696666666666	4.540825205056667
0.5811946409141118	0.11533087333333332	4.538904258333333
0.582939970166106	0.06602438333333334	4.56716811395
0.5846852994181004	0.030333496666666668	4.567274815036667
0.5864306286700948	0.051178203333333325	4.520354665539999
0.5881759579220891	0.03884343333333333	4.423239719393333
0.5899212871740833	0.019228062666666663	4.444680097059999
0.5916666164260775	0.06211641333333333	4.565903243849999
0.593411945678072	0.034131873333333326	4.4896023106200005
0.5951572749300664	0.04691182766666666	4.380065512876667
0.5969026041820606	0.03227881666666666	4.277759150353333
0.5986479334340549	0.03141616666666666	4.305290770116667
0.6003932626860494	0.06328826333333332	4.418369429476666
0.6021385919380438	0.04896721	4.360103875656667
0.603883921190038	0.04776432666666667	4.21346435669
0.6056292504420324	0.13201163666666665	4.218458592653333
0.6073745796940266	0.12308711	4.249667727089999
0.609119908946021	0.13235393333333334	4.34337916153
0.6108652381980153	0.10669283333333332	4.2829045376899995
0.6126105674500095	0.09542005333333332	4.129683804523333
0.614355896702004	0.16749646333333335	4.147466680466666
0.6161012259539983	0.17314791	4.2248481882233335
0.6178465552059926	0.13079679333333333	4.2345547650499995
0.6195918844579871	0.20948429999999998	4.2508537067
0.6213372137099814	0.20575883333333334	4.155488017853333
0.6230825429619757	0.19399874333333333	4.17439692899
0.62482787221397	0.15512589999999998	4.217188300976666
0.6265732014659642	0.08942856333333334	4.134112584066667
0.6283185307179586	0.14381741666666664	4.105633466276666
0.630063859969953	0.20644926666666666	4.16495381829
0.6318091892219473	0.13044485666666666	4.2032361279899995
0.6335545184739415	0.11470541666666667	4.247586369343333
0.635299847725936	0.07682202666666665	4.104776288129999
0.6370451769779303	0.06098323333333333	4.006809020853333
0.6387905062299246	0.06806127	4.076602028543332
0.6405358354819191	0.03114612	4.137185832526667
0.6422811647339131	0.015611157666666667	4.10632115234
0.6440264939859075	0.047510983333333326	3.9952786614566667
0.6457718232379019	0.021306806666666667	3.894756940683333
0.6475171524898962	0.03210344366666666	4.000499122796667
0.6492624817418906	0.016943356666666666	4.047068242403333
0.6510078109938849	0.017985412	3.970042436299999
0.6527531402458793	0.016983241666666662	3.8461707485866663
0.6544984694978735	0.009519857333333333	3.79216332305
0.6562437987498679	0.04099028666666667	3.8958041388266667
0.6579891280018623	0.07032675666666667	3.979107365153333
0.6597344572538565	0.05035593666666666	3.887999631243333
0.6614797865058508	0.10008254	3.8516116021
0.6632251157578453	0.09990273666666666	3.832573778873333
0.6649704450098396	0.11325866666666665	3.871073535013333
0.6667157742618338	0.12009211	3.8720096586266664
0.668461103513828	0.07096979666666665	3.7479987144466667
0.6702064327658226	0.11688973333333333	3.74571153935
0.6719517620178169	0.2172729	3.890743919366667
0.6736970912698113	0.1776059	3.89441559626
0.6754424205218055	0.1686805	3.82682272861
0.6771877497737997	0.13287133333333334	3.6585577510166667
0.6789330790257941	0.11280396	3.60563598232
0.6806784082777885	0.17027697999999997	3.7796610179199996
0.6824237375297828	0.15521259999999998	3.840876687786667
0.6841690667817772	0.11719383666666668	3.7121098092099993
0.6859143960337715	0.17939310999999997	3.6279786601366664
0.6876597252857658	0.14559841666666667	3.5943850493
0.6894050545377601	0.10895486333333333	3.723292257523333
0.6911503837897546	0.08568366999999999	3.7679117978166663
0.6928957130417489	0.06097419999999999	3.6041529716733334
0.6946410422937431	0.10023411633333335	3.5189321075466666
0.6963863715457373	0.11760050333333333	3.5935430313433336
0.6981317007977319	0.05255095866666666	3.6717445385699996
0.6998770300497262	0.06100492	3.6927568408133333
0.7016223593017206	0.05490573699999999	3.5360337009033334
0.7033676885537148	0.04721027666666667	3.4645798222033335
0.705113017805709	0.036825076666666665	3.5620384593566663
0.7068583470577035	0.013310152	3.61068330579
0.7086036763096978	0.021077159999999998	3.5345435154633327
0.710349005561692	0.04834178333333333	3.4375277217966667
0.7120943348136863	0.02617966433333333	3.434386959173333
0.7138396640656808	0.040970346	3.587521011363333
0.7155849933176751	0.03428178633333333	3.587487329399999
0.7173303225696694	0.033975168	3.416844808893333
0.7190756518216639	0.036611234666666666	3.29926143827
0.7208209810736581	0.036135780333333326	3.3666172687066664
0.7225663103256524	0.06494484666666667	3.5337658542766666
0.7243116395776467	0.09998118	3.5542907587466663
0.726056968829641	0.06970861666666667	3.33897693034
0.7278022980816354	0.08537700333333333	3.23781469766
0.7295476273336298	0.09548999333333331	3.314292812803333
0.7312929565856241	0.09660667666666667	3.421046426206667
0.7330382858376183	0.09774743999999999	3.3832028686966664
0.7347836150896128	0.0844718	3.209782317726667
0.7365289443416071	0.09485448999999999	3.155196998013333
0.7382742735936013	0.14666306666666665	3.308967862776666
0.7400196028455955	0.11148825000000001	3.35161752959
0.7417649320975901	0.07873722999999999	3.23567775261
0.7435102613495844	0.07698282666666667	3.0820079066099995
0.7452555906015788	0.09116607	3.0858968815333334
0.747000919853573	0.10491575666666667	3.25198157286
0.7487462491055674	0.08832960333333331	3.301968414456667
0.7504915783575618	0.05234510333333332	3.131773482023333
0.752236907609556	0.08872596666666667	3.040459961203333
0.7539822368615503	0.08856900333333331	3.1003189796233332
0.7557275661135445	0.055413214	3.2266229252166667
0.757472895365539	0.03357666066666666	3.216380635223333
0.7592182246175333	0.03920198	3.050882025203333
0.7609635538695276	0.061990634999999995	2.9912347370233334
0.7627088831215221	0.07501334333333333	3.1438374788966663
0.7644542123735163	0.027990194666666666	3.2352686395833334
0.7661995416255106	0.028643709999999996	3.16182726116
0.767944870877505	0.04630114	2.9908315342466665
0.7696902001294994	0.046139693999999995	2.9638874922933334
0.7714355293814937	0.035913263333333334	3.12191826805
0.773180858633488	0.03501427333333333	3.209396421476666
0.7749261878854823	0.04226969999999999	3.091571840266667
0.7766715171374765	0.06918576666666666	2.977317278553333
0.778416846389471	0.04074564333333333	2.98808305769
0.7801621756414653	0.028866176666666667	3.1204701506866663
0.7819075048934595	0.04320454666666666	3.1420642370899996
0.7836528341454538	0.050058974333333325	2.992305508856666
0.7853981633974483	0.04615052	2.90367642257
0.7871434926494427	0.04648564966666666	2.9963331816166665
0.7888888219014369	0.037569476666666664	3.0892457774799995
0.7906341511534312	0.06841744	3.067946812216667
0.7923794804054256	0.05529083333333333	2.905581788453333
0.7941248096574199	0.028112576666666667	2.8365086984266665
0.7958701389094142	0.043056269999999994	2.9560452377966664
0.7976154681614087	0.06332875333333333	3.04423797587
0.7993607974134027	0.058457413333333326	2.9611527880566664
0.8011061266653973	0.06676579666666667	2.8496176460666662
0.8028514559173916	0.043795553999999993	2.8193465329633334
0.8045967851693858	0.053635138000000006	2.936775459093333
0.8063421144213804	0.06483305133333332	3.001739901193333
0.8080874436733746	0.04124270666666666	2.9011003532400004
0.8098327729253688	0.034911794499999996	2.806656514906667
0.8115781021773631	0.06418924633333332	2.851172555103333
0.8133234314293576	0.06449295799999999	2.93629492577
0.815068760681352	0.06739273999999999	2.963636289303333
0.8168140899333463	0.03908747333333333	2.84614406681
0.8185594191853405	0.031300006666666665	2.7675092636399996
0.8203047484373349	0.05437129666666666	2.8370460727133335
0.8220500776893291	0.05923209666666666	2.9163577942066667
0.8237954069413235	0.053750240000000005	2.8917398805033336
0.8255407361933177	0.07215044999999999	2.8088613715466666
0.827286065445312	0.058791399999999994	2.7448945894700003
0.8290313946973066	0.061741453333333335	2.821855165673333
0.8307767239493009	0.04739559	2.8788464165466667
0.8325220532012951	0.03125116133333333	2.8111707934766663
0.8342673824532894	0.057078986666666665	2.73824546277
0.8360127117052839	0.07324355333333334	2.7518057332266666
0.8377580409572781	0.04423033	2.827212147633333
0.8395033702092725	0.04646979033333333	2.8922106048500003
0.8412486994612667	0.03261361333333333	2.797559442233333
0.8429940287132611	0.031179743	2.6950140263233333
0.8447393579652556	0.035324215	2.7218434185966665
0.8464846872172498	0.019356111666666665	2.8082613061833333
0.8482300164692442	0.023222784673333333	2.849559799813333
0.8499753457212386	0.050371043333333324	2.793536497816666
0.8517206749732327	0.032864207666666666	2.68498207707
0.853466004225227	0.03021515333333333	2.705148858236666
0.8552113334772216	0.01959393233333333	2.761811643023333
0.8569566627292158	0.020338538666666666	2.7519893394499997
0.8587019919812102	0.04096122666666666	2.690832787883333
0.8604473212332044	0.036864379999999995	2.63284257547
0.8621926504851987	0.02820693333333333	2.66008301305
0.8639379797371932	0.05596212666666667	2.7433542088966663
0.8656833089891874	0.044004693333333324	2.7001798790800002
0.8674286382411818	0.04401299	2.6212555187733333
0.869173967493176	0.04076805666666666	2.589588285203333
0.8709192967451702	0.028119356666666668	2.6155221635999997
0.8726646259971648	0.05863493333333333	2.6884525329266666
0.8744099552491591	0.08351451333333333	2.6895107148399995
0.8761552845011533	0.058167079999999996	2.6027879270066667
0.8779006137531478	0.0747058	2.61390617072
0.8796459430051421	0.06533260333333332	2.64549620969
0.8813912722571363	0.05245055666666666	2.6444996139366665
0.8831366015091309	0.07899179	2.6300526406599998
0.8848819307611251	0.07810411666666667	2.582370113583333
0.8866272600131193	0.07060824	2.58806856855
0.8883725892651138	0.10369318	2.6753149299
0.890117918517108	0.07529015333333333	2.6492898851333333
0.8918632477691024	0.05576971333333334	2.570490977146667
0.8936085770210968	0.06521405	2.5333581363799995
0.895353906273091	0.053133469999999995	2.5409231794333333
0.8970992355250853	0.05954917333333333	2.60157217227
0.8988445647770799	0.08100651	2.6298777335366665
0.9005898940290741	0.04878397666666666	2.5490130267333333
0.9023352232810684	0.040410191	2.5123745634866665
0.9040805525330626	0.037272087999999995	2.5283959983766664
0.9058258817850569	0.026791739999999998	2.547676698913333
0.9075712110370514	0.03467340666666666	2.55252549168
0.9093165402890456	0.04004541666666666	2.5296045973999997
0.91106186954104	0.023187355666666666	2.51315255885
0.9128071987930344	0.030016177333333328	2.54850415791
0.9145525280450286	0.025958126666666664	2.54447865007
0.9162978572970231	0.023621859999999998	2.5116321000533333
0.9180431865490173	0.020064709666666666	2.4856920666799995
0.9197885158010117	0.018109293999999998	2.5000800303466666
0.921533845053006	0.019610543333333334	2.538951078683333
0.9232791743050003	0.02705632	2.5409928649566664
0.9250245035569945	0.024283453333333333	2.4865674715733332
0.9267698328089891	0.031437464	2.464280386943333
0.9285151620609834	0.024490566666666665	2.4729305602533334
0.9302604913129776	0.027972679333333333	2.5107431759333334
0.9320058205649719	0.026754784000000004	2.5156128964766666
0.9337511498169662	0.021831118666666666	2.4647408373333333
0.9354964790689607	0.03894253733333333	2.437194042286667
0.9372418083209549	0.06175077400000001	2.467766842623333
0.9389871375729492	0.0459242113	2.48357220558
0.9407324668249435	0.046411966	2.49685626445
0.9424777960769379	0.04079692633333333	2.4640446451566667
0.9442231253289324	0.040393600333333335	2.418938751223333
0.9459684545809266	0.06923098	2.4369566602133332
0.9477137838329208	0.07587602333333333	2.4652368222933334
0.9494591130849153	0.050623895	2.44653799696
0.9512044423369096	0.06743054999999999	2.4431256386099998
0.9529497715889038	0.06365404333333333	2.4169899915866666
0.9546951008408984	0.04852636433333333	2.40349237453
0.9564404300928926	0.05964520666666667	2.4234996635966666
0.9581857593448869	0.06267626333333333	2.4059950307499998
0.9599310885968813	0.057703700000000004	2.3651598474799997
0.9616764178488755	0.07293776333333332	2.3742433510966663
0.96342174710087	0.04607016333333333	2.3736108870033332
0.9651670763528643	0.03191471966666666	2.3766420561733335
0.9669124056048585	0.056169859999999995	2.3700322946566668
0.9686577348568528	0.06573140233333333	2.33495949081
0.9704030641088474	0.051543292	2.3255398026
0.9721483933608416	0.045358903333333325	2.3525986121133333
0.9738937226128359	0.03819427533333333	2.34269259367
0.9756390518648301	0.06204526033333333	2.3294436560033334
0.9773843811168246	0.07012726666666666	2.3160735853866665
0.9791297103688189	0.046297743	2.32050678818
0.9808750396208131	0.03343213666666666	2.343726403483333
0.9826203688728073	0.05452253333333333	2.336354476833333
0.9843656981248019	0.07629345	2.2937516279266665
0.9861110273767961	0.08062766666666665	2.29258444677
0.9878563566287906	0.045439679999999996	2.311918143103333
0.9896016858807848	0.036752151	2.336864761093333
0.991347015132779	0.06330042433333333	2.325203666326666
0.9930923443847736	0.08054120000000001	2.2765446309299997
0.9948376736367678	0.071657509	2.26501389232
0.9965830028887621	0.05594268666666667	2.3109686761366666
0.9983283321407567	0.04421612333333333	2.3271860691666664
1.0000736613927508	0.072385382	2.31212391705
1.0018189906447452	0.07905118033333333	2.2660592171199996
1.0035643198967397	0.05254689666666666	2.242519033983333
1.0053096491487339	0.045136239999999994	2.2861246735766665
1.007054978400728	0.060475343333333334	2.3303008555133333
1.0088003076527223	0.06600834	2.306982029436666
1.0105456369047165	0.07343370666666665	2.2776962977033333
1.0122909661567112	0.048141023000000005	2.25181034559
1.0140362954087054	0.02832753866666666	2.2556726182999998
1.0157816246606999	0.045456751	2.2863417719766663
1.017526953912694	0.05977509000000001	2.287571016073333
1.0192722831646883	0.04916095366666666	2.25908576684
1.0210176124166828	0.04682023999999999	2.26095783233
1.022762941668677	0.03062304393333333	2.2577767093499994
1.0245082709206712	0.026054832	2.253427123153333
1.0262536001726654	0.03758166813333333	2.2444311879566663
1.02799892942466	0.04214485536266666	2.2203824926999998
1.0297442586766543	0.039058006333333325	2.212581649616667
1.0314895879286488	0.04261794333333333	2.241509301373333
1.0332349171806432	0.02729542306666666	2.24630428613
1.0349802464326374	0.026193483666666663	2.2318416812399997
1.0367255756846316	0.03763499133333333	2.1995432971966666
1.0384709049366259	0.04118920366666666	2.1756520037566665
1.0402162341886205	0.035958406666666665	2.1991140146633334
1.041961563440615	0.034973966333333335	2.24631550414
1.043706892692609	0.028729533333333328	2.245898990093333
1.0454522219446034	0.0383176	2.2179880388799997
1.0471975511965979	0.03849214333333333	2.18510418866
1.048942880448592	0.02820644333333333	2.1923353274400004
1.0506882097005863	0.026625156666666667	2.2350538833366667
1.0524335389525805	0.03856791	2.2491013636666666
1.0541788682045747	0.04299106666666667	2.21560805266
1.0559241974565694	0.04277689633333333	2.20210780531
1.0576695267085636	0.025425149999999997	2.21331553053
1.059414855960558	0.024707303333333333	2.2395049526733333
1.0611601852125523	0.03999249366666666	2.2285051174266663
1.0629055144645467	0.046823642666666665	2.1736969747533332
1.064650843716541	0.041107436666666664	2.153605268853333
1.0663961729685352	0.038194983333333335	2.2009417547833334
1.0681415022205298	0.033025736666666666	2.229053841453333
1.069886831472524	0.04820906666666667	2.2071723129433334
1.0716321607245185	0.049126869999999996	2.1378557258599997
1.0733774899765127	0.03413470666666667	2.1008975387466666
1.0751228192285072	0.037132606666666665	2.1529407610733333
1.0768681484805014	0.05124934666666667	2.20866309709
1.0786134777324956	0.05433922	2.178766784593333
1.0803588069844898	0.062194929999999995	2.120481572896667
1.082104136236484	0.041238993333333335	2.0776516079466667
1.0838494654884787	0.027098253333333336	2.104605971323333
1.085594794740473	0.04898551999999999	2.1706297965866668
1.0873401239924672	0.06314456333333332	2.1687060779866667
1.0890854532444616	0.060852946666666664	2.1145011440299997
1.0908307824964558	0.06490678333333333	2.1002191345566663
1.0925761117484503	0.04013396333333333	2.1000250689433333
1.0943214410004445	0.03628451	2.118959337593333
1.0960667702524387	0.06091769666666667	2.1250178705766665
1.0978120995044334	0.062451926666666664	2.084809370013333
1.0995574287564276	0.06090442666666666	2.0784529744099998
1.101302758008422	0.07016640999999998	2.126954211496667
1.1030480872604165	0.04717253666666667	2.1270591150166664
1.1047934165124107	0.04745586333333333	2.10087780285
1.106538745764405	0.06218621666666666	2.06542641771
1.1082840750163991	0.051645146666666655	2.0371643110199997
1.1100294042683934	0.05633932333333334	2.0792378325899996
1.111774733520388	0.07169516333333333	2.1354675993466667
1.1135200627723822	0.049516519999999994	2.1054113281966664
1.1152653920243765	0.045805870000000005	2.064462469023333
1.117010721276371	0.04737369	2.042952161543333
1.1187560505283651	0.03598625999999999	2.042555907863333
1.1205013797803596	0.05155502666666667	2.0832535144266666
1.1222467090323538	0.06552648	2.0988496406599997
1.123992038284348	0.03797951	2.0522916746566664
1.1257373675363422	0.030446709999999995	2.0365572957966664
1.127482696788337	0.030041829333333332	2.041239651683333
1.1292280260403311	0.026573089999999997	2.043949844156667
1.1309733552923256	0.04038208333333333	2.0540912182033333
1.13271868454432	0.040594856666666665	2.0389794536933334
1.1344640137963142	0.017128341999999998	2.0078687983366663
1.1362093430483085	0.020485562	2.01937471481
1.1379546723003031	0.021565436666666667	2.0268563625666665
1.139700001552297	0.015894629333333334	2.0213901928366664
1.1414453308042918	0.018544746666666667	2.01975481068
1.143190660056286	0.016678131	2.0100484372666667
1.14493598930828	0.012068218666666667	2.00491261774
1.1466813185602747	0.020587446	2.0179392223
1.1484266478122689	0.014069850999999998	2.007029057743333
1.150171977064263	0.009502169999999999	1.997147701763333
1.1519173063162573	0.013320553333333332	2.003552474113333
1.1536626355682515	0.01642622033333333	2.0129944295633333
1.1554079648202462	0.016686208666666667	2.0164193392966667
1.1571532940722404	0.019518516666666666	2.0069315051866665
1.1588986233242349	0.020945619999999998	1.9828141963133332
1.160643952576229	0.029893996666666665	1.981704821853333
1.1623892818282235	0.02592795333333333	1.9892129890133332
1.1641346110802178	0.020155367666666667	1.9926080452233332
1.165879940332212	0.023855978333333333	1.9868625138100002
1.1676252695842066	0.03628484666666666	1.97586645101
1.1693705988362009	0.04882581666666667	1.9727597464866664
1.171115928088195	0.04913861	1.9776999215566664
1.1728612573401895	0.027987144999999998	1.9567936876199998
1.1746065865921838	0.0292866	1.9371282468766666
1.1763519158441782	0.048706073333333336	1.9353843649766667
1.1780972450961724	0.05759899333333333	1.9457856771266666
1.1798425743481666	0.05113838666666666	1.9589601148066667
1.1815879036001609	0.03981949333333333	1.9559340922933333
1.183333232852155	0.033281729999999995	1.9256305264633333
1.18507856210415	0.05197629666666666	1.9173030068366668
1.186823891356144	0.05910886333333333	1.9287261187066669
1.1885692206081382	0.04213488333333333	1.9344785035999998
1.1903145498601329	0.031178586999999997	1.9296104709933335
1.192059879112127	0.04025993333333333	1.9167418982333333
1.1938052083641213	0.0476363	1.9027174921033332
1.1955505376161155	0.04961723666666666	1.9204666447833332
1.1972958668681097	0.034121109999999996	1.9393932133266667
1.1990411961201044	0.021310542386666666	1.9316602786966668
1.2007865253720988	0.031650318999999996	1.9135446945599999
1.2025318546240933	0.04584538133333333	1.9054884187533334
1.2042771838760875	0.03361568066666666	1.9075695440499998
1.2060225131280817	0.02079202033333333	1.9273172429066667
1.207767842380076	0.016763560666666667	1.9269689726133334
1.2095131716320702	0.020563472333333332	1.9049446534933332
1.2112585008840648	0.027042269666666664	1.9010597460299998
1.213003830136059	0.02424652843333333	1.92041936054
1.2147491593880533	0.010096386333333332	1.93041988143
1.2164944886400477	0.013410365	1.9266002340733333
1.218239817892042	0.01680865033333333	1.8994974186100002
1.2199851471440364	0.011392568	1.8845504730566667
1.2217304763960306	0.009601692	1.9048141060433335
1.2234758056480248	0.014432658000000001	1.9227156796566667
1.225221134900019	0.02028317333333333	1.9106502988333336
1.2269664641520137	0.02569986666666666	1.89227549422
1.228711793404008	0.010963835	1.8733358658933332
1.2304571226560024	0.006542584000000001	1.880179823183333
1.2322024519079966	0.02536861333333333	1.89873503956
1.233947781159991	0.040065733333333325	1.8895202671833333
1.2356931104119853	0.04039493333333333	1.86806607157
1.23743843966398	0.03326905333333333	1.8619458814333332
1.2391837689159741	0.021139259999999997	1.8520725296466667
1.240929098167968	0.040071323333333325	1.85671815923
1.2426744274199628	0.06388745333333333	1.8635971216366667
1.244419756671957	0.054711010000000004	1.84998206151
1.2461650859239515	0.042167296666666666	1.8419413278533332
1.2479104151759457	0.05128368666666667	1.8467431546433333
1.24965574442794	0.06155695333333333	1.834756930263333
1.2514010736799341	0.07689698333333334	1.8349155570833333
1.2531464029319284	0.0734132	1.84148276883
1.254891732183923	0.051778693333333334	1.8301551025066667
1.2566370614359172	0.059329009999999995	1.8232609834533335
1.2583823906879115	0.08998859	1.826937637853333
1.260127719939906	0.08691887	1.8148931958699999
1.2618730491919004	0.07040354666666666	1.82032121214
1.2636183784438946	0.06558368666666665	1.8360720388733331
1.2653637076958888	0.07111825666666667	1.8243824516666667
1.267109036947883	0.09064828666666666	1.80691937903
1.2688543661998777	0.10078263999999999	1.80604888501
1.270599695451872	0.06659625999999999	1.7974391387666666
1.2723450247038663	0.04768480333333333	1.8057755023133333
1.2740903539558606	0.07262836	1.82038640568
1.2758356832078548	0.09021738666666665	1.8035254785000001
1.2775810124598492	0.08523602999999999	1.788811335503333
1.2793263417118435	0.07279562333333334	1.8011133082666666
1.2810716709638381	0.04624064333333333	1.7948210899900001
1.282817000215832	0.05035023	1.7855057987233334
1.2845623294678261	0.08006017333333333	1.7848693727366665
1.286307658719821	0.07676867999999999	1.7785249114133332
1.288052987971815	0.056044153333333326	1.7895672107166667
1.2897983172238097	0.054793666666666664	1.8082639149366666
1.2915436464758039	0.049657019999999996	1.779888481333333
1.293288975727798	0.05327378666666667	1.7458181869733331
1.2950343049797923	0.061251413333333324	1.74711266079
1.296779634231787	0.04692554	1.7670498395599998
1.2985249634837812	0.035137949999999994	1.7914322032433332
1.3002702927357757	0.04613816999999999	1.79522466378
1.3020156219877699	0.04272390333333333	1.7519757195833334
1.3037609512397643	0.032294569999999995	1.7209268344099997
1.3055062804917585	0.031233146666666663	1.73889348338
1.3072516097437528	0.028556103333333333	1.7716144098433333
1.308996938995747	0.025005946666666667	1.7824259589066669
1.3107422682477412	0.030184673333333332	1.7632032204766666
1.3124875974997359	0.023079671	1.7252904601733334
1.31423292675173	0.012454363333333333	1.7224434778666666
1.3159782560037245	0.016449573333333332	1.76237974939
1.3177235852557188	0.02324411933333333	1.7892981638199998
1.319468914507713	0.01754968033333333	1.7645705485733334
1.3212142437597074	0.015066676666666667	1.7217312643966667
1.3229595730117016	0.013875374666666666	1.7106058895466667
1.3247049022636959	0.012023796333333331	1.7507512974033332
1.3264502315156905	0.015484954333333332	1.7940203041933334
1.3281955607676847	0.021664663333333334	1.7846919669333332
1.3299408900196792	0.016538537	1.72850929871
1.3316862192716734	0.012985797666666667	1.6988331007266666
1.3334315485236676	0.018726779333333332	1.73490189003
1.3351768777756619	0.024278767666666663	1.7882493445533332
1.336922207027656	0.023443236	1.78175477061
1.338667536279651	0.02819141533333333	1.72610060515
1.3404128655316452	0.027927266666666662	1.68737496386
1.3421581947836396	0.02383863333333333	1.7152221096566667
1.3439035240356338	0.033253569999999996	1.7840280374933333
1.345648853287628	0.04468471333333333	1.8038259870466664
1.3473941825396225	0.037275126666666665	1.7364344302299997
1.3491395117916167	0.034513053333333335	1.675576429923333
1.350884841043611	0.03627884	1.69000003239
1.3526301702956052	0.03723244333333334	1.75099350164
1.3543754995475994	0.051553249999999995	1.7906697177666668
1.356120828799594	0.06012761999999999	1.7578619332
1.3578661580515883	0.040512606666666666	1.6858924214799997
1.3596114873035827	0.031519639999999995	1.68240705718
1.361356816555577	0.040465940000000006	1.7437564430766668
1.3631021458075712	0.048716716666666667	1.7780573013533332
1.3648474750595656	0.056256626666666656	1.74962303245
1.3665928043115598	0.051271759	1.69002874134
1.3683381335635545	0.029106966666666664	1.66030299019
1.3700834628155487	0.028211521666666663	1.7089404672066666
1.371828792067543	0.043948325999999996	1.76979831399
1.3735741213195374	0.047073943333333326	1.7604156220533334
1.3753194505715316	0.039025624999999994	1.7035689331866666
1.377064779823526	0.029104544	1.6657090291233332
1.3788101090755203	0.020574126666666664	1.6781015740466665
1.3805554383275145	0.02932993966666667	1.7334067695699997
1.3823007675795091	0.037645931	1.7575948593333335
1.384046096831503	0.027981997666666664	1.7119737139166666
1.3857914260834978	0.017843372	1.6588572072999999
1.387536755335492	0.019270510999999997	1.6592325391766665
1.3892820845874863	0.021887923666666663	1.7028756476966667
1.3910274138394805	0.026882832666666665	1.7483715016366665
1.3927727430914747	0.021355417333333335	1.7329233805933333
1.3945180723434691	0.010159640666666666	1.6659046841066667
1.3962634015954638	0.017157746666666664	1.6353161219466668
1.398008730847458	0.02955124	1.6673944573966666
1.3997540600994525	0.025125623	1.7078930615433334
1.4014993893514467	0.020181758666666667	1.7177957691533332
1.4032447186034411	0.013651118666666665	1.67541312148
1.4049900478554354	0.01458201	1.6264298409166664
1.4067353771074296	0.03573663333333334	1.6387789192233333
1.4084807063594238	0.04278327	1.6781197582466665
1.410226035611418	0.025123073333333332	1.6796015059466667
1.4119713648634127	0.024305174333333335	1.6547608671866665
1.413716694115407	0.031673603333333335	1.6195911202866666
1.4154620233674011	0.03707357666666666	1.60669543291
1.4172073526193956	0.050596459999999996	1.6407966100966664
1.4189526818713898	0.04718853666666667	1.6633906881266667
1.420698011123384	0.02908164333333333	1.6353402477366665
1.4224433403753782	0.039353686666666665	1.6076220462899997
1.4241886696273727	0.05410179	1.5968456151299997
1.4259339988793673	0.04995890333333334	1.6014260494766666
1.4276793281313616	0.050295519999999996	1.6297692286066667
1.429424657383356	0.04932792333333333	1.6403254970033334
1.4311699866353502	0.03918153333333333	1.6099476846666667
1.4329153158873444	0.04852977666666666	1.5927175215066667
1.4346606451393389	0.05873721333333333	1.5987861080433332
1.436405974391333	0.048890296666666666	1.6092989628333332
1.4381513036433278	0.047806049999999996	1.6327233518166668
1.439896632895322	0.05495750666666667	1.64168467947
1.4416419621473162	0.046504443333333326	1.6083939532566665
1.4433872913993107	0.04613256666666666	1.5846870894233334
1.4451326206513049	0.05366351666666666	1.5954494847366665
1.446877949903299	0.05006247666666667	1.62000017081
1.4486232791552933	0.054160356666666666	1.6528602265966665
1.4503686084072875	0.06252328666666665	1.6610514957233333
1.452113937659282	0.04856371333333333	1.6167363263766668
1.4538592669112762	0.04070546666666666	1.5831149533533333
1.4556045961632709	0.05046166999999999	1.5990287082833332
1.457349925415265	0.05349362	1.63130247953
1.4590952546672595	0.05599137999999999	1.6560255188566666
1.460840583919254	0.05889337333333333	1.6516541471133332
1.4625859131712482	0.043873123333333326	1.6101937108366666
1.4643312424232424	0.03706102666666666	1.5926655150499998
1.4660765716752366	0.048929273333333335	1.6220512571399999
1.4678219009272309	0.05100458	1.64667379327
1.4695672301792255	0.044934249999999995	1.6429916081766667
1.4713125594312197	0.04344220333333333	1.6204660787233334
1.4730578886832142	0.034434110000000004	1.5895096873466668
1.4748032179352084	0.031180096666666664	1.5933182881799999
1.4765485471872026	0.04177012	1.6357294706099998
1.478293876439197	0.041577866666666664	1.6549280647866667
1.480039205691191	0.030681543333333332	1.6291788157166665
1.481784534943186	0.02887964	1.59339061309
1.4835298641951802	0.025419709999999998	1.5734475996266666
1.4852751934471744	0.02146569	1.5949200020133332
1.4870205226991688	0.027592643333333333	1.6433945499233333
1.488765851951163	0.027851469999999996	1.6514440700066668
1.4905111812031575	0.018386966666666664	1.6050504147633333
1.4922565104551517	0.017940543333333336	1.5659602641966668
1.494001839707146	0.018050089999999998	1.5707496279866666
1.4957471689591406	0.013514292	1.6138707681766666
1.4974924982111348	0.015744671000000002	1.6546917840933333
1.4992378274631293	0.016654725999999998	1.6376352952066666
1.5009831567151235	0.009036693	1.5765484602333333
1.5027284859671177	0.008598917333333332	1.5517314856933333
1.504473815219112	0.012014220666666667	1.5871045377699997
1.5062191444711062	0.009906478333333333	1.636534730113333
1.5079644737231006	0.010354448666666665	1.6499948157766666
1.5097098029750948	0.011806974999999999	1.61013329695
1.511455132227089	0.00570765	1.55630746882
1.5132004614790837	0.004311069666666667	1.55394270217
1.514945790731078	0.0089659533	1.5981604673066667
1.5166911199830724	0.007832757016666667	1.62902079551
1.5184364492350666	0.006181147	1.6197248265033333
1.520181778487061	0.009046063333333333	1.5869297835799998
1.5219271077390553	0.007794961	1.5610414759533333
1.5236724369910495	0.007440733	1.5684656158266663
1.5254177662430441	0.010728770333333333	1.5923860074733334
1.5271630954950384	0.00990223	1.5947720044399998
1.5289084247470326	0.008803120333333333	1.5735264345266666
1.530653753999027	0.012517297666666665	1.5537363454233333
1.5323990832510213	0.013673633	1.5540976783633333
1.5341444125030157	0.012673313666666667	1.57897422587
1.53588974175501	0.013212791000000002	1.6031505070366667
1.537635071007004	0.014435401666666667	1.5945844607900002
1.5393804002589988	0.01655949333333333	1.5568713590933332
1.541125729510993	0.019478913333333334	1.5265182117266667
1.5428710587629875	0.01971053	1.5342867007633334
1.5446163880149817	0.017171686	1.57360661424
1.546361717266976	0.015211243333333334	1.6016666721566666
1.5481070465189704	0.01720032666666666	1.58838406388
1.5498523757709646	0.020165046666666665	1.5487109333766667
1.5515977050229588	0.020398386666666664	1.5237554512566664
1.553343034274953	0.019430863333333333	1.53863080827
1.5550883635269477	0.018654298666666666	1.5752171029233333
1.556833692778942	0.017739393333333332	1.5903776213166667
1.5585790220309363	0.019292776666666667	1.5680967914833333
1.5603243512829306	0.021388348	1.53095738687
1.5620696805349248	0.019066282666666663	1.5101072343466666
1.563815009786919	0.016091709666666665	1.5229306479
1.5655603390389135	0.018009663333333332	1.5574829128399998
1.5673056682909077	0.01955285	1.5740767886966665
1.5690509975429023	0.018515213666666665	1.5528696813366665
1.5707963267948966	0.019142080666666665	1.51641708511
1.5725416560468908	0.017443049	1.49463893749
1.5742869852988854	0.014000228333333333	1.5046466415166666
1.5760323145508797	0.017081599333333333	1.5380444030133333
1.5777776438028739	0.01912101833333333	1.5518728086633333
1.579522973054868	0.015228826333333334	1.5266969383333333
1.5812683023068623	0.0159409739	1.4984535062366666
1.583013631558857	0.016454746666666666	1.4962581275133333
1.5847589608108512	0.011854337666666668	1.5168960084766665
1.5865042900628454	0.013520016666666666	1.5394652802100002
1.5882496193148399	0.01658164363333333	1.528677270153333
1.589994948566834	0.013570701999999999	1.4874684728599998
1.5917402778188283	0.015423160333333333	1.47176396286
1.5934856070708228	0.01702066533333333	1.50011250576
1.5952309363228174	0.010225536666666667	1.5348321266133333
1.5969762655748112	0.009211471666666665	1.5419711242066667
1.5987215948268054	0.014360403666666667	1.50813408032
1.6004669240788003	0.013587810233333334	1.4585907036033334
1.6022122533307945	0.014397915333333332	1.4516919642633335
1.603957582582789	0.015985172	1.4904455266466665
1.6057029118347832	0.009438577	1.5184685051899998
1.6074482410867772	0.007809149333333332	1.5094598627833333
1.6091935703387716	0.015022540666666667	1.4763360599966664
1.6109388995907659	0.014584933333333331	1.4449619185766664
1.6126842288427607	0.011874712999999999	1.4522196269066667
1.614429558094755	0.013024936666666667	1.487402288646667
1.6161748873467492	0.008840424999999999	1.49421198847
1.6179202165987434	0.008605214666666666	1.4646256063666665
1.6196655458507376	0.017580649999999996	1.43439182403
1.621410875102732	0.01655390333333333	1.42353588271
1.6231562043547263	0.010715638666666666	1.4460747426566665
1.624901533606721	0.012353184	1.48106227016
1.6266468628587152	0.010831707333333333	1.4741992608799999
1.6283921921107094	0.010670997666666668	1.4317403254933334
1.630137521362704	0.02022176333333333	1.4087766932533334
1.6318828506146983	0.02029098333333333	1.4169410838666665
1.6336281798666925	0.013658434999999998	1.4432013236033332
1.6353735091186867	0.01685403	1.46283290324
1.637118838370681	0.018010353333333333	1.43799591947
1.6388641676226756	0.016270136666666664	1.3915944816766666
1.6406094968746698	0.026267676666666663	1.3884611906966664
1.642354826126664	0.02971666333333333	1.4201490267433332
1.6441001553786583	0.02192498	1.4430057293466665
1.6458454846306525	0.02525517	1.4430598877633334
1.647590813882647	0.030421126666666666	1.4100462541199996
1.6493361431346412	0.02736193333333333	1.36700626638
1.6510814723866354	0.03620914333333333	1.3709084516766668
1.6528268016386303	0.04305049666666666	1.4040918646933334
1.654572130890624	0.0328146	1.4141368502666665
1.6563174601426187	0.032848216666666666	1.40774479239
1.6580627893946132	0.04307345333333333	1.3947946000466667
1.6598081186466074	0.04094618333333333	1.3725989439
1.6615534478986018	0.044071940000000004	1.3737217667633335
1.663298777150596	0.05099520333333333	1.39135477986
1.6650441064025903	0.04086516	1.3831846028266668
1.6667894356545845	0.036424946666666666	1.3654976647066666
1.6685347649065787	0.049793950000000003	1.3632161820166666
1.6702800941585736	0.050685676666666665	1.3562628341766665
1.6720254234105678	0.04553047666666667	1.3549093018933331
1.673770752662562	0.05025301	1.3698556069333332
1.6755160819145563	0.04666896333333333	1.3674738901033332
1.6772614111665505	0.04067477333333333	1.3494785565699998
1.679006740418545	0.05241345	1.3493896275166666
1.6807520696705391	0.05502247	1.3492314811599997
1.6824973989225334	0.04202211333333333	1.3405157264766667
1.684242728174528	0.04279698333333333	1.3456287277533332
1.6859880574265222	0.04917541	1.3481298031566666
1.6877333866785167	0.046370543333333326	1.3354830718266666
1.6894787159305111	0.05312446333333333	1.3399183764666667
1.6912240451825054	0.05569448666666667	1.3512631230533334
1.6929693744344996	0.039761403333333334	1.3446907132999997
1.6947147036864938	0.03564158333333334	1.34177809878
1.6964600329384885	0.047865649999999996	1.3460990992166668
1.6982053621904827	0.04862555	1.3353938416366664
1.6999506914424771	0.04728574333333333	1.3289254962266668
1.7016960206944713	0.04885493	1.3339865324633333
1.7034413499464653	0.04009841333333333	1.33041818529
1.7051866791984598	0.03631743333333333	1.3294281048833334
1.706932008450454	0.04909291	1.3414456857600001
1.708677337702449	0.05083960999999999	1.3368724983433333
1.7104226669544431	0.04046416666666667	1.3179047280199998
1.7121679962064373	0.039025743333333335	1.3106199949266666
1.7139133254584316	0.040891163333333334	1.3107002247333333
1.7156586547104258	0.04006592333333332	1.31266437806
1.7174039839624204	0.04865815333333333	1.3249478474133334
1.7191493132144147	0.05138464666666666	1.3246705875866667
1.7208946424664089	0.039551039999999996	1.3051330602166664
1.722639971718403	0.03594694666666667	1.2980121911233333
1.7243853009703973	0.043760129999999994	1.3087159305766667
1.726130630222392	0.04417927	1.3147755580633333
1.7278759594743864	0.04411409333333333	1.3175951091766667
1.7296212887263807	0.04462220333333333	1.3122535805666664
1.7313666179783749	0.03758098666666666	1.2956448229266666
1.733111947230369	0.03370661666666666	1.2916782394166666
1.7348572764823635	0.04080807	1.3084771487333333
1.7366026057343578	0.042320613333333326	1.3179324109900001
1.738347934986352	0.03723036333333333	1.3135471361093334
1.7400932642383462	0.034097159999999994	1.303355767301
1.7418385934903404	0.031570593333333334	1.2908452875433332
1.7435839227423353	0.028208659333333334	1.2879080423006666
1.7453292519943295	0.03052224	1.303200906532
1.7470745812463238	0.03144390666666667	1.3131477439383334
1.7488199104983182	0.02719330366666667	1.305132111824
1.7505652397503124	0.023829918	1.2909352334826667
1.7523105690023066	0.023936612333333333	1.2807443002503334
1.7540558982543013	0.023073923333333333	1.2792098311473334
1.7558012275062955	0.02440129633333333	1.2921002177656666
1.75754655675829	0.023923878666666665	1.3003137453759999
1.7592918860102842	0.020131945066666664	1.291216059482
1.7610372152622784	0.018058407966666665	1.2796324008349997
1.7627825445142726	0.01970486466666667	1.2788764411216667
1.7645278737662669	0.019835749	1.2829715213816666
1.7662732030182617	0.020537503	1.2889338635779999
1.768018532270256	0.018912353333333333	1.28567151412
1.7697638615222502	0.015391397999999997	1.270791569379
1.7715091907742444	0.015098136	1.263143535397
1.7732545200262386	0.018988834333333333	1.2753859387216666
1.7749998492782333	0.018713188999999998	1.2883709413923332
1.7767451785302275	0.016608323666666668	1.2884789250273334
1.7784905077822217	0.014931457666666668	1.2760957653219998
1.780235837034216	0.01355271433333333	1.2608631228066667
1.7819811662862102	0.013956400999999997	1.2572361139196666
1.7837264955382048	0.018959308666666664	1.2723123801779999
1.785471824790199	0.019377847666666663	1.2834000699243333
1.7872171540421935	0.016127035999999997	1.276390464697
1.7889624832941877	0.015823879333333332	1.261246855955
1.790707812546182	0.017926835000000002	1.2518765863753334
1.7924531417981764	0.01833200133333333	1.251313991257
1.7941984710501706	0.021384755666666665	1.261513485639
1.7959438003021653	0.021746403333333334	1.268433215099
1.7976891295541597	0.018972933333333334	1.2615931491786665
1.7994344588061533	0.019270711666666662	1.2475062830719998
1.8011797880581482	0.023755452	1.2409305990686665
1.8029251173101424	0.024281218	1.2440617619786667
1.8046704465621368	0.023540269333333336	1.2550572371406665
1.806415775814131	0.023117787333333334	1.2613026389823334
1.8081611050661253	0.022890923333333334	1.2530503209743333
1.8099064343181195	0.023125129999999997	1.2363032452386666
1.8116517635701137	0.02748318533333333	1.2322708565446665
1.8133970928221086	0.02917985966666667	1.2429859536886667
1.8151424220741028	0.027012706666666664	1.2552293919189998
1.816887751326097	0.024997963333333335	1.254521852728
1.8186330805780913	0.02560175733333333	1.241885657168
1.8203784098300855	0.025814532	1.2287770738493333
1.82212373908208	0.029793000000000004	1.2305062949566667
1.8238690683340746	0.03331841666666666	1.2405454311223334
1.8256143975860688	0.03256493	1.2454314241289999
1.827359726838063	0.028696319999999997	1.2386200819249997
1.8291050560900572	0.027354076999999994	1.2271676459096668
1.830850385342052	0.027644045	1.2185448762896667
1.8325957145940461	0.03122612	1.2200562550436667
1.8343410438460404	0.03457309333333333	1.2261427669333331
1.8360863730980346	0.03526726	1.2314822025843333
1.8378317023500288	0.031087443333333332	1.231780835086
1.8395770316020235	0.02854855333333333	1.22912876434
1.8413223608540177	0.02983725	1.2241873237373333
1.843067690106012	0.033794986666666665	1.2213037746083333
1.8448130193580063	0.03528695	1.2187775167483332
1.8465583486100006	0.03479190433333333	1.2186023332176665
1.8483036778619948	0.031109323333333334	1.2228937616116666
1.850049007113989	0.029820536666666664	1.2334345095606667
1.8517943363659835	0.03242767	1.2407791032626667
1.8535396656179781	0.03713701	1.2412759961613333
1.8552849948699723	0.03618891666666666	1.2333553769373333
1.8570303241219668	0.030914030999999998	1.2227117231933333
1.858775653373961	0.027204361333333333	1.2185323369356666
1.8605209826259552	0.029977966666666665	1.2263352994419998
1.8622663118779497	0.032166429999999996	1.2318028344353333
1.8640116411299439	0.034026139999999996	1.2311846370206667
1.865756970381938	0.033376939999999994	1.2281730212426667
1.8675022996339323	0.02833243333333333	1.2255911714443333
1.8692476288859265	0.024131973333333334	1.2265136933576666
1.8709929581379214	0.028526556666666664	1.2355062196956665
1.8727382873899157	0.029660683333333333	1.23523018356
1.8744836166419099	0.026881122999999996	1.2219833698703333
1.876228945893904	0.027769063333333333	1.2127642364973332
1.8779742751458983	0.029346136666666665	1.2180886025713333
1.8797196043978928	0.024243376666666667	1.229243066085
1.881464933649887	0.023550456666666667	1.2429444949059998
1.8832102629018816	0.024915303333333333	1.2439582207426667
1.8849555921538759	0.022371243333333332	1.2266939858723331
1.88670092140587	0.023071229999999998	1.2133503953176668
1.8884462506578648	0.030069256666666662	1.2234268359146665
1.890191579909859	0.026092656666666665	1.2376686487106667
1.8919369091618532	0.01876932	1.2451444772199998
1.8936822384138474	0.02058527	1.2441464069556667
1.8954275676658416	0.02339946	1.230344259937333
1.8971728969178363	0.021361676666666666	1.213347449969
1.8989182261698305	0.025882886666666664	1.2179592991383332
1.900663555421825	0.02588165666666667	1.2315869214206667
1.9024088846738192	0.018955383333333332	1.2368282179649999
1.9041542139258134	0.021334113333333335	1.237452838192333
1.9058995431778076	0.030658623333333333	1.234242328768
1.9076448724298019	0.026114039999999998	1.219806579134333
1.9093902016817967	0.02046174	1.2173966098193332
1.911135530933791	0.022906856666666663	1.2327977775876666
1.9128808601857852	0.023366746666666664	1.2414415221923332
1.9146261894377794	0.022918206666666666	1.2341910653523334
1.9163715186897738	0.030799643333333335	1.226814668781
1.9181168479417683	0.02863998	1.2177591208663332
1.9198621771937625	0.018860616666666663	1.2196296119739998
1.9216075064457567	0.021291239999999996	1.2422628416636665
1.923352835697751	0.029509666666666663	1.2576091698333334
1.9250981649497452	0.025133159999999995	1.2399766430766666
1.92684349420174	0.02265405	1.2213407838666666
1.9285888234537343	0.024107546666666663	1.22351319119
1.9303341527057285	0.020531663333333332	1.2387359068389998
1.9320794819577227	0.019637366666666663	1.2578440012399998
1.933824811209717	0.027764650000000002	1.2682773526666664
1.9355701404617114	0.024512296666666662	1.2484814668
1.9373154697137056	0.01638174333333333	1.2243993831466666
1.9390607989656998	0.019883703333333336	1.2274370438733333
1.9408061282176947	0.02516426	1.24474834574
1.9425514574696887	0.02031926	1.2548384719099999
1.9442967867216832	0.020591209333333332	1.2644362895799999
1.9460421159736774	0.02053488333333333	1.2618109906533332
1.9477874452256718	0.014864191333333334	1.2476504185666664
1.949532774477666	0.01612253	1.2476787765666666
1.9512781037296603	0.024094034	1.2629506558066665
1.953023432981655	0.019283979	1.2629461641666666
1.9547687622336491	0.013626858666666667	1.2540399720866668
1.9565140914856434	0.016466836	1.25059393058
1.9582594207376378	0.01790191966666667	1.2547133519166667
1.960004749989632	0.015046596999999998	1.27090205641
1.9617500792416263	0.018054655333333332	1.2957959005233333
1.9634954084936205	0.015727159666666664	1.2936209374766665
1.9652407377456147	0.009692249666666666	1.2663242313399998
1.9669860669976096	0.012307489666666666	1.2519932420733335
1.9687313962496038	0.01874559533333333	1.2626805646799997
1.970476725501598	0.014696220333333333	1.2776589660366666
1.9722220547535922	0.01302030933333333	1.2932449011133333
1.9739673840055865	0.014875777	1.29611511046
1.9757127132575811	0.013444249333333333	1.2798807394133331
1.9774580425095754	0.013282177000000001	1.26606608055
1.9792033717615696	0.018357106666666668	1.2723640472333333
1.9809487010135638	0.014420606666666669	1.2808546631033333
1.982694030265558	0.010311370666666667	1.2912971494133334
1.9844393595175527	0.015418826333333333	1.3051892295966665
1.9861846887695471	0.021017206666666666	1.3070934247233332
1.9879300180215413	0.018785556666666665	1.2936996006766668
1.9896753472735356	0.019463816666666665	1.2913784997033333
1.9914206765255298	0.018340456666666664	1.2980112111766666
1.9931660057775242	0.015374708	1.3019844146633333
1.9949113350295185	0.019804795333333333	1.3059057545933332
1.9966566642815133	0.029132756666666666	1.3109209223033331
1.9984019935335076	0.02504309333333333	1.306183734123333
2.0001473227855016	0.019201762333333334	1.309289019193333
2.0018926520374962	0.022102116666666664	1.3240673084466665
2.0036379812894904	0.02599229	1.32715535528
2.0053833105414847	0.02657114333333333	1.3107709389033335
2.0071286397934793	0.03171941666666667	1.2981402465566667
2.0088739690454736	0.029204066666666667	1.2920713996133333
2.0106192982974678	0.022811976666666667	1.2984700949399999
2.012364627549462	0.02736648	1.321938527653333
2.014109956801456	0.03760409333333333	1.3415757934233332
2.0158552860534504	0.03482162666666666	1.3310034841633334
2.0176006153054447	0.030202996666666666	1.3117247010999997
2.019345944557439	0.029694036666666663	1.3044166128633332
2.021091273809433	0.029276029999999998	1.3091284916466668
2.022836603061428	0.030829893333333334	1.3223177428933333
2.0245819323134224	0.03934141	1.34056407634
2.0263272615654166	0.03846049333333333	1.3405021955833334
2.028072590817411	0.031114270000000003	1.3280816945633334
2.029817920069405	0.030289046666666666	1.3249853502033333
2.0315632493213998	0.03399004333333333	1.3302659640699999
2.033308578573394	0.03143207666666667	1.3275180870533332
2.035053907825388	0.03248735566666666	1.3264454761066666
2.036799237077383	0.034513333333333326	1.32693588199
2.0385445663293766	0.03228183666666666	1.3247708856366667
2.0402898955813713	0.029485149999999995	1.3250539486933333
2.0420352248333655	0.03200263666666667	1.3313841647199998
2.0437805540853597	0.029132816666666665	1.3249213320666666
2.045525883337354	0.02574217033333333	1.31148797486
2.047271212589348	0.028219665666666664	1.3088702213933332
2.0490165418413424	0.03200726333333333	1.3188120417599998
2.0507618710933366	0.028215709999999998	1.32877793246
2.052507200345331	0.027325123333333333	1.3406475680133334
2.054252529597326	0.027790783333333333	1.3396681650766666
2.05599785884932	0.02614915	1.3179818599399997
2.0577431881013144	0.025849296666666667	1.29482734742
2.0594885173533086	0.030113260000000003	1.2930917248266667
2.0612338466053033	0.02655811333333333	1.30139280684
2.0629791758572975	0.02270949233333333	1.3152745255466665
2.0647245051092917	0.02588701666666667	1.3301584183766666
2.0664698343612864	0.02955569	1.3328943563733333
2.0682151636132806	0.025370629999999998	1.3172197907466665
2.069960492865275	0.024360352666666668	1.304197932053333
2.071705822117269	0.02385684133333333	1.2967025556766667
2.0734511513692633	0.02252597333333333	1.2912752765766666
2.0751964806212575	0.025330085333333335	1.2898883691466665
2.0769418098732517	0.031941109999999995	1.2911533867433331
2.078687139125246	0.027265066666666664	1.2801838275699997
2.080432468377241	0.02132404566666667	1.2740727783433334
2.0821777976292353	0.023702555333333333	1.28908909392
2.08392312688123	0.028293593333333332	1.3094158131066664
2.0856684561332237	0.026824473	1.307010045203333
2.087413785385218	0.028075333333333334	1.2882344429766666
2.0891591146372126	0.027492706666666665	1.2656135502066665
2.090904443889207	0.025596065	1.2554012286566667
2.0926497731412015	0.028001009333333333	1.264195561173333
2.0943951023931957	0.03462487	1.28047073321
2.0961404316451895	0.030709005	1.2761618413833333
2.097885760897184	0.02406473866666667	1.2590329371366666
2.0996310901491784	0.025048276999999997	1.24948117935
2.1013764194011726	0.030192266666666665	1.2497206538599999
2.103121748653167	0.029145080999999996	1.24835577631
2.104867077905161	0.03098566733333333	1.2532667467033334
2.1066124071571553	0.03246276199999999	1.2557867215766667
2.1083577364091495	0.029982991	1.2441929603733333
2.1101030656611446	0.028467742000000004	1.224606559823333
2.111848394913139	0.033159586666666664	1.2160049100966666
2.113593724165133	0.03126690333333333	1.2158187511433332
2.1153390534171272	0.028618148999999996	1.2252264875433332
2.1170843826691215	0.032654245666666665	1.2364262317599999
2.118829711921116	0.037260336666666664	1.23388515164
2.1205750411731104	0.031190299999999997	1.2122923412066666
2.1223203704251046	0.02757584433333333	1.1984184968066665
2.124065699677099	0.029248553666666663	1.1997438618433334
2.1258110289290935	0.031192021000000004	1.2052944133299999
2.1275563581810877	0.03160068866666667	1.20591787601
2.129301687433082	0.034929796666666665	1.2045461137000002
2.131047016685076	0.030824756666666665	1.1931338334666668
2.1327923459370703	0.02548261466666666	1.18169350497
2.1345376751890646	0.027290084666666665	1.1810791260933333
2.1362830044410597	0.03242192666666666	1.1862240142833334
2.138028333693054	0.028753409666666663	1.179996725808
2.139773662945048	0.025536093333333332	1.1697065929186667
2.141518992197043	0.02565964	1.1614436919396665
2.143264321449037	0.026724729999999995	1.159505886801
2.1450096507010312	0.024902177666666667	1.1645161034776668
2.1467549799530254	0.0259883	1.1778138288736666
2.1485003092050197	0.024247303333333334	1.1819270246826665
2.1502456384570143	0.02130022633333333	1.1741598796919999
2.1519909677090086	0.020801527666666667	1.1644810199956666
2.1537362969610028	0.023938734333333336	1.1618071794253333
2.155481626212997	0.021011668	1.158592048492
2.157226955464991	0.018866975666666667	1.158935620149
2.1589722847169854	0.019853963666666665	1.1587391188413332
2.1607176139689797	0.021235892333333332	1.152581980351
2.162462943220974	0.018211589	1.1409552218196666
2.164208272472968	0.01798474533333333	1.1384206585239998
2.1659536017249623	0.017474183333333334	1.142533092519
2.1676989309769574	0.017425830333333333	1.1508881866349998
2.1694442602289516	0.017177490666666666	1.1589123538889998
2.171189589480946	0.018515612	1.1645666719230001
2.17293491873294	0.015479042666666665	1.1615004509099998
2.1746802479849343	0.013575529333333333	1.1611754878996665
2.176425577236929	0.013174966666666666	1.1669243063333332
2.178170906488923	0.014364650666666668	1.1733571960423332
2.179916235740918	0.013041382666666665	1.169491075795
2.1816615649929116	0.013341840666666667	1.160603168214
2.183406894244906	0.012331235999999999	1.1505341188813334
2.1851522234969005	0.012549197666666666	1.1498028257686665
2.1868975527488947	0.011057038333333333	1.1580996392199998
2.188642882000889	0.010523515266666667	1.1702618065896666
2.190388211252883	0.009427912666666666	1.1728013840336666
2.1921335405048774	0.010083834	1.1674886789893333
2.1938788697568716	0.008368964633333333	1.1585012259813332
2.1956241990088667	0.008352947766666667	1.1562082957456665
2.197369528260861	0.007835582533333333	1.160849617737
2.199114857512855	0.008399194633333332	1.1726508785863334
2.20086018676485	0.007514238100000001	1.179446206454
2.202605516016844	0.008316923333333334	1.1765999183693332
2.2043508452688383	0.006736484533333333	1.1653866186173332
2.206096174520833	0.005987086466666666	1.1616961483163335
2.207841503772827	0.005365842566666666	1.1700901861626667
2.2095868330248214	0.006841483999999999	1.1872732027533333
2.2113321622768156	0.005213789666666667	1.19622397432
2.21307749152881	0.004902850533333333	1.1932763521433332
2.214822820780804	0.005380239566666667	1.1814510981033333
2.2165681500327983	0.007340911666666667	1.17372018568
2.2183134792847925	0.005716173999999999	1.1729696798733333
2.2200588085367867	0.005216337666666666	1.1830114254666668
2.221804137788781	0.0042185734999999995	1.1951853367733332
2.223549467040776	0.004108140666666666	1.20281485697
2.2252947962927703	0.0030791463999999998	1.1993981871733332
2.2270401255447645	0.005178462	1.1943620348733333
2.2287854547967587	0.004073893666666667	1.19262207422
2.230530784048753	0.003174974666666667	1.2010162822
2.2322761133007476	0.004350838	1.2107537367099999
2.234021442552742	0.006987483	1.21040937312
2.235766771804736	0.0040080739999999995	1.1944189442133333
2.2375121010567303	0.0033302766666666664	1.1835026093433332
2.239257430308725	0.0038432573333333333	1.1875276293099999
2.241002759560719	0.004711630933333333	1.2044748885733334
2.2427480888127134	0.004244841	1.2201460740233332
2.2444934180647076	0.006173843333333333	1.2272070661333334
2.246238747316702	0.003866871333333333	1.2160748432133333
2.247984076568696	0.0021112193666666668	1.1973100836766666
2.2497294058206903	0.003625817333333333	1.1853924272566667
2.2514747350726845	0.007764540666666667	1.1913042686366666
2.2532200643246787	0.005304827666666666	1.2052866498133332
2.254965393576674	0.0037176573333333332	1.2211837286533334
2.256710722828668	0.004804541999999999	1.2263183676866665
2.2584560520806622	0.0068177970000000004	1.2178051516333332
2.260201381332657	0.005586358	1.20340192967
2.261946710584651	0.007640850999999999	1.203691586843333
2.2636920398366454	0.007344452999999999	1.2149999624066665
2.26543736908864	0.005904030233333333	1.2276625195833333
2.2671826983406342	0.005770941333333332	1.2315224198
2.2689280275926285	0.009166247999999998	1.2262728709766666
2.2706733568446227	0.006163702666666666	1.20895200741
2.272418686096617	0.0043456655333333335	1.1971556378966666
2.274164015348611	0.008977586333333332	1.2017126648666667
2.2759093446006062	0.014327650666666665	1.2159388467566665
2.2776546738525996	0.009215722333333332	1.2207903546333334
2.279400003104594	0.006187342333333333	1.22125146294
2.281145332356588	0.006703374333333333	1.2193278089566664
2.2828906616085836	0.008001495666666665	1.2197612785533332
2.284635990860578	0.009680229666666667	1.2269221149566667
2.286381320112572	0.014978382	1.2431299682366665
2.288126649364566	0.012098079	1.2490096878766663
2.28987197861656	0.007432004333333334	1.242057474363333
2.291617307868555	0.008742508	1.2299387649166666
2.2933626371205493	0.013848037666666667	1.22242262839
2.2951079663725436	0.010626825999999999	1.2187917324066666
2.2968532956245378	0.009528186599999999	1.23088245972
2.2985986248765315	0.014002396333333333	1.2535201659633333
2.300343954128526	0.017385495	1.26938337653
2.3020892833805204	0.012724169666666667	1.2656863680366666
2.3038346126325147	0.011763279000000001	1.2575392572
2.305579941884509	0.011632025999999998	1.2502680432599997
2.307325271136503	0.011529837333333334	1.2498649634066665
2.309070600388498	0.013309653	1.2587258292233332
2.3108159296404924	0.018075409666666667	1.273511966353333
2.3125612588924866	0.013489309666666666	1.2758145643233332
2.314306588144481	0.009066087666666667	1.2737601217666668
2.316051917396475	0.013506295000000001	1.2796026441766666
2.3177972466484698	0.020755233999999997	1.2920332385566664
2.319542575900464	0.016463298	1.2968003073766665
2.321287905152458	0.013531467333333333	1.3025131691566667
2.3230332344044524	0.015458172666666667	1.3077284169366665
2.324778563656447	0.016367692666666666	1.30569594863
2.3265238929084413	0.013669102333333332	1.2960972592633333
2.3282692221604355	0.01629252233333333	1.2932818847666667
2.3300145514124297	0.014947615	1.2931567126466668
2.331759880664424	0.012473550333333333	1.2994273515166666
2.333505209916418	0.014899843999999999	1.3132274713499998
2.3352505391684133	0.01958013533333333	1.3270534498400002
2.3369958684204075	0.013480229	1.3266036639499998
2.3387411976724017	0.009394563333333333	1.32678129102
2.340486526924396	0.013566209333333332	1.3330010709333333
2.34223185617639	0.01860421933333333	1.3341470324133333
2.343977185428385	0.014724109999999999	1.32023230228
2.345722514680379	0.013850415	1.3098605768133331
2.3474678439323733	0.014708982333333332	1.3068473633766664
2.3492131731843675	0.014771080333333334	1.3084191041133333
2.3509585024363617	0.013989293	1.3124138637866667
2.3527038316883564	0.016594112999999997	1.3223496114666666
2.3544491609403506	0.012606328333333333	1.3249941906133333
2.356194490192345	0.009134276	1.3224666237233331
2.357939819444339	0.012430047333333333	1.3187716902066666
2.3596851486963333	0.018003547666666665	1.3142661923066665
2.3614304779483275	0.012963019	1.3036973781033334
2.3631758072003217	0.009472713666666667	1.3020349512933331
2.364921136452316	0.011104383999999998	1.3061751273666666
2.36666646570431	0.012515442333333335	1.3037344913366664
2.3684117949563044	0.009098742666666666	1.29221380869
2.3701571242083	0.010325110066666667	1.28886448159
2.371902453460294	0.010148780999999999	1.2878996018633333
2.373647782712288	0.009621922	1.2854605345266665
2.375393111964282	0.010561206333333331	1.2829795698500002
2.3771384412162764	0.013290204799999998	1.2833837768833334
2.3788837704682715	0.008526286666666666	1.2745396234133333
2.3806290997202657	0.005541616333333333	1.2634580215033333
2.38237442897226	0.007791754333333333	1.2569980855166665
2.384119758224254	0.011392357666666667	1.2554520241833331
2.3858650874762484	0.007243557666666666	1.2488970967333333
2.3876104167282426	0.005522829	1.2446559320633332
2.389355745980237	0.007167804066666667	1.2402441347966668
2.391101075232231	0.009580884333333333	1.2336581554033332
2.3928464044842253	0.007911254866666665	1.2268282557266665
2.3945917337362195	0.008850758233333332	1.2320041879533332
2.3963370629882146	0.007840116333333333	1.2386889991799999
2.398082392240209	0.006947624333333333	1.2400746555366666
2.3998277214922035	0.007129105766666666	1.23546422841
2.4015730507441977	0.010637233566666668	1.22982716812
2.403318379996192	0.008212048166666666	1.21600621703
2.4050637092481866	0.006734604333333333	1.2074492100366667
2.406809038500181	0.009506322966666666	1.2139909388633332
2.408554367752175	0.012989299866666667	1.2290778261900002
2.4102996970041692	0.00804917118	1.2331275322166664
2.4120450262561635	0.006255045799999999	1.23242012485
2.4137903555081577	0.009057332143333333	1.22873422517
2.415535684760152	0.012482208999999998	1.2217280000566664
2.417281014012146	0.010398431049999999	1.21313876487
2.4190263432641403	0.010984603933333332	1.21837808988
2.4207716725161346	0.01131850701	1.2296136778233333
2.4225170017681297	0.012028306366666667	1.2366948763099999
2.424262331020124	0.013266451299999999	1.2360617732799999
2.426007660272118	0.018064504	1.2353955024599999
2.4277529895241123	0.0155199793	1.2286130459466666
2.4294983187761066	0.012614305093333333	1.2266377683066665
2.4312436480281012	0.015748117666666665	1.2367979539166667
2.4329889772800954	0.020732386666666665	1.2502121964266666
2.4347343065320897	0.015599267	1.2481623333433332
2.436479635784084	0.013878143333333332	1.2452101344533333
2.438224965036078	0.018749133	1.2495177981766665
2.4399702942880728	0.02252937	1.2554696516999997
2.441715623540067	0.01782326633333333	1.2572614641433333
2.443460952792061	0.016970085	1.27026653227
2.4452062820440554	0.017567098333333333	1.2860034155133333
2.4469516112960497	0.018677692666666666	1.291487238063333
2.448696940548044	0.021405733	1.2858743779833333
2.450442269800038	0.027421199	1.2815990260966665
2.4521875990520323	0.023843769	1.2731486140000001
2.4539329283040274	0.01993893833333333	1.2704536298866667
2.4556782575560216	0.023584753666666666	1.2801267769233333
2.457423586808016	0.02895523833333333	1.2926179516666665
2.4591689160600105	0.022265653666666666	1.2887876804199998
2.4609142453120048	0.018656047999999998	1.2855781118299998
2.462659574563999	0.024840250666666664	1.2937566685833333
2.464404903815993	0.030956126666666667	1.30217690692
2.466150233067988	0.025393446666666666	1.2974184971633331
2.467895562319982	0.024260510000000002	1.2999400764633333
2.4696408915719763	0.027962073333333337	1.310438426483333
2.4713862208239705	0.029997489999999995	1.3141547939333333
2.4731315500759647	0.02904451	1.3054896358066665
2.47487687932796	0.03203185	1.3001384887133334
2.476622208579954	0.028464713333333336	1.2947363345899998
2.4783675378319483	0.02550722466666667	1.2931759165899996
2.4801128670839416	0.03085365	1.2981422004566667
2.481858196335936	0.03791878666666666	1.3040987388366665
2.4836035255879314	0.029610663333333332	1.29648961398
2.4853488548399256	0.023125550999999998	1.2946038538633333
2.48709418409192	0.02940622	1.3071444396233334
2.488839513343914	0.035990539999999994	1.3144391595233333
2.490584842595908	0.028320053333333334	1.2987900156166665
2.492330171847903	0.02658335333333333	1.2892756025866665
2.494075501099897	0.034403443333333325	1.2950388089466665
2.4958208303518914	0.03975416333333333	1.2961049693333333
2.4975661596038856	0.035436593333333335	1.2798776849266666
2.49931148885588	0.035156723333333334	1.269943972193333
2.501056818107874	0.035201409999999995	1.26903365073
2.5028021473598683	0.03445888666666666	1.2681610239733332
2.5045474766118625	0.035301969999999995	1.2631155568966665
2.5062928058638567	0.03933120333333333	1.2637759608333332
2.508038135115851	0.03213358333333333	1.2645376006966664
2.509783464367846	0.02647424333333333	1.27268912055
2.5115287936198403	0.03402596333333333	1.2850583670699998
2.5132741228718345	0.04298977	1.28215994491
2.5150194521238287	0.03479486333333333	1.25057447594
2.516764781375823	0.030283189999999995	1.2243482753366666
2.5185101106278176	0.03748951666666667	1.2184740993766665
2.520255439879812	0.04173768	1.2151123022233332
2.522000769131806	0.03204697666666666	1.2018882405066666
2.5237460983838007	0.029451579999999998	1.2060839899233333
2.525491427635795	0.035891389999999995	1.2263061145066665
2.527236756887789	0.04090554666666667	1.2356666153566667
2.5289820861397834	0.03863764	1.2211641421499997
2.5307274153917776	0.03878156666666666	1.2072655694599999
2.532472744643772	0.03488906	1.2006723686733332
2.534218073895766	0.03145941333333333	1.1999493826766665
2.535963403147761	0.03377433666666666	1.1987622659999997
2.5377087323997554	0.04016150333333333	1.1962819058499998
2.5394540616517496	0.03597289	1.1851570076866667
2.541199390903744	0.03276625333333333	1.18035510294
2.542944720155738	0.03822382666666666	1.1867747287166666
2.5446900494077327	0.04271401666666667	1.19179359522
2.546435378659727	0.03228021333333333	1.1819852647866667
2.548180707911721	0.028580029999999996	1.1826790210999998
2.5499260371637154	0.03857367333333333	1.1987154613933333
2.5516713664157096	0.04666574	1.2056369559499998
2.5534166956677042	0.03951891	1.18768451645
2.5551620249196985	0.03501297666666667	1.17584682641
2.5569073541716927	0.036912676666666665	1.1838789004333332
2.558652683423687	0.03923209	1.1980938294866665
2.560398012675681	0.03607502	1.19940491261
2.5621433419276762	0.03891110666666667	1.198225472407
2.5638886711796696	0.04260860333333333	1.1952617583933334
2.565634000431664	0.043829976666666666	1.1910575896733333
2.567379329683658	0.04286957	1.1885230680899999
2.5691246589356522	0.044036266666666664	1.1969113711566666
2.570869988187648	0.03800950333333333	1.2078651553766666
2.572615317439642	0.03604248333333333	1.2274539651799998
2.5743606466916362	0.04437489333333333	1.2527775885566665
2.57610597594363	0.05304895333333333	1.2651743496899999
2.5778513051956247	0.04499589666666666	1.2454982918456665
2.5795966344476193	0.038655956666666665	1.2233596020879998
2.5813419636996136	0.044769583333333335	1.2230100937299997
2.5830872929516078	0.05069041	1.23356415073
2.584832622203602	0.04181733666666666	1.2318652675366666
2.586577951455596	0.04055344333333333	1.235578341773
2.5883232807075904	0.05159713	1.2492300440366666
2.5900686099595847	0.05878865333333333	1.2549217414133331
2.591813939211579	0.05153098666666667	1.240033142368333
2.593559268463574	0.0486186	1.2280365503253332
2.595304597715568	0.05088450333333333	1.2262599564796666
2.5970499269675624	0.052061533333333326	1.2310533346773331
2.598795256219557	0.04923765333333333	1.2367835917823333
2.6005405854715513	0.05077324	1.246106023374
2.6022859147235455	0.04791993666666666	1.2429035800176664
2.6040312439755398	0.04575066666666666	1.2301366545966665
2.6057765732275344	0.05000560666666666	1.2194069859733334
2.6075219024795286	0.056647779999999995	1.2138328239
2.609267231731523	0.05140174333333333	1.1981988190266666
2.611012560983517	0.04955522999999999	1.1854323015656665
2.6127578902355113	0.05790312	1.1847116814203331
2.6145032194875055	0.0638517	1.1861066016399997
2.6162485487394997	0.05228754333333333	1.1717209298749998
2.617993877991494	0.0462106	1.1619138691983333
2.619739207243488	0.055026056666666656	1.1677602597513332
2.6214845364954824	0.06141772666666667	1.1772568447966667
2.6232298657474775	0.05066353333333333	1.1767298089266665
2.6249751949994717	0.04646049666666666	1.1827498493326667
2.626720524251466	0.05313104666666666	1.1880329401833332
2.62846585350346	0.057281476666666664	1.1763115948979999
2.6302111827554544	0.05127228666666667	1.1502686406503333
2.631956512007449	0.05205454999999999	1.1392771799976666
2.6337018412594433	0.05706085666666667	1.1421597003653332
2.6354471705114375	0.05947372000000001	1.1500718683516666
2.6371924997634317	0.05690022	1.1634750718023332
2.638937829015426	0.05760791333333333	1.1912117439033332
2.6406831582674206	0.05407152333333333	1.2124231028266665
2.642428487519415	0.052268056666666673	1.2166746151233334
2.644173816771409	0.05555479333333333	1.2070662709866664
2.6459191460234033	0.05971222999999999	1.1964870271033332
2.6476644752753975	0.052472528	1.1866206473536667
2.6494098045273917	0.04805573166666666	1.1914626997526665
2.651155133779386	0.053155904666666656	1.2091165130246666
2.652900463031381	0.05864543333333334	1.227359563427
2.6546457922833753	0.05017898233333333	1.2339406348349997
2.6563911215353695	0.047533528	1.2448562902323332
2.658136450787364	0.05722989733333334	1.2555509873833333
2.6598817800393584	0.06230177399999999	1.2484629398733333
2.6616271092913526	0.048952789999999996	1.224196197761
2.663372438543347	0.042417091999999997	1.2191197922743333
2.665117767795341	0.05048124500000001	1.2322355626053334
2.6668630970473353	0.057542850000000006	1.2343664268593333
2.66860842629933	0.04990086966666666	1.2140689022266666
2.6703537555513237	0.048543892000000005	1.205603970203
2.6720990848033184	0.055442522999999994	1.2154201096883333
2.673844414055312	0.05640802066666667	1.2236721634733332
2.6755897433073077	0.04661304333333333	1.2190470165643332
2.677335072559302	0.04509561333333334	1.2205542228559998
2.679080401811296	0.04795758266666667	1.2258825776343332
2.6808257310632904	0.051540217	1.227658258864
2.6825710603152837	0.05474942333333333	1.2167524569993333
2.6843163895672792	0.058801683333333334	1.1952804165973332
2.6860617188192735	0.051970106999999995	1.1655293281933332
2.6878070480712677	0.045420059333333325	1.152280816488
2.689552377323262	0.0484116	1.1602712803633333
2.691297706575256	0.05361174	1.1687350666433332
2.6930430358272504	0.04499777333333333	1.1587654088353332
2.694788365079245	0.04300789133333333	1.157958548292
2.696533694331239	0.05377558333333333	1.1721300828023333
2.6982790235832335	0.05816704	1.1754977837566667
2.7000243528352272	0.04306470999999999	1.1569355094033331
2.701769682087222	0.035845890666666665	1.1560810358826665
2.703515011339216	0.044226166666666664	1.1836262768223333
2.7052603405912103	0.05121368666666666	1.2105956630723334
2.7070056698432046	0.042973787666666666	1.2087787838463333
2.708750999095199	0.041314493333333334	1.19667926686
2.710496328347194	0.04813728233333334	1.1849927051333333
2.712241657599188	0.049021199999999994	1.17283269177
2.7139869868511823	0.037977288666666664	1.1589408588666665
2.7157323161031766	0.03497783	1.15970984428
2.7174776453551712	0.03966748566666667	1.1739895612866666
2.7192229746071654	0.044339674333333336	1.19927909618
2.7209683038591597	0.04166591866666666	1.223562702473
2.722713633111154	0.041220503	1.2391844961656666
2.7244589623631486	0.03902187313333333	1.2343822899303334
2.7262042916151423	0.03531544403333334	1.2225187798173334
2.727949620867137	0.03166887133333333	1.2151884701923332
2.729694950119131	0.03311819633333333	1.2124240660249999
2.7314402793711254	0.030435332833333335	1.2017974382113332
2.7331856086231197	0.031296741936666664	1.2004243713960001
2.734930937875114	0.037135636	1.214856735547
2.736676267127109	0.04133847533333333	1.22986952831
2.738421596379103	0.03268546629999999	1.2246304745469998
2.7401669256310974	0.02793011824	1.2175839242936664
2.7419122548830916	0.033512601999999996	1.21933025321
2.743657584135086	0.03798233499999999	1.2200649424633334
2.7454029133870805	0.027634147666666668	1.2077295873956666
2.7471482426390748	0.023651238999999998	1.203869095976
2.748893571891069	0.031016387666666666	1.2086127550329997
2.750638901143063	0.034746368666666666	1.2059706767966667
2.7523842303950574	0.02397537	1.1912352601196665
2.754129559647052	0.021686680666666666	1.1901926531036666
2.755874888899046	0.03174584533333333	1.2004792806833333
2.7576202181510405	0.037913396333333335	1.2040562464033333
2.7593655474030343	0.02896514966666667	1.193130592768
2.761110876655029	0.026420278999999994	1.1877314574966666
2.762856205907024	0.03028136233333333	1.1833731748933334
2.7646015351590183	0.030041288666666666	1.171960905138333
2.7663468644110116	0.022693748333333333	1.155022016207
2.768092193663006	0.02182092	1.1484878425436666
2.769837522915	0.022801935666666665	1.1495658132049997
2.7715828521669956	0.024160208433333333	1.1589140444493333
2.77332818141899	0.022961225666666668	1.168048646397
2.775073510670984	0.024716962	1.1739053570766664
2.7768188399229783	0.023478163833333333	1.1737222730810002
2.7785641691749725	0.023497045600000002	1.1821497610083331
2.780309498426967	0.024801167333333332	1.1927839531003332
2.782054827678961	0.026025078666666663	1.1900757270329998
2.7838001569309556	0.018567118333333334	1.1722618031269998
2.7855454861829494	0.015023022733333332	1.1734519843976667
2.787290815434944	0.017760134999999996	1.1952520632476666
2.7890361446869383	0.020866336	1.2101432350533332
2.7907814739389325	0.015521093799999998	1.2030776490516666
2.7925268031909276	0.016384765	1.205596776493333
2.794272132442922	0.023673881333333334	1.2245417013566664
2.796017461694916	0.026832447	1.2368640599466665
2.7977627909469107	0.017503613199999997	1.2272566916833334
2.799508120198905	0.013448759666666666	1.22388392491
2.801253449450899	0.016551166099999997	1.2356010535
2.8029987787028934	0.019655387333333333	1.2478259204
2.8047441079548876	0.0140770107	1.241995804497
2.8064894372068823	0.014508966333333331	1.232705732341333
2.808234766458876	0.021919558666666665	1.2276000524193331
2.8099800957108707	0.024723505666666663	1.2229039959473333
2.8117254249628645	0.014305393633333332	1.2081317751076668
2.813470754214859	0.010757815333333334	1.1942859899779998
2.8152160834668534	0.014148701666666666	1.1824477537193334
2.8169614127188476	0.016973819	1.1791812823856667
2.818706741970842	0.014845367666666665	1.183274530224
2.820452071222836	0.017304294999999997	1.1891780696679999
2.8221974004748303	0.019386382333333334	1.1811266503083333
2.8239427297268254	0.019427116	1.1694713599466666
2.8256880589788196	0.014199261666666666	1.1639063961533334
2.827433388230814	0.012644929333333332	1.1662945238033333
2.829178717482808	0.011085424233333332	1.1638889402466666
2.8309240467348022	0.012363396799999999	1.16827291317
2.832669375986797	0.015082577333333333	1.18421650668
2.834414705238791	0.018678294999999998	1.2006826496566665
2.8361600344907854	0.014788473806666669	1.1991221245833332
2.8379053637427796	0.012986056666666666	1.1934857108893333
2.839650692994774	0.013883296666666666	1.1903871186176664
2.841396022246768	0.01497718	1.1883308871529998
2.8431413514987627	0.009876022373	1.1842066651593333
2.8448866807507565	0.010682273366666665	1.1954557406776667
2.846632010002751	0.015495191	1.21535603087
2.8483773392547453	0.017609639333333333	1.2280388363799999
2.8501226685067405	0.011441948966666667	1.22859534009
2.8518679977587347	0.009671189666666666	1.2357650720166666
2.853613327010729	0.011385781066666665	1.2410844214299999
2.855358656262723	0.014200750333333333	1.2327151915399999
2.8571039855147173	0.010640129286666664	1.2152747260353334
2.858849314766712	0.012156238466666667	1.2185062954056667
2.8605946440187062	0.019016261333333333	1.2356161277296667
2.8623399732707004	0.021064900333333334	1.2386052632483333
2.8640853025226947	0.010565904646666666	1.2175880009506665
2.865830631774689	0.007129198109999999	1.201289034342
2.8675759610266836	0.010051985333333333	1.1905903724596667
2.8693212902786778	0.012070403666666667	1.174181820212
2.871066619530672	0.0093613697	1.1506463281
2.872811948782666	0.012806900666666664	1.1414958714666668
2.87455727803466	0.017066156333333332	1.146651115529
2.8763026072866555	0.018540518333333332	1.1588283694633332
2.8780479365386498	0.014178637000000001	1.1670453898666668
2.879793265790644	0.012688559666666668	1.1743895998999998
2.881538595042638	0.009951834196666665	1.1772143443066665
2.8832839242946324	0.010179438466666666	1.1856643497633332
2.885029253546627	0.010790824666666666	1.19697555167
2.8867745827986213	0.012666588666666668	1.2043642202966667
2.8885199120506155	0.011712112680000001	1.20235313058
2.8902652413026098	0.012847976166666665	1.207755370708
2.892010570554604	0.012024452266666666	1.221075442604
2.893755899806598	0.012986554	1.234151439143
2.895501229058593	0.011490541202666665	1.2345300919989999
2.8972465583105866	0.0129114496	1.2364461038826664
2.8989918875625813	0.014185900333333334	1.2433421855999998
2.900737216814575	0.014935639	1.24717772662
2.9024825460665697	0.011053292033333332	1.235658118803333
2.904227875318564	0.010368139133333332	1.2203935662333332
2.905973204570558	0.011308183	1.2034366151666664
2.9077185338225524	0.014355498333333331	1.1860856615866666
2.9094638630745466	0.011196517666666666	1.1680252919746665
2.9112091923265417	0.012718005666666667	1.1684536302926667
2.912954521578536	0.019894168999999996	1.1815491631596666
2.91469985083053	0.021712191	1.1880092029159999
2.916445180082525	0.010717624000000002	1.1854861147793332
2.918190509334519	0.007705277333333333	1.200767958203333
2.9199358385865133	0.011934013333333333	1.21906502007
2.921681167838508	0.014459912333333333	1.2141952931433333
2.9234264970905017	0.009766357799999998	1.19086202574
2.9251718263424964	0.012468411646666665	1.18732584889
2.92691715559449	0.019596575666666664	1.1967536196666666
2.928662484846485	0.021077257333333328	1.1904416407766667
2.930407814098479	0.01202832743333333	1.169287219268
2.9321531433504733	0.009100318233333333	1.1721945689913333
2.9338984726024675	0.009755114999999998	1.1929831444566665
2.9356438018544617	0.010919515666666666	1.2020323957529997
2.937389131106457	0.008719255666666665	1.1885394646066667
2.939134460358451	0.011534017333333334	1.1835343207766666
2.9408797896104453	0.016078182	1.1964792558666666
2.9426251188624395	0.018584815999999997	1.2105860479266666
2.9443704481144337	0.013585397866666665	1.207775840243333
2.9461157773664284	0.012452852166666667	1.207758473425
2.9478611066184226	0.012823085666666666	1.2201511272046666
2.949606435870417	0.014538413333333333	1.2415293042583333
2.951351765122411	0.012839651833333333	1.2530812667076667
2.9530970943744053	0.01415620062	1.2533285033969999
2.9548424236264	0.01660640433333333	1.2445089148673332
2.956587752878394	0.018008410333333332	1.2351011403566665
2.9583330821303884	0.013053217399999999	1.2215335162866667
2.960078411382382	0.012770592766666665	1.2089722686533335
2.961823740634377	0.012583057666666665	1.1943350133366666
2.963569069886372	0.014317198666666664	1.1904116694933333
2.965314399138366	0.017110906666666665	1.2001995470433333
2.9670597283903604	0.020206525666666666	1.2118814148366666
2.9688050576423537	0.017224660000000003	1.2035807222723334
2.970550386894349	0.01648206433333333	1.1855510275880001
2.9722957161463435	0.014957692666666664	1.1696918455719998
2.9740410453983377	0.014102767333333335	1.1638516287296667
2.975786374650332	0.009635300999999999	1.1599154803763332
2.977531703902326	0.010288318999999999	1.166993141886333
2.9792770331543204	0.015519033000000002	1.18811018259
2.981022362406315	0.019658488000000002	1.21853791719
2.982767691658309	0.014403456666666665	1.2423249134799998
2.9845130209103035	0.013992963333333334	1.2576737284166666
2.9862583501622977	0.01744656533333333	1.24934176995
2.988003679414292	0.017587921666666666	1.2163206360476666
2.989749008666286	0.009109801666666665	1.178753612122
2.9914943379182812	0.009378783	1.1724045328356665
2.9932396671702755	0.016431546999999998	1.1865428290466666
2.9949849964222697	0.019020010000000004	1.19636371721
2.996730325674264	0.012740352333333333	1.2052364670766667
2.9984756549262586	0.014006709999999999	1.2402192054133332
3.000220984178253	0.018935056333333335	1.2747176158799998
3.001966313430247	0.02121498	1.27153414815
3.0037116426822412	0.015022428666666667	1.2371561964
3.0054569719342354	0.016071327	1.2257773691033331
3.00720230118623	0.024494298666666667	1.2411357323633334
3.008947630438224	0.02612943	1.2415094365766666
3.0106929596902186	0.013678195999999998	1.2136826115716666
3.0124382889422123	0.010739161666666665	1.2080978834363334
3.014183618194207	0.016323086	1.2314115733233333
3.015928947446201	0.01796987	1.23887922477
3.0176742766981954	0.009127748666666666	1.2032482064303331
3.0194196059501897	0.010512951666666666	1.170534291926
3.021164935202184	0.02308209333333333	1.1700457319299997
3.022910264454178	0.02730704333333333	1.1793203257066665
3.024655593706173	0.013673279866666666	1.1740112940766667
3.0264009229581674	0.010863426233333334	1.1794164249133332
3.0281462522101616	0.01810653	1.19298510012
3.029891581462156	0.01873757	1.1935638489133333
3.03163691071415	0.009048201333333334	1.1831485364466667
3.0333822399661448	0.011389803999999998	1.1959271589033333
3.035127569218139	0.023016106666666664	1.2251164817533333
3.036872898470133	0.02692882333333333	1.2445476332099998
3.0386182277221274	0.01700740533333333	1.2553835419366666
3.040363556974122	0.015549563333333332	1.2908351235916666
3.042108886226116	0.018699116666666665	1.32931885641
3.0438542154781105	0.018314873333333332	1.3297236929266665
3.0455995447301047	0.012039185999999997	1.291524231874
3.047344873982099	0.013678849666666666	1.2665473589393332
3.049090203234093	0.022873796666666668	1.26612529314
3.0508355324860883	0.02804197	1.25250617435
3.0525808617380825	0.017829641666666663	1.2089527580333332
3.0543261909900767	0.015258240333333334	1.19473910033
3.056071520242071	0.021914450000000002	1.2265597695933332
3.057816849494065	0.02265934	1.2476094155833333
3.05956217874606	0.010944182333333333	1.2131881075166666
3.061307507998054	0.011722229066666668	1.1735891413233333
3.0630528372500487	0.027480886666666666	1.1799840131403334
3.0647981665020425	0.033105789999999996	1.2108517113043333
3.0665434957540367	0.0177849764	1.212235959701
3.0682888250060314	0.01588748	1.198013242769333
3.0700341542580256	0.020917313333333333	1.1991128283583334
3.07177948351002	0.017105446666666666	1.2319000421273332
3.073524812762014	0.012727193333333333	1.2765349449266667
3.075270142014008	0.016168526	1.3015219554333333
3.0770154712660034	0.018760246666666664	1.301149242583333
3.0787608005179976	0.02481257	1.3156420101366666
3.080506129769992	0.023225788	1.3495469422900002
3.082251459021986	0.023041525999999996	1.3780350276766664
3.0839967882739803	0.026488236666666665	1.3692093761866666
3.085742117525975	0.023351053333333333	1.33535633887
3.087487446777969	0.013123427333333333	1.3133199821833332
3.0892327760299634	0.014833205666666665	1.3125367901079998
3.0909781052819576	0.022699026	1.2896054986566665
3.092723434533952	0.027838490333333334	1.2373849916766666
3.094468763785946	0.022383852099999997	1.1986700496733333
3.0962140930379407	0.023707309599999997	1.22046279925
3.0979594222899345	0.02981325	1.25990871876
3.099704751541929	0.02618278666666667	1.2495733182433333
3.101450080793923	0.01464924033333333	1.2075061266899998
3.1031954100459176	0.015921155333333332	1.2182517069133332
3.104940739297912	0.025039	1.2925768586433333
3.106686068549906	0.03094739666666666	1.3654682605533335
3.1084313978019003	0.023121096	1.3703072337666669
3.1101767270538954	0.024348913000000003	1.3420351879966665
3.1119220563058896	0.034048746666666664	1.361830802463333
3.113667385557884	0.029758506666666663	1.4568025783699998
3.1154127148098785	0.018692174	1.5667619987966666
3.1171580440618727	0.021382202333333336	1.6177210367800001
3.118903373313867	0.025954414	1.5967744823433332
3.120648702565861	0.033629255999999996	1.5797513061066666
3.122394031817856	0.03470826433333333	1.5941780058666666
3.1241393610698496	0.03875679666666666	1.5763057590966665
3.1258846903218442	0.05429662	1.47761886276
3.127630019573838	0.04785075999999999	1.4037938481399999
3.1293753488258327	0.02518650633333333	1.5221836930066666
3.131120678077827	0.027484991333333333	1.74381348021
3.132866007329821	0.028019836	1.76647893782
3.1346113365818153	0.02894090333333333	1.67144976276
3.1363566658338096	0.07833437333333333	2.0662573873
3.1381019950858047	0.12646343	3.30916430039
3.139847324337799	0.20392083	4.936760414153333
3.141592653589793	0.7133936999999999	6.205672243796666