# O(3P)+CO2(000; j=0) -> O(3P)+CO2(000; j') scattering, statistically averaged (3A2+3B2+3B1) potential energy surfaces
# Differential cross sections; packaged by M. Gacesa (marko.gacesa@nasa.gov), Apr 30 2019
# E = 0.649677 eV
# theta(rad)                 elastic DCS                total DCS (both in units of 1E-16 cm^2/Sr)
0.	1.6110183333333333e6	1.6452502173513528e6
0.0017453292519943296	1.3342000999999999e6	1.3606634997213334e6
0.003490658503988659	793055.2333333334	806977.9885596667
0.005235987755982989	388304.4666666666	396133.205113
0.006981317007977318	179378.8666666667	184673.30916099998
0.008726646259971648	78927.22666666665	82208.71499976667
0.010471975511965978	36162.736666666664	38531.080021233334
0.012217304763960305	21916.503333333334	24342.266576266666
0.013962634015954637	17368.80633333333	20206.74678727
0.015707963267948967	16310.016666666666	19419.40728702667
0.017453292519943295	15371.038999999999	18181.05254722
0.019198621771937624	12545.908333333335	14623.412822533333
0.020943951023931956	9236.522666666666	10679.538239316666
0.02268928027592628	6685.667666666666	7876.06168684
0.02443460952792061	5150.104	6449.375866033333
0.02617993877991494	4864.052333333333	6420.828546046667
0.027925268031909273	5144.414733333333	6798.02016818
0.029670597283903602	4985.524333333333	6455.489186979999
0.031415926535897934	4287.213333333333	5440.811553736667
0.03316125578789226	3301.9743333333336	4202.6798843199995
0.03490658503988659	2333.8962666666666	3162.49714484
0.03665191429188092	1840.5240333333331	2774.5458528276667
0.03839724354387525	1869.3037333333332	2946.8461242516664
0.040142572795869566	2036.0211333333332	3146.9928159553333
0.04188790204786391	2066.6432999999997	3069.0521434999996
0.043633231299858244	1829.0352666666668	2642.471653247333
0.04537856055185256	1336.7290666666665	1980.3470387910002
0.047123889803846894	859.4561	1436.063356125
0.04886921905584122	633.2976333333332	1245.5230144933332
0.05061454830783555	647.0470666666666	1324.244752575
0.05235987755982988	782.5907666666667	1482.991896549333
0.054105206811824215	880.9689333333333	1532.5434664289999
0.05585053606381855	804.3353333333332	1353.6382195966667
0.05759586531581287	582.4123333333333	1033.0809865683332
0.059341194567807204	355.1664666666667	757.3687065576665
0.061086523819801536	219.6157033333333	622.9864438656666
0.06283185307179587	209.9971	631.9003986843333
0.0645771823237902	292.0192666666666	713.8284818483332
0.06632251157578452	367.11986	751.5732959746666
0.06806784082777885	365.3693666666666	689.2755299036667
0.06981317007977318	291.7070533333333	565.6043837373333
0.0715584993317675	186.12433666666666	441.82112360133334
0.07330382858376185	101.30418599999999	366.85680731366665
0.07504915783575618	78.28708666666667	360.8091573873333
0.0767944870877505	108.94966333333332	390.45729822233335
0.07853981633974483	152.36106	403.73692642
0.08028514559173913	174.52675333333332	379.30786872666664
0.08203047484373349	158.52279333333334	324.43724314866665
0.08377580409572782	111.09596333333333	263.30768498133335
0.08552113334772216	62.509226	228.25712782099995
0.08726646259971649	38.644011	230.47661232000002
0.08901179185171079	42.84383666666666	250.04696816533334
0.09075712110370512	63.853313333333325	261.001376251
0.09250245035569944	83.06037666666666	247.97847788833332
0.09424777960769379	83.50002333333333	210.21875011199998
0.09599310885968812	64.92652333333332	166.65801375133333
0.09773843811168244	40.949404666666666	142.1625552095333
0.09948376736367677	23.575764999999997	144.13535514816664
0.1012290966156711	18.92703	162.3558056637333
0.10297442586766543	26.70227333333333	180.67799293366664
0.10471975511965977	37.69616333333333	182.72694494966663
0.10646508437165408	42.254619999999996	162.86760414933332
0.10821041362364843	38.92132333333333	132.49077057466667
0.10995574287564276	29.96756	106.85177767743332
0.1117010721276371	18.632086333333334	94.24364663983332
0.11344640137963143	11.275837333333332	97.46797973929998
0.11519173063162574	11.332192333333332	111.03055111200001
0.11693705988362009	15.635753999999999	122.13029076463334
0.11868238913561441	20.80476	122.91079767609997
0.12042771838760875	24.577513333333332	113.79796720823333
0.12217304763960307	23.71786333333333	97.9614771455
0.12391837689159738	19.007842999999998	82.38716353126667
0.12566370614359174	14.909790666666666	74.73171376506667
0.12740903539558604	12.475946333333333	74.56825783443333
0.1291543646475804	10.947675666666665	76.7787163302
0.13089969389957473	11.404578199999998	78.76036332213332
0.13264502315156904	13.103323	78.29443844033332
0.1343903524035634	14.334573333333331	74.46382314023333
0.1361356816555577	16.028527	70.5964875672
0.13788101090755206	17.948216333333335	68.51060284293334
0.13962634015954636	17.651497999999997	66.16104873506666
0.1413716694115407	15.591862333333333	63.234823918100005
0.143116998663535	13.528855333333334	60.28356904443332
0.14486232791552936	11.261503999999999	56.1511915118
0.1466076571675237	9.590688333333333	51.7430391394
0.148352986419518	10.054829999999999	49.5184751197
0.15009831567151236	11.627516	49.29026187033333
0.15184364492350666	13.276945999999999	50.403450089433335
0.153588974175501	15.271123666666668	52.82055703296667
0.15533430342749535	16.182154999999998	54.19277759666666
0.15707963267948966	14.527649999999998	52.2301283435
0.158824961931484	11.611087	47.98308743023333
0.16057029118347826	8.911588333333333	43.14310124473333
0.16231562043547265	7.015994	38.962775333
0.16406094968746698	7.031739666666667	37.32090964236666
0.16580627893946132	8.851417333333332	38.42856399916667
0.16755160819145565	10.553298999999999	40.281722464366666
0.16929693744344992	11.265009666666666	41.7200639434
0.1710422666954443	11.092414999999999	42.3255934802
0.17278759594743864	9.687282666666665	41.3178856976
0.17453292519943298	7.483955333333332	39.02313904493333
0.17627825445142725	5.746095	36.65327359216667
0.17802358370342158	4.841078466666667	34.61219854673333
0.17976891295541597	4.745237666666666	33.209540244133336
0.18151424220741025	5.541804	32.887404618266665
0.18325957145940458	6.485562666666667	33.143576325933324
0.18500490071139888	6.643592666666667	33.280826508333334
0.18675022996339324	6.0717913333333335	33.326501193633334
0.18849555921538758	5.087292333333332	33.19762387
0.1902408884673819	3.9197619999999995	32.7258086413
0.19198621771937624	3.0928722666666664	32.13049212543333
0.19373154697137057	2.857036166666666	31.417260413333327
0.19547687622336488	2.8968619999999996	30.3699020592
0.19722220547535924	3.040289666666667	29.247485311033333
0.19896753472735354	3.197608333333333	28.37513531203333
0.2007128639793479	3.1002739999999998	27.819323082266664
0.2024581932313422	2.713791333333333	27.7038345868
0.20420352248333656	2.2647811	27.993279466199997
0.20594885173533087	1.8360444666666669	28.280713971166666
0.20769418098732523	1.5349642333333335	28.3085765907
0.20943951023931953	1.5112355333333334	28.016727012766665
0.2111848394913139	1.665813	27.329292418266665
0.21293016874330817	1.7887013333333333	26.36940768703333
0.21467549799530256	1.8444760000000002	25.47794679783333
0.21642082724729686	1.8165059999999997	24.8565162592
0.2181661564992912	1.6839826666666664	24.589349156466668
0.21991148575128552	1.533618	24.672896548900003
0.22165681500327983	1.4667750000000002	24.910173068933336
0.2234021442552742	1.481525	25.029405209899995
0.22514747350726852	1.5986496666666667	24.91184575893333
0.22689280275926285	1.8528386666666665	24.554843507266668
0.22863813201125716	2.1707176666666665	24.022489334666666
0.2303834612632515	2.404594	23.411943303766666
0.23212879051524585	2.526318	22.857537856833332
0.23387411976724018	2.5801723333333335	22.472631551266666
0.23561944901923448	2.570477333333333	22.267735457066667
0.23736477827122882	2.5344499999999996	22.174471473566662
0.23911010752322315	2.5877536666666665	22.1623525296
0.2408554367752175	2.7389583333333336	22.1479297167
0.24260076602721184	2.952393333333333	22.03819267793333
0.24434609527920614	3.266995333333333	21.868116170733334
0.24609142453120048	3.6092733333333333	21.649962625433332
0.24783675378319475	3.7692179999999995	21.277009612099995
0.24958208303518917	3.7518569999999998	20.827618922466666
0.25132741228718347	3.684141666666666	20.477420209566663
0.2530727415391778	3.5602693333333333	20.213586061966666
0.2548180707911721	3.4239523333333333	20.021763582366667
0.25656340004316636	3.414334333333333	19.9808847296
0.2583087292951608	3.475777	19.976683084566666
0.26005405854715513	3.541479	19.9091985594
0.26179938779914946	3.6892253333333334	19.878654484033333
0.2635447170511437	3.824071	19.82702852923333
0.26529004630313807	3.7372753333333333	19.577028189466667
0.26703537555513246	3.504799666666666	19.246771665766666
0.2687807048071268	3.2573320000000003	18.973342391733333
0.270526034059121	2.9744983333333335	18.703369329299996
0.2722713633111154	2.733873	18.49824837563333
0.2740166925631097	2.6286049999999994	18.425105286399997
0.2757620218151041	2.5385789999999995	18.318486081166668
0.27750735106709834	2.4310256666666663	18.16383297703333
0.2792526803190927	2.39425	18.100797203933332
0.280998009571087	2.3318566666666665	18.036058846066666
0.2827433388230814	2.1295694999999997	17.857873820266665
0.2844886680750758	1.8826737333333332	17.670569458566668
0.28623399732707	1.6347283333333333	17.467915353866665
0.28797932657906433	1.3758470666666667	17.2036122293
0.2897246558310587	1.201633333333333	16.998492363999997
0.291469985083053	1.124330833333333	16.855690874833332
0.2932153143350474	1.0338279666666668	16.643739928666665
0.29496064358704166	0.9482219666666666	16.43501188603333
0.296705972839036	0.8965718333333333	16.301025555566664
0.2984513020910303	0.8123602333333333	16.15942233723333
0.3001966313430247	0.7095805333333332	16.029841133699996
0.301941960595019	0.6385827666666667	15.949368738533332
0.3036872898470133	0.5527075666666666	15.7998409875
0.30543261909900765	0.4811807666666666	15.596499250366666
0.307177948351002	0.4914698333333332	15.446045317633335
0.3089232776029963	0.5304849	15.284889707866665
0.3106686068549907	0.5652809333333333	15.079858825266665
0.312413936106985	0.6291876999999999	14.916336976366665
0.3141592653589793	0.6557722333333333	14.738605535299998
0.31590459461097364	0.6355249666666666	14.527882304566667
0.317649923862968	0.6762932666666666	14.417446461066667
0.3193952531149623	0.7584768999999999	14.368753282733334
0.32114058236695653	0.8044882	14.249153364866666
0.32288591161895097	0.8803112333333334	14.132889127166665
0.3246312408709453	0.9877727666666667	14.041711282033333
0.32637657012293964	1.0582056	13.8888745994
0.32812189937493397	1.155392	13.751768742466666
0.32986722862692824	1.2901755	13.665778838166666
0.33161255787892263	1.3292375	13.479901132933332
0.3333578871309169	1.3213688333333335	13.2521201712
0.3351032163829113	1.3923284666666664	13.143688868999998
0.3368485456349056	1.4685500333333334	13.065252999966667
0.33859387488689985	1.5026845999999998	12.948837396466665
0.34033920413889424	1.5674556	12.883042202166665
0.3420845333908886	1.5985711999999999	12.792065589066667
0.3438298626428829	1.5626417333333333	12.6241724673
0.3455751918948773	1.5906893333333332	12.529800110166665
0.34732052114687156	1.6595959999999998	12.480665070133334
0.34906585039886595	1.6345013333333331	12.315645897366666
0.3508111796508603	1.5965566666666666	12.141247665799998
0.3525565089028545	1.6195946666666665	12.060882483199999
0.3543018381548489	1.6146969999999998	11.977838677666668
0.35604716740684317	1.5926363333333333	11.911808865033333
0.35779249665883756	1.5975016666666666	11.911458781099999
0.35953782591083194	1.5251606666666666	11.832674261566666
0.3612831551628262	1.3959056666666667	11.678507120099997
0.3630284844148205	1.3506736666666666	11.60122436070333
0.3647738136668149	1.3407628333333332	11.53024754077
0.36651914291880916	1.2805527333333333	11.370083353346667
0.36826447217080355	1.2471264333333334	11.237674510236666
0.37000980142279777	1.2367897	11.15467098415333
0.3717551306747922	1.1838076666666666	11.068432281726666
0.3735004599267865	1.1479836999999997	11.068696050253333
0.3752457891787809	1.131452	11.144345852786666
0.37699111843077515	1.0316809999999998	11.136364467016666
0.3787364476827695	0.9081361333333333	11.078763590536667
0.3804817769347638	0.8592882	11.052791119873334
0.38222710618675815	0.8295365666666666	10.969204312159999
0.3839724354387525	0.7963644333333333	10.814372211663335
0.38571776469074687	0.8026685666666666	10.672774357756666
0.38746309394274114	0.7849668333333333	10.506269837293333
0.3892084231947355	0.7215020666666666	10.335724368796667
0.39095375244672975	0.6905295333333333	10.28770374242
0.39269908169872414	0.6663538999999999	10.32222949777
0.39444441095071847	0.5897792666666667	10.335386581316666
0.3961897402027128	0.5322017666666665	10.37068875388
0.3979350694547071	0.5242046300000001	10.414110709726666
0.39968039870670136	0.5234028366666666	10.383359520463332
0.4014257279586958	0.5561483866666667	10.316511604096664
0.4031710572106902	0.6158643866666667	10.226583646853333
0.4049163864626844	0.6112110433333333	10.03541763601
0.4066617157146788	0.5608185333333333	9.813809644223333
0.4084070449666731	0.5303954	9.67589274065
0.41015237421866746	0.48897636666666666	9.586377681836666
0.41189770347066174	0.4384848333333333	9.535013583373333
0.413643032722656	0.43983276666666665	9.56896751834
0.41538836197465046	0.46425853333333333	9.614806528176667
0.4171336912266447	0.4948235666666666	9.630551747206667
0.41887902047863906	0.5801379666666666	9.67726284415
0.42062434973063334	0.6706877999999998	9.699366273323331
0.4223696789826278	0.6781628999999999	9.602614944476667
0.4241150082346221	0.6424527966666667	9.460081695253333
0.42586033748661634	0.59899457	9.328219860273332
0.4276056667386108	0.52871554	9.182587826623333
0.4293509959906051	0.48332719333333324	9.08471747636
0.43109632524259933	0.5013559666666666	9.072190341223333
0.4328416544945937	0.5244525666666666	9.059960285946666
0.434586983746588	0.5614108999999999	9.06011290875
0.4363323129985824	0.6568574666666667	9.137056369843332
0.43807764225057666	0.7420628333333333	9.207314425289999
0.43982297150257105	0.7570782666666667	9.196414773826667
0.44156830075456543	0.7424803000000001	9.15203157105
0.44331363000655966	0.6996092666666667	9.063387340756666
0.445058959258554	0.6286796666666666	8.916811946736665
0.4468042885105484	0.6048861666666666	8.801293683366666
0.44854961776254265	0.6380976333333332	8.731126824073332
0.45029494701453704	0.6640651666666667	8.6386312307
0.4520402762665313	0.7051755	8.576059892903332
0.4537856055185257	0.7847085	8.59607433854
0.45553093477052	0.8372128999999999	8.627012005293333
0.4572762640225143	0.8404617999999999	8.636146769823332
0.45902159327450864	0.825647	8.64106862651
0.460766922526503	0.7729623666666666	8.58519569542
0.46251225177849725	0.7034166333333333	8.465031485136667
0.4642575810304917	0.6928537333333333	8.359240974963333
0.46600291028248597	0.7281888333333333	8.256453585896665
0.46774823953448036	0.7540692	8.116077291289999
0.4694935687864746	0.7913492999999999	8.003669408623333
0.47123889803846897	0.8373871333333334	7.952342032306667
0.4729842272904633	0.8421176	7.92339532762
0.47472955654245763	0.8118236999999999	7.924874644256666
0.4764748857944519	0.7664416999999999	7.952734727156667
0.4782202150464463	0.6854495333333334	7.937876565760001
0.4799655442984406	0.6055050999999999	7.88336890271
0.481710873550435	0.5866211333333333	7.833442590039999
0.48345620280242924	0.6076322	7.757935750803334
0.4852015320544237	0.6331960333333333	7.640596973573333
0.48694686130641796	0.6712437	7.532680089259999
0.4886921905584123	0.6953902333333334	7.443187052299999
0.49043751981040656	0.6747778666666666	7.3690542321466665
0.49218284906240095	0.6291542	7.346651889043334
0.4939281783143953	0.5661708333333333	7.363413393856666
0.4956735075663895	0.47584723333333334	7.366655490516667
0.4974188368183839	0.40127769999999996	7.366680349053333
0.49916416607037833	0.3789087666666667	7.3721596154733335
0.5009094953223726	0.39150072	7.347565214299999
0.5026548245743669	0.4274413899999999	7.2941296252733325
0.5044001538263612	0.47868114333333334	7.233363197413333
0.5061454830783556	0.50213042	7.149143042333333
0.5078908123303499	0.48478363999999996	7.061398479706666
0.5096361415823442	0.44925756333333333	7.016513118903333
0.5113814708343385	0.39165990666666667	7.000549280226666
0.5131268000863327	0.31241780666666663	6.9878540002600005
0.5148721293383272	0.2532287166666667	6.996761835759999
0.5166174585903216	0.23000216666666662	7.01522634959
0.5183627878423158	0.23431799999999997	7.0154794141500005
0.5201081170943103	0.27369045666666664	7.0097492837766655
0.5218534463463045	0.3302095	6.9926349594933335
0.5235987755982989	0.3564204	6.930915557796666
0.5253441048502931	0.35303929999999994	6.851373498066666
0.5270894341022874	0.3402970566666666	6.794352041463334
0.5288347633542818	0.30695032666666666	6.746878303203333
0.5305800926062761	0.25863469666666666	6.705761822776666
0.5323254218582705	0.22916356666666665	6.694282687843334
0.5340707511102649	0.21975034333333335	6.695606230643333
0.5358160803622593	0.22807020333333333	6.6959900749933325
0.5375614096142536	0.27036257666666663	6.712702831989999
0.5393067388662478	0.3258417966666667	6.725487504289999
0.541052068118242	0.3523465	6.69502881116
0.5427973973702365	0.35901377	6.642453183603333
0.5445427266222308	0.36362922333333325	6.593343458930001
0.5462880558742251	0.35370789999999996	6.534984464736667
0.5480333851262194	0.3350781333333333	6.474268811286667
0.5497787143782138	0.3323168666666666	6.43491295777
0.5515240436302082	0.340153	6.407103665383333
0.5532693728822025	0.35698843333333335	6.390927668353333
0.5550147021341967	0.3969346	6.404625106773333
0.5567600313861911	0.4418469333333333	6.428426734846667
0.5585053606381855	0.45985609999999993	6.428678601983333
0.5602506898901798	0.46244040000000003	6.4156198705
0.561996019142174	0.4662854333333333	6.399095418506666
0.5637413483941685	0.46301576666666666	6.365359120516667
0.5654866776461628	0.4556102	6.317914799193333
0.5672320068981571	0.4616897	6.27462075611
0.5689773361501516	0.47783773333333335	6.235560747236666
0.5707226654021459	0.49900623333333327	6.207567759293333
0.57246799465414	0.5289655999999999	6.204381212843332
0.5742133239061344	0.5554537666666667	6.217094451603332
0.5759586531581287	0.5588773999999999	6.226742929393333
0.5777039824101231	0.5468070333333334	6.233698041286667
0.5794493116621174	0.5331690333333332	6.236242588466666
0.5811946409141118	0.5172340333333333	6.22229958385
0.582939970166106	0.5004892666666666	6.187804206786667
0.5846852994181004	0.4958588	6.1414325393733336
0.5864306286700948	0.5054054333333333	6.090075524846666
0.5881759579220891	0.5211657333333333	6.041590273293332
0.5899212871740833	0.5359092333333333	6.003660171576667
0.5916666164260775	0.5428933333333333	5.980816225709999
0.593411945678072	0.5325051	5.9710695095599995
0.5951572749300664	0.5053318333333333	5.970185090556666
0.5969026041820606	0.47020399999999996	5.97126721043
0.5986479334340549	0.43327486666666665	5.96616263186
0.6003932626860494	0.39687486666666666	5.9445751155733335
0.6021385919380438	0.3711621333333333	5.905052590643333
0.603883921190038	0.36328513333333323	5.853872345949999
0.6056292504420324	0.3661683333333333	5.795060432003333
0.6073745796940266	0.3677316666666667	5.730790290030001
0.609119908946021	0.3652566766666666	5.674236706119999
0.6108652381980153	0.3547360666666667	5.6356771473533325
0.6126105674500095	0.33103136666666666	5.613265304939999
0.614355896702004	0.2974527266666666	5.6030937659066655
0.6161012259539983	0.26216001666666666	5.602902510383332
0.6178465552059926	0.22743448000000002	5.601072267026666
0.6195918844579871	0.20083183566666665	5.58975789922
0.6213372137099814	0.1911561363333333	5.569303835096666
0.6230825429619757	0.193775559	5.536232133193334
0.62482787221397	0.197175016	5.486500943426666
0.6265732014659642	0.20094708666666664	5.432139164353332
0.6283185307179586	0.20370437666666663	5.3855033820700005
0.630063859969953	0.19818263333333333	5.348984756663333
0.6318091892219473	0.1832950133333333	5.3248063478933325
0.6335545184739415	0.16598979	5.316670767036666
0.635299847725936	0.149156	5.3181860687833336
0.6370451769779303	0.1374921	5.32210173961
0.6387905062299246	0.13678664666666665	5.322983379806667
0.6405358354819191	0.14589834666666668	5.312832496166667
0.6422811647339131	0.15842684666666665	5.285391359386667
0.6440264939859075	0.17321098666666668	5.244599267953333
0.6457718232379019	0.18811589666666664	5.195905686533333
0.6475171524898962	0.19821118666666665	5.145901031023333
0.6492624817418906	0.20056474333333332	5.102679938533333
0.6510078109938849	0.19884290333333335	5.072889534336666
0.6527531402458793	0.19797316133333334	5.05876777604
0.6544984694978735	0.20105433333333333	5.059562648066667
0.6562437987498679	0.20773258333333333	5.066338376639999
0.6579891280018623	0.2210989433333333	5.071228166703333
0.6597344572538565	0.24357502	5.070772191473333
0.6614797865058508	0.2699317766666666	5.056771001406666
0.6632251157578453	0.29245023666666664	5.020098813953333
0.6649704450098396	0.31168779999999996	4.969075268849999
0.6667157742618338	0.3262686	4.915118262686666
0.668461103513828	0.3332640333333333	4.861855912686666
0.6702064327658226	0.3375047333333333	4.81841373856
0.6719517620178169	0.3434355333333333	4.795988812316667
0.6736970912698113	0.34606076666666663	4.789439468496667
0.6754424205218055	0.351533	4.79732611618
0.6771877497737997	0.37149906666666666	4.82489086745
0.6789330790257941	0.39752829999999995	4.85588303465
0.6806784082777885	0.4154138666666666	4.86593879796
0.6824237375297828	0.4315309333333333	4.859601697976666
0.6841690667817772	0.4479712333333333	4.84346570567
0.6859143960337715	0.4537622666666666	4.807707201926666
0.6876597252857658	0.4501438666666666	4.757256569076667
0.6894050545377601	0.4442388666666666	4.710112783683333
0.6911503837897546	0.4297082666666666	4.667275773146666
0.6928957130417489	0.4133375666666666	4.637278014680001
0.6946410422937431	0.41287666666666667	4.640094069946667
0.6963863715457373	0.4205044666666667	4.666072956916667
0.6981317007977319	0.41955963333333335	4.6909478902199995
0.6998770300497262	0.4207692333333333	4.72087438142
0.7016223593017206	0.4296351333333333	4.758058449456667
0.7033676885537148	0.42979276666666666	4.77831740129
0.705113017805709	0.41788549999999997	4.7731617623733325
0.7068583470577035	0.40230710000000003	4.75259359793
0.7086036763096978	0.3770321666666666	4.712182725029999
0.710349005561692	0.34692746666666663	4.659514600946666
0.7120943348136863	0.3303547333333333	4.6201385188833335
0.7138396640656808	0.3219586	4.594632873849999
0.7155849933176751	0.3067146333333333	4.571612442716667
0.7173303225696694	0.29656119999999997	4.568660109326666
0.7190756518216639	0.29827213333333324	4.594974334583332
0.7208209810736581	0.2947818666666666	4.629133429113333
0.7225663103256524	0.28013867	4.659458733873333
0.7243116395776467	0.26217465	4.68652327517
0.726056968829641	0.2365733	4.695246505636666
0.7278022980816354	0.20627810666666668	4.681679518696666
0.7295476273336298	0.18600529999999998	4.659218971093333
0.7312929565856241	0.17347811000000002	4.62476392085
0.7330382858376183	0.15892608333333333	4.5726513498833325
0.7347836150896128	0.151709467	4.5246045666
0.7365289443416071	0.15536625366666665	4.495714538313333
0.7382742735936013	0.15637839226666667	4.48051108584
0.7400196028455955	0.14979410333333332	4.481237587133333
0.7417649320975901	0.13951561899999998	4.500898955569999
0.7435102613495844	0.12190427	4.525242857499999
0.7452555906015788	0.10085295333333333	4.54871530774
0.747000919853573	0.08694632666666666	4.572531811119999
0.7487462491055674	0.08005330666666666	4.58174422315
0.7504915783575618	0.07783032333333331	4.565121743316666
0.752236907609556	0.08599253333333334	4.532492785986666
0.7539822368615503	0.10121639999999998	4.4878399224
0.7557275661135445	0.11566568333333332	4.433107212106666
0.757472895365539	0.12886196666666666	4.383732374546666
0.7592182246175333	0.1369048	4.346880319586667
0.7609635538695276	0.13260318666666665	4.317324163166667
0.7627088831215221	0.12399455033333331	4.305784846953333
0.7644542123735163	0.12021594399999999	4.319730152269999
0.7661995416255106	0.1199783488	4.343086227813332
0.767944870877505	0.12692213166666666	4.364627568603333
0.7696902001294994	0.14624606466666668	4.384159276829999
0.7714355293814937	0.16888274666666664	4.387755623856666
0.773180858633488	0.19206549333333334	4.36979731924
0.7749261878854823	0.2213880633333333	4.342708239376666
0.7766715171374765	0.2450648133333333	4.302945935153333
0.778416846389471	0.24935493999999997	4.241963866453333
0.7801621756414653	0.24725595	4.183157687696665
0.7819075048934595	0.24924805666666666	4.146450823366666
0.7836528341454538	0.2494726333333333	4.12374073023
0.7853981633974483	0.25333116666666666	4.115768202409999
0.7871434926494427	0.2692813666666667	4.131033122063333
0.7888888219014369	0.28667766666666666	4.154467972113332
0.7906341511534312	0.3051781	4.177527744883332
0.7923794804054256	0.33539379999999996	4.2072083414899994
0.7941248096574199	0.36157663333333334	4.224715510176666
0.7958701389094142	0.36418073333333334	4.205879750713333
0.7976154681614087	0.3594809666666666	4.168453571499999
0.7993607974134027	0.36056546666666667	4.130228634389999
0.8011061266653973	0.3559935666666667	4.080857536449999
0.8028514559173916	0.3486441333333333	4.026714295873333
0.8045967851693858	0.35179313333333334	3.9900137858199995
0.8063421144213804	0.3573662999999999	3.9689536875033333
0.8080874436733746	0.36399716666666665	3.9647768189166666
0.8098327729253688	0.3836715	3.991576462156667
0.8115781021773631	0.40171226666666665	4.03217885397
0.8133234314293576	0.39633589999999996	4.0570307153
0.815068760681352	0.3834346333333333	4.07434387842
0.8168140899333463	0.3776488333333333	4.090469183226666
0.8185594191853405	0.3641762333333334	4.08172568132
0.8203047484373349	0.3415761	4.043343302416667
0.8220500776893291	0.32690766666666665	3.995285618193333
0.8237954069413235	0.3176375333333333	3.941081112176667
0.8255407361933177	0.30976706666666665	3.8879014794299995
0.827286065445312	0.3126913333333333	3.8585401949299993
0.8290313946973066	0.3172531666666667	3.85178514706
0.8307767239493009	0.3050302	3.852218375753333
0.8325220532012951	0.28738936666666665	3.8710892471833334
0.8342673824532894	0.2767475	3.9128975585266663
0.8360127117052839	0.2595996	3.950858901626667
0.8377580409572781	0.23199245333333332	3.969646367273333
0.8395033702092725	0.20981602333333332	3.9747264163266665
0.8412486994612667	0.19453106999999997	3.959847394756667
0.8429940287132611	0.18096097666666666	3.923498578503333
0.8447393579652556	0.17406851666666667	3.8815362084933334
0.8464846872172498	0.17031451	3.8387424206999996
0.8482300164692442	0.15848673666666666	3.7936479489433332
0.8499753457212386	0.14433401666666668	3.7648287056300003
0.8517206749732327	0.13477313333333335	3.763987778116667
0.853466004225227	0.12213261	3.779361063183333
0.8552113334772216	0.10482318266666665	3.80387166663
0.8569566627292158	0.09247941999999999	3.837072830593333
0.8587019919812102	0.08562928399999999	3.865479919623333
0.8604473212332044	0.081693641	3.8805970263633336
0.8621926504851987	0.08279977733333332	3.8848928606833333
0.8639379797371932	0.085553968	3.872222103506666
0.8656833089891874	0.08386636666666666	3.83844601751
0.8674286382411818	0.08040005	3.7985185507066666
0.869173967493176	0.07620583666666667	3.7629576531133333
0.8709192967451702	0.06931360666666667	3.732143815093333
0.8726646259971648	0.06399388666666667	3.713735306483333
0.8744099552491591	0.06354651666666666	3.7117532568366665
0.8761552845011533	0.06473144666666666	3.7166794419566664
0.8779006137531478	0.07128188666666666	3.7283552775766666
0.8796459430051421	0.08704076	3.74942160523
0.8813912722571363	0.10383870333333334	3.764707662133333
0.8831366015091309	0.11558531833333333	3.76271501428
0.8848819307611251	0.12583177766666664	3.7516476106633334
0.8866272600131193	0.131948418	3.7330807266566666
0.8883725892651138	0.132212044	3.7039105052333334
0.890117918517108	0.13480935666666666	3.6744123690399997
0.8918632477691024	0.14016921	3.6495068830866666
0.8936085770210968	0.14150298666666666	3.6222601256766667
0.895353906273091	0.14864561666666667	3.6025942417933337
0.8970992355250853	0.17078907000000002	3.6020039554366665
0.8988445647770799	0.19505097333333332	3.6054938909266667
0.9005898940290741	0.21219086999999998	3.6006026222933336
0.9023352232810684	0.22997542999999998	3.5975631046733327
0.9040805525330626	0.24612832666666665	3.595733956176667
0.9058258817850569	0.25349968	3.5844387724233333
0.9075712110370514	0.2587634666666666	3.5688610145833337
0.9093165402890456	0.26357376666666665	3.5524073802266667
0.91106186954104	0.2598135	3.5263715660833332
0.9128071987930344	0.25848570000000004	3.500769627293333
0.9145525280450286	0.2733926	3.4907665598133333
0.9162978572970231	0.2912219333333333	3.4836467391999997
0.9180431865490173	0.30017306666666665	3.467716371816666
0.9197885158010117	0.31259336666666665	3.4577132950299996
0.921533845053006	0.3301984666666667	3.4571467203966666
0.9232791743050003	0.33934333333333333	3.4517208321266666
0.9250245035569945	0.3408712333333333	3.4419425382399997
0.9267698328089891	0.3402157666666666	3.4332402965066664
0.9285151620609834	0.33099989999999996	3.4177793317333336
0.9302604913129776	0.31910193333333337	3.400013033673333
0.9320058205649719	0.3180284	3.3926546568066667
0.9337511498169662	0.31929019999999997	3.3863148791033333
0.9354964790689607	0.31200503333333335	3.370141492203333
0.9372418083209549	0.3095318	3.358317410083333
0.9389871375729492	0.31792263333333337	3.3571915318166665
0.9407324668249435	0.3217657666666667	3.3527557352566664
0.9424777960769379	0.31642026666666667	3.34259390339
0.9442231253289324	0.31022843333333333	3.3347994363566666
0.9459684545809266	0.30029829999999996	3.3254682654733334
0.9477137838329208	0.2849038	3.314393378966667
0.9494591130849153	0.2721334999999999	3.31009522983
0.9512044423369096	0.2601635666666667	3.30824390263
0.9529497715889038	0.2421389466666667	3.3008774907166663
0.9546951008408984	0.22742351666666666	3.2973340968999993
0.9564404300928926	0.22305455	3.3025569787033335
0.9581857593448869	0.21831183999999998	3.3051707789133333
0.9599310885968813	0.20748273666666667	3.3010393319599993
0.9616764178488755	0.198274	3.296377887386666
0.96342174710087	0.1905891	3.289226669056667
0.9651670763528643	0.17879428999999997	3.2777349114699996
0.9669124056048585	0.16482275	3.2672901889199997
0.9686577348568528	0.15077866333333334	3.258137759526667
0.9704030641088474	0.13422809666666666	3.2476693858966668
0.9721483933608416	0.11863634333333334	3.2424708642133333
0.9738937226128359	0.10812276666666666	3.24605152789
0.9756390518648301	0.09913566666666665	3.2523053308199996
0.9773843811168246	0.08901964999999998	3.25835054769
0.9791297103688189	0.08146114666666668	3.2653793836266662
0.9808750396208131	0.07656242999999999	3.2690874529466663
0.9826203688728073	0.07080436666666666	3.26690844899
0.9843656981248019	0.06359854666666667	3.260618604676666
0.9861110273767961	0.05638048366666666	3.248870833513333
0.9878563566287906	0.049201054333333334	3.2309641801833333
0.9896016858807848	0.042677862	3.213185817316667
0.991347015132779	0.03725182	3.199142895863333
0.9930923443847736	0.03383266333333333	3.1885155988633334
0.9948376736367678	0.03370575000000001	3.183731753703333
0.9965830028887621	0.03593005	3.185205798956667
0.9983283321407567	0.03794732666666667	3.1879243363666667
1.0000736613927508	0.04083224666666666	3.19164371346
1.0018189906447452	0.045232426666666666	3.197095345486667
1.0035643198967397	0.04823071666666666	3.1974123707433333
1.0053096491487339	0.049115846666666664	3.1881425724966665
1.007054978400728	0.050816911	3.174474092323333
1.0088003076527223	0.05329478733333333	3.1583795670833332
1.0105456369047165	0.057336234	3.13874574294
1.0122909661567112	0.06663830866666666	3.1201974069166667
1.0140362954087054	0.07972203233333333	3.105902029196667
1.0157816246606999	0.09166652999999998	3.0930707978433327
1.017526953912694	0.10559162133333333	3.085219400313333
1.0192722831646883	0.12401063333333331	3.08650137956
1.0210176124166828	0.1390665033333333	3.0890117121866667
1.022762941668677	0.14591584000000002	3.0856394338999995
1.0245082709206712	0.1508809233333333	3.0818350977866666
1.0262536001726654	0.15624942999999997	3.0788631307999994
1.02799892942466	0.15908816666666664	3.070152880366667
1.0297442586766543	0.16271223666666665	3.0566168660966664
1.0314895879286488	0.17124574333333334	3.043685297383333
1.0332349171806432	0.18222025	3.0303340836099997
1.0349802464326374	0.19726077666666667	3.0187096836433334
1.0367255756846316	0.21966173333333333	3.0144076373366664
1.0384709049366259	0.2416988	3.0133323760066664
1.0402162341886205	0.2549436333333333	3.0091707458866663
1.041961563440615	0.2644182666666666	3.0073196075266666
1.043706892692609	0.27312556666666665	3.01030248457
1.0454522219446034	0.27376246666666665	3.009300521546667
1.0471975511965979	0.26590796666666666	3.00125222255
1.048942880448592	0.2592271	2.993000334136667
1.0506882097005863	0.2568678333333333	2.98566323357
1.0524335389525805	0.2577850666666667	2.9773822989933336
1.0541788682045747	0.2650577333333333	2.971695453033333
1.0559241974565694	0.2780630333333333	2.9700332220766663
1.0576695267085636	0.2904631333333333	2.9691256883099997
1.059414855960558	0.3019875666666666	2.9710016487399997
1.0611601852125523	0.31335176666666664	2.97747779457
1.0629055144645467	0.31685243333333335	2.981833067746666
1.064650843716541	0.3079477666666666	2.979053975433333
1.0663961729685352	0.2944418	2.973374439743333
1.0681415022205298	0.2818166	2.96642980163
1.069886831472524	0.2678514333333333	2.954809499283333
1.0716321607245185	0.2545705333333333	2.9399332439866663
1.0733774899765127	0.2485483	2.9274887088966666
1.0751228192285072	0.249666	2.919222110983333
1.0768681484805014	0.25408379999999997	2.9155767019033334
1.0786134777324956	0.26004886666666666	2.917870101103333
1.0803588069844898	0.2641747333333333	2.9246353801266665
1.082104136236484	0.26133833333333334	2.9320324187166666
1.0838494654884787	0.2519282666666667	2.9385076604833333
1.085594794740473	0.23845943333333333	2.942093468576666
1.0873401239924672	0.2199603333333333	2.938675004183333
1.0890854532444616	0.1973244	2.926298626943333
1.0908307824964558	0.17757453	2.9077617470433332
1.0925761117484503	0.16483933666666667	2.8860692110966664
1.0943214410004445	0.15670035999999998	2.8631463469466665
1.0960667702524387	0.15134415666666667	2.84220506406
1.0978120995044334	0.14984500666666667	2.828077717113333
1.0995574287564276	0.14980483333333333	2.8231570586299997
1.101302758008422	0.14652577666666666	2.8265580966299995
1.1030480872604165	0.13836559999999998	2.836104452303333
1.1047934165124107	0.12614011999999997	2.849519297013333
1.106538745764405	0.11008663999999999	2.86259172701
1.1082840750163991	0.09239372000000001	2.87042628747
1.1100294042683934	0.07656730333333332	2.8697943285299994
1.111774733520388	0.06365407999999999	2.8595413743666662
1.1135200627723822	0.053220787666666665	2.8396335519566667
1.1152653920243765	0.04710553766666667	2.8130377595399993
1.117010721276371	0.04547893666666667	2.784676566276666
1.1187560505283651	0.04433186	2.7586415983266663
1.1205013797803596	0.040811339999999995	2.738399797943333
1.1222467090323538	0.03649412666666667	2.72860065116
1.123992038284348	0.0319556	2.7311329053733333
1.1257373675363422	0.02602238	2.7431650502866667
1.127482696788337	0.019916334666666667	2.760638340543333
1.1292280260403311	0.01653280433333333	2.7803258141233336
1.1309733552923256	0.016280130666666663	2.7970116796199997
1.13271868454432	0.018863376666666667	2.8051314818933335
1.1344640137963142	0.024184343333333334	2.80199752926
1.1362093430483085	0.030324188000000002	2.78756590317
1.1379546723003031	0.034670161	2.7632330124966664
1.139700001552297	0.03747031533333333	2.733514761066666
1.1414453308042918	0.03932549466666667	2.7043121603466664
1.143190660056286	0.03954959833333333	2.680441482353333
1.14493598930828	0.03916619066666666	2.6657911422066665
1.1466813185602747	0.04170256866666666	2.6636146411599997
1.1484266478122689	0.04885786066666667	2.6736242330133333
1.150171977064263	0.06032521833333333	2.6922195854499997
1.1519173063162573	0.07563411	2.714407947023333
1.1536626355682515	0.09360633666666665	2.7346409121566664
1.1554079648202462	0.11142063333333332	2.7471027757499997
1.1571532940722404	0.12666329333333332	2.747924628093333
1.1588986233242349	0.13763414	2.73564007878
1.160643952576229	0.14353580999999999	2.7117062419266666
1.1623892818282235	0.14520672666666667	2.680439947763333
1.1641346110802178	0.14501304666666665	2.647641612203333
1.165879940332212	0.14535141333333335	2.6189547450433333
1.1676252695842066	0.14912309333333335	2.60048317347
1.1693705988362009	0.15849154666666668	2.59617967162
1.171115928088195	0.17322082666666666	2.6051769902033333
1.1728612573401895	0.19155513333333332	2.6239000783733335
1.1746065865921838	0.21187286666666663	2.6487396833833334
1.1763519158441782	0.23107686666666663	2.67345350957
1.1780972450961724	0.24569846666666667	2.6904478309166664
1.1798425743481666	0.25431593333333335	2.69532906208
1.1815879036001609	0.25672819999999996	2.6867306312166663
1.183333232852155	0.25307436666666666	2.66459973946
1.18507856210415	0.2468457333333333	2.6338184948666665
1.186823891356144	0.24247293333333333	2.6022129657466664
1.1885692206081382	0.24065743333333334	2.5744190228833332
1.1903145498601329	0.24141366666666667	2.55419796953
1.192059879112127	0.2479192	2.5485695078666666
1.1938052083641213	0.2601249333333333	2.55969067678
1.1955505376161155	0.2726383	2.5811402594666664
1.1972958668681097	0.28214923333333336	2.60684488752
1.1990411961201044	0.28885016666666663	2.6337541810066663
1.2007865253720988	0.2906915333333333	2.6551177188366664
1.2025318546240933	0.28630433333333327	2.6642960747599997
1.2042771838760875	0.2781863666666667	2.6606477071733328
1.2060225131280817	0.26773406666666666	2.6449775859899995
1.207767842380076	0.25501549999999995	2.6185518321399996
1.2095131716320702	0.24473526666666667	2.5896478162599994
1.2112585008840648	0.2405096	2.567141358393333
1.213003830136059	0.2384246333333333	2.55183658036
1.2147491593880533	0.23549736666666665	2.544380278043333
1.2164944886400477	0.23509896666666666	2.55063734106
1.218239817892042	0.23665976666666666	2.56960596327
1.2199851471440364	0.23423679999999997	2.5916981342566663
1.2217304763960306	0.22678309999999996	2.611168741863333
1.2234758056480248	0.2174098	2.626366244673333
1.225221134900019	0.20575366666666667	2.6322879884233332
1.2269664641520137	0.19203583333333332	2.6264779624966668
1.228711793404008	0.17940696666666667	2.61224619242
1.2304571226560024	0.16778034666666666	2.5913868105533333
1.2322024519079966	0.15547750333333332	2.565798538936666
1.233947781159991	0.14578987999999998	2.5440809757166662
1.2356931104119853	0.14034003333333334	2.53231853433
1.23743843966398	0.13414489333333335	2.527468532113333
1.2391837689159741	0.12490857999999999	2.5276842533033332
1.240929098167968	0.11655760666666666	2.5357444019066664
1.2426744274199628	0.10942141999999999	2.5483385574599997
1.244419756671957	0.10004846666666667	2.5576730549666666
1.2461650859239515	0.08904169666666667	2.560936288633333
1.2479104151759457	0.07911450666666665	2.5578645591399995
1.24965574442794	0.0698043	2.5466606570833332
1.2514010736799341	0.061035729999999996	2.5293731101666665
1.2531464029319284	0.05406865666666666	2.51062191545
1.254891732183923	0.047907516666666664	2.4917796838466666
1.2566370614359172	0.04125850833333333	2.47458708852
1.2583823906879115	0.03583989133333333	2.464370330233333
1.260127719939906	0.03219628433333333	2.462513448336667
1.2618730491919004	0.028329623	2.4652289198866666
1.2636183784438946	0.024033487666666666	2.470364825886666
1.2653637076958888	0.021126230666666666	2.4770270724366665
1.267109036947883	0.019566266	2.4815887947566666
1.2688543661998777	0.018462703333333334	2.481481066093333
1.270599695451872	0.01793243	2.4767500125066664
1.2723450247038663	0.01827584	2.46706620621
1.2740903539558606	0.019268713333333333	2.453188487053333
1.2758356832078548	0.02070025333333333	2.43904158868
1.2775810124598492	0.022161176666666664	2.4273043402699996
1.2793263417118435	0.02414554633333333	2.418714421163333
1.2810716709638381	0.027469592	2.4149417337333334
1.282817000215832	0.03128198866666666	2.416487365756667
1.2845623294678261	0.034672015	2.4210739166599997
1.286307658719821	0.039465321	2.4279467109599997
1.288052987971815	0.046405706666666664	2.436424844063333
1.2897983172238097	0.05312650666666666	2.4422659940699996
1.2915436464758039	0.058996383333333326	2.4428691747299998
1.293288975727798	0.0659882	2.440896818676667
1.2950343049797923	0.07360000333333333	2.437237711293333
1.296779634231787	0.08073844999999999	2.430332459113333
1.2985249634837812	0.08874042666666666	2.4223588209333333
1.3002702927357757	0.09723235	2.416439339783333
1.3020156219877699	0.10417788333333333	2.4121466765066666
1.3037609512397643	0.11214666666666667	2.410950922013333
1.3055062804917585	0.12336619999999998	2.4151681740066664
1.3072516097437528	0.13309431333333333	2.4207988920233334
1.308996938995747	0.13876524333333332	2.4238623570566666
1.3107422682477412	0.14598837666666667	2.4281578527866667
1.3124875974997359	0.15615406666666665	2.43436893829
1.31423292675173	0.1635319	2.43532180724
1.3159782560037245	0.16811389999999996	2.4296239547333336
1.3177235852557188	0.17495159999999998	2.4232860115966663
1.319468914507713	0.1831852	2.4165929819933334
1.3212142437597074	0.19086636666666668	2.407179491853333
1.3229595730117016	0.20033406666666667	2.39839118069
1.3247049022636959	0.21015259999999997	2.391875101643333
1.3264502315156905	0.21643286666666667	2.38520893494
1.3281955607676847	0.2230488	2.3818256204366666
1.3299408900196792	0.23284589999999997	2.384862752326667
1.3316862192716734	0.2383263	2.387060798143333
1.3334315485236676	0.2366334	2.384022724156667
1.3351768777756619	0.2368233333333333	2.3828907039466665
1.336922207027656	0.24119823333333335	2.3845905304999997
1.338667536279651	0.24226656666666663	2.3799987516666663
1.3404128655316452	0.2406355	2.3686898002466665
1.3421581947836396	0.24303966666666665	2.3580808638566664
1.3439035240356338	0.24783709999999998	2.3477411816533333
1.345648853287628	0.25158020000000003	2.33536966967
1.3473941825396225	0.2562580333333333	2.3250040866066666
1.3491395117916167	0.2599281	2.3171039588833335
1.350884841043611	0.2581694	2.3084961768599994
1.3526301702956052	0.2553140333333333	2.3037082494066667
1.3543754995475994	0.2547773666666666	2.30568315664
1.356120828799594	0.24936846666666668	2.305778318913333
1.3578661580515883	0.23720323333333332	2.30003475838
1.3596114873035827	0.22841573333333334	2.2965768512799998
1.361356816555577	0.2254417333333333	2.296132779683333
1.3631021458075712	0.22033606666666666	2.2900226930566667
1.3648474750595656	0.21326596666666667	2.2789268544166665
1.3665928043115598	0.2105893	2.27015148822
1.3683381335635545	0.21016436666666663	2.26309368626
1.3700834628155487	0.2074912333333333	2.255987988273333
1.371828792067543	0.20392546666666667	2.25231791585
1.3735741213195374	0.1987910333333333	2.25141587666
1.3753194505715316	0.18904089999999998	2.2498868725866665
1.377064779823526	0.17821973333333332	2.2512959402499995
1.3788101090755203	0.1695804	2.2571373826166665
1.3805554383275145	0.15841096	2.25961559186
1.3823007675795091	0.14366718666666667	2.255982486483333
1.384046096831503	0.13291958666666664	2.25306760851
1.3857914260834978	0.12760573333333333	2.251497087973333
1.387536755335492	0.12116516	2.2455824336666668
1.3892820845874863	0.11312720999999999	2.23704855457
1.3910274138394805	0.10816628333333334	2.231470488213333
1.3927727430914747	0.10482765666666667	2.2284169137
1.3945180723434691	0.09928287666666666	2.2270625455966666
1.3962634015954638	0.09242527666666667	2.2294358375166667
1.398008730847458	0.08533110333333334	2.233981661323333
1.3997540600994525	0.07683003	2.237891043843333
1.4014993893514467	0.06820854666666666	2.2429733861733334
1.4032447186034411	0.061165460000000005	2.2491512707566663
1.4049900478554354	0.05398494999999999	2.25143818082
1.4067353771074296	0.046057555	2.2488179657566665
1.4084807063594238	0.040286274	2.245124886413333
1.410226035611418	0.03702584466666666	2.2405880074733333
1.4119713648634127	0.033323473666666666	2.2335139399133332
1.413716694115407	0.028841137999999995	2.2258696210633335
1.4154620233674011	0.025839265333333333	2.2198400623699994
1.4172073526193956	0.024186883333333332	2.21513818243
1.4189526818713898	0.022060263	2.212525838936666
1.420698011123384	0.019541689333333334	2.2127084118333333
1.4224433403753782	0.01816666633333333	2.2138493631466667
1.4241886696273727	0.01804470366666667	2.2148760708666666
1.4259339988793673	0.017845399999999997	2.216560008033333
1.4276793281313616	0.017156623333333332	2.2178432620266664
1.429424657383356	0.017252403333333333	2.2172459906033333
1.4311699866353502	0.018372546666666663	2.2152977188966667
1.4329153158873444	0.018885536666666668	2.2117608839766665
1.4346606451393389	0.018561063333333332	2.205695431783333
1.436405974391333	0.01934019	2.199009090543333
1.4381513036433278	0.021484841999999997	2.1930895719366665
1.439896632895322	0.023744320333333332	2.1857876439466666
1.4416419621473162	0.02669322233333333	2.1769587959033334
1.4433872913993107	0.031202736666666665	2.1699099305
1.4451326206513049	0.03622267999999999	2.164799979593333
1.446877949903299	0.04192865	2.1596516859766663
1.4486232791552933	0.04933386666666667	2.1556059595399994
1.4503686084072875	0.05608089666666666	2.1535040731266664
1.452113937659282	0.060267150000000005	2.1515771017066667
1.4538592669112762	0.06552037	2.1508018485566662
1.4556045961632709	0.07343545666666665	2.1525128068933332
1.457349925415265	0.07901095	2.1524553798666664
1.4590952546672595	0.08128888000000001	2.1480700010066665
1.460840583919254	0.08650559333333332	2.144085382953333
1.4625859131712482	0.09531794	2.1413708436866665
1.4643312424232424	0.10195765666666667	2.13380814871
1.4660765716752366	0.10671426666666664	2.1215899619166665
1.4678219009272309	0.11402568666666665	2.1114627231466665
1.4695672301792255	0.12235388666666665	2.1038476258333336
1.4713125594312197	0.12911056666666665	2.09586135414
1.4730578886832142	0.13623869666666666	2.090273338873333
1.4748032179352084	0.14327417	2.08912159338
1.4765485471872026	0.14780533333333334	2.0899440100366666
1.478293876439197	0.1535569333333333	2.09386649693
1.480039205691191	0.1631106	2.1022385727466664
1.481784534943186	0.1701219333333333	2.108494025953333
1.4835298641951802	0.17239680000000002	2.1086490796333335
1.4852751934471744	0.17792149999999998	2.10869582469
1.4870205226991688	0.1875174666666667	2.1093336174366666
1.488765851951163	0.1919521	2.1020610751066666
1.4905111812031575	0.19090379999999998	2.08731671924
1.4922565104551517	0.1924775	2.07476550146
1.494001839707146	0.1958361333333333	2.0655136952833333
1.4957471689591406	0.19544946666666665	2.05532863519
1.4974924982111348	0.1938827	2.0477753543966664
1.4992378274631293	0.19450479999999998	2.047096347296667
1.5009831567151235	0.19507693333333334	2.050829536403333
1.5027284859671177	0.19658333333333333	2.0585696656666665
1.504473815219112	0.20159053333333332	2.0714308674999997
1.5062191444711062	0.20522186666666667	2.0833316775333333
1.5079644737231006	0.20432419999999998	2.0896037552899998
1.5097098029750948	0.20531363333333333	2.0950264192466665
1.511455132227089	0.20921323333333333	2.09988508947
1.5132004614790837	0.20690719999999999	2.0955319432666664
1.514945790731078	0.19780066666666665	2.0820879434466666
1.5166911199830724	0.1912883	2.0694365094033333
1.5184364492350666	0.18764426666666667	2.0591206498833334
1.520181778487061	0.1800571333333333	2.046596190213333
1.5219271077390553	0.1707757	2.03558748714
1.5236724369910495	0.16572204999999998	2.0320671548766662
1.5254177662430441	0.16304867999999997	2.0344997510966665
1.5271630954950384	0.16030505666666664	2.0411369436699998
1.5289084247470326	0.15923206	2.0528153134266667
1.530653753999027	0.1581544	2.0655855187966665
1.5323990832510213	0.15416196666666665	2.0749772516766667
1.5341444125030157	0.15027629999999997	2.0829138758866668
1.53588974175501	0.14773344333333333	2.0889055173266664
1.537635071007004	0.14106204	2.0863503664066663
1.5393804002589988	0.12988233	2.07512131737
1.541125729510993	0.12120538	2.062701311023333
1.5428710587629875	0.11576053333333332	2.0508912302599995
1.5446163880149817	0.10815411	2.0370788787166667
1.546361717266976	0.09949492666666666	2.024881694536666
1.5481070465189704	0.09470548666666667	2.019776837323333
1.5498523757709646	0.09235224999999998	2.021164265823333
1.5515977050229588	0.08884554666666666	2.027185541023333
1.553343034274953	0.08494463666666666	2.0377485186666666
1.5550883635269477	0.08134331	2.0498600031766663
1.556833692778942	0.07651072666666667	2.0594912745
1.5585790220309363	0.07089584333333333	2.06605875442
1.5603243512829306	0.06563601999999999	2.0682761349266667
1.5620696805349248	0.05952632333333333	2.0624984232733334
1.563815009786919	0.0526374	2.049325127416666
1.5655603390389135	0.047646500999999994	2.0335953692566666
1.5673056682909077	0.04483018166666667	2.0176623817766663
1.5690509975429023	0.041951328999999996	2.00247006088
1.5707963267948966	0.03902501033333333	1.99164653166
1.5725416560468908	0.037421123333333334	1.9881518487733332
1.5742869852988854	0.03622701666666667	1.9915921373699998
1.5760323145508797	0.03382125666666667	2.00105561257
1.5777776438028739	0.03039691	2.014876827626667
1.579522973054868	0.02671860733333333	2.02873583473
1.5812683023068623	0.022896785999999995	2.03887478305
1.583013631558857	0.019033068666666667	2.0439828798899997
1.5847589608108512	0.015657795666666665	2.0422493324766666
1.5865042900628454	0.013608087	2.032063646316667
1.5882496193148399	0.013284887333333332	2.0153684571199997
1.589994948566834	0.013893744333333333	1.9957047059866666
1.5917402778188283	0.014776441333333334	1.9758442464333332
1.5934856070708228	0.016526975333333332	1.9595790003466664
1.5952309363228174	0.018817668333333332	1.9505194141866664
1.5969762655748112	0.019627483333333334	1.9487913849966665
1.5987215948268054	0.018634126666666667	1.953644096
1.6004669240788003	0.017631856666666668	1.9656062882066663
1.6022122533307945	0.016827876666666665	1.9819674138233332
1.603957582582789	0.015260343333333332	1.9964190685899998
1.6057029118347832	0.014039330666666665	2.005691592023333
1.6074482410867772	0.014677374333333333	2.0097265984933332
1.6091935703387716	0.016775764666666665	2.006652325686667
1.6109388995907659	0.020224739999999998	1.99500315537
1.6126842288427607	0.025440599999999997	1.9775730829266664
1.614429558094755	0.030704083333333333	1.9578774962766667
1.6161748873467492	0.03451066666666666	1.9382752148633333
1.6179202165987434	0.03840121333333333	1.9228916487199998
1.6196655458507376	0.042548753333333335	1.9151023058899999
1.621410875102732	0.04379196333333333	1.9136498988999997
1.6231562043547263	0.04224998	1.9174856795266666
1.624901533606721	0.04224837666666667	1.92838321128
1.6266468628587152	0.044458976666666664	1.94393947659
1.6283921921107094	0.04594693666666666	1.9570096569266666
1.630137521362704	0.04778334666666666	1.9649559009066666
1.6318828506146983	0.053296500000000004	1.969572057283333
1.6336281798666925	0.06131790666666666	1.9690303588333333
1.6353735091186867	0.06891029666666666	1.9602074033933334
1.637118838370681	0.07619969666666666	1.9454992448100001
1.6388641676226756	0.08314369	1.9290671816133333
1.6406094968746698	0.08789624333333335	1.912297523703333
1.642354826126664	0.09061526666666665	1.89741343468
1.6441001553786583	0.09238331666666666	1.8877714556533332
1.6458454846306525	0.09181131666666666	1.88338127314
1.647590813882647	0.08911798	1.8835965631933331
1.6493361431346412	0.08849074333333332	1.8905037825833333
1.6510814723866354	0.09122047666666666	1.9031017073199998
1.6528268016386303	0.09395587333333333	1.9153362697799996
1.654572130890624	0.09689227666666667	1.9247597456399999
1.6563174601426187	0.10391150666666667	1.93356920977
1.6580627893946132	0.11373373	1.9396866162666666
1.6598081186466074	0.12115840333333333	1.9379226403566667
1.6615534478986018	0.1258867833333333	1.9291733151333332
1.663298777150596	0.13050346999999998	1.9180132797233331
1.6650441064025903	0.13355492333333333	1.9050716695866665
1.6667894356545845	0.13269520333333332	1.8901063009433332
1.6685347649065787	0.12963316666666666	1.87667044997
1.6702800941585736	0.12641455666666668	1.8677839281233333
1.6720254234105678	0.12304403333333333	1.8636951409366667
1.673770752662562	0.12077423	1.8654033216666666
1.6755160819145563	0.12118017666666665	1.87332441278
1.6772614111665505	0.12282273333333334	1.88414293401
1.679006740418545	0.12479374333333333	1.8952263208466666
1.6807520696705391	0.12912679666666665	1.90708651666
1.6824973989225334	0.13515289666666666	1.9175840757233333
1.684242728174528	0.13838470333333333	1.9214720396133331
1.6859880574265222	0.13821279666666667	1.9182120468866666
1.6877333866785167	0.1381251	1.9115870917499997
1.6894787159305111	0.1377119	1.9021317596233331
1.6912240451825054	0.13367211666666667	1.8885218675233333
1.6929693744344996	0.12755805	1.87394469026
1.6947147036864938	0.12346735	1.8630981416099996
1.6964600329384885	0.12119978999999999	1.8567467939999998
1.6982053621904827	0.11879569666666667	1.8542598003033333
1.6999506914424771	0.11735275666666667	1.8564645315766666
1.7016960206944713	0.11794564333333332	1.8628019742966668
1.7034413499464653	0.11908907666666665	1.870875336573333
1.7051866791984598	0.11974836666666666	1.8791551234933332
1.706932008450454	0.11998269	1.8862050072566667
1.708677337702449	0.11865725333333332	1.8893776735600003
1.7104226669544431	0.11520432333333333	1.8878529077966664
1.7121679962064373	0.11125988333333332	1.88341238291
1.7139133254584316	0.10749483333333333	1.8768215228733331
1.7156586547104258	0.10262890999999999	1.8676463014299998
1.7174039839624204	0.09743302999999999	1.8577433747433334
1.7191493132144147	0.09451819666666668	1.8500822864166664
1.7208946424664089	0.09379034999999998	1.8451301304799999
1.722639971718403	0.09299658666666666	1.8418363094099999
1.7243853009703973	0.09216501333333334	1.8403727281166664
1.726130630222392	0.09261293666666666	1.8409345068066667
1.7278759594743864	0.09324906666666666	1.8421849364199998
1.7296212887263807	0.09186717	1.8425639330733334
1.7313666179783749	0.08863552333333333	1.8416727853200001
1.733111947230369	0.08496367666666667	1.8395927931499998
1.7348572764823635	0.08079980666666665	1.8363470630999998
1.7366026057343578	0.07547598333333333	1.8321136066766663
1.738347934986352	0.06994792666666666	1.8275883044466668
1.7400932642383462	0.06579330666666666	1.8237041070699997
1.7418385934903404	0.06315306	1.8209215195933333
1.7435839227423353	0.06128568666666666	1.8189080922633334
1.7453292519943295	0.06033391999999999	1.8174803712166665
1.7470745812463238	0.06060087000000001	1.8167373419466666
1.7488199104983182	0.061289949999999996	1.8160722145499997
1.7505652397503124	0.061390566666666674	1.814358491863333
1.7523105690023066	0.060782666666666665	1.8114686476733333
1.7540558982543013	0.0592702	1.8078815501599999
1.7558012275062955	0.05650574666666667	1.803642387583333
1.75754655675829	0.05305882666666667	1.79899398407
1.7592918860102842	0.04960566533333333	1.7948851594366666
1.7610372152622784	0.04561519733333333	1.791723750333333
1.7627825445142726	0.041316447666666666	1.7896108564966666
1.7645278737662669	0.038548945	1.7892856965266666
1.7662732030182617	0.037543257	1.7907787117999998
1.768018532270256	0.03620809766666667	1.7924187061799999
1.7697638615222502	0.034535867666666664	1.7935130735666667
1.7715091907742444	0.034674959666666665	1.7950254768066665
1.7732545200262386	0.035989365	1.796337363333333
1.7749998492782333	0.035630714333333334	1.7952126142399998
1.7767451785302275	0.03402780633333333	1.7919970393166667
1.7784905077822217	0.033603707999999996	1.78900189755
1.780235837034216	0.033709905666666665	1.7862844114199998
1.7819811662862102	0.03233103533333333	1.7825934848366667
1.7837264955382048	0.030462952666666668	1.7791987262433333
1.785471824790199	0.029807509	1.7780809946566667
1.7872171540421935	0.029679826666666666	1.7788306291266667
1.7889624832941877	0.029256351333333333	1.78041157897
1.790707812546182	0.029238745333333333	1.7831497546633335
1.7924531417981764	0.02956279433333333	1.7867714978066664
1.7941984710501706	0.029600763000000002	1.7900760867066663
1.7959438003021653	0.030035778666666665	1.7927454597833332
1.7976891295541597	0.031178518333333335	1.7945911503933332
1.7994344588061533	0.03148517633333333	1.7941972909600001
1.8011797880581482	0.030946660666666667	1.7914012386633333
1.8029251173101424	0.031804446666666666	1.7880885866666667
1.8046704465621368	0.03399935666666666	1.7847516970400001
1.806415775814131	0.03492892	1.7800677346066665
1.8081611050661253	0.03504977666666667	1.7751622405366665
1.8099064343181195	0.03724861	1.77299945078
1.8116517635701137	0.040824573333333336	1.77357107055
1.8133970928221086	0.04262410999999999	1.7746778765766664
1.8151424220741028	0.043350646666666666	1.7767476979866665
1.816887751326097	0.04572333666666667	1.7813027836200002
1.8186330805780913	0.048747309999999995	1.7867494459866666
1.8203784098300855	0.049940643333333326	1.7902953991200001
1.82212373908208	0.050387056666666666	1.79183439952
1.8238690683340746	0.05199511	1.7919712512066666
1.8256143975860688	0.05392735	1.7897374677266664
1.827359726838063	0.055304363333333335	1.78467816364
1.8291050560900572	0.05713337333333333	1.7780803956766666
1.830850385342052	0.059460799999999994	1.7708177596399999
1.8325957145940461	0.06160451333333333	1.7635656254033334
1.8343410438460404	0.06446242666666666	1.7581048670266668
1.8360863730980346	0.06830259999999999	1.75542521324
1.8378317023500288	0.07094639666666666	1.7543799953466668
1.8395770316020235	0.07223151333333333	1.7548079895466666
1.8413223608540177	0.07484755	1.75794447027
1.843067690106012	0.07840818	1.76250928375
1.8448130193580063	0.07951722	1.76505121875
1.8465583486100006	0.07902487	1.765065298973333
1.8483036778619948	0.08070395999999999	1.7641991968566668
1.850049007113989	0.08368196	1.7614970066033333
1.8517943363659835	0.0845108	1.7548609771033334
1.8535396656179781	0.08454447333333333	1.7458417833833333
1.8552849948699723	0.08688189999999998	1.7374668926966665
1.8570303241219668	0.09013781	1.73004111862
1.858775653373961	0.09175197000000002	1.7229904723266665
1.8605209826259552	0.09285396000000001	1.7178862023466668
1.8622663118779497	0.09476048666666666	1.7160539801733332
1.8640116411299439	0.09629527	1.7166795927133331
1.865756970381938	0.09688349333333332	1.7187384505733334
1.8675022996339323	0.09738436333333333	1.721930125723333
1.8692476288859265	0.09741852333333334	1.7251193114633332
1.8709929581379214	0.09671521666666667	1.7271043836266666
1.8727382873899157	0.09676953866666667	1.7278559163666665
1.8744836166419099	0.09783245933333332	1.7271368041033333
1.876228945893904	0.09786650599999999	1.7237470786733333
1.8779742751458983	0.09713478099999998	1.7181306051533334
1.8797196043978928	0.09816633599999998	1.7124234493700001
1.881464933649887	0.10028218833333331	1.7071515466966667
1.8832102629018816	0.10026173266666667	1.7012349938266667
1.8849555921538759	0.09878716266666666	1.6958811348866665
1.88670092140587	0.09899519466666665	1.6937472652433332
1.8884462506578648	0.09992709166666665	1.6946175025566665
1.890191579909859	0.09837705833333332	1.6962659715833333
1.8919369091618532	0.09566647166666667	1.6991591441333331
1.8936822384138474	0.09510989650000001	1.7050062371666663
1.8954275676658416	0.09567977429999999	1.7122856365533334
1.8971728969178363	0.09462559933333332	1.71795047598
1.8989182261698305	0.09323887266666667	1.7220443277666666
1.900663555421825	0.09371509	1.7256978101466667
1.9024088846738192	0.09467953066666665	1.7275610858633332
1.9041542139258134	0.09431137	1.7260638581033334
1.9058995431778076	0.09356209666666666	1.7223989985100001
1.9076448724298019	0.09295649	1.7180101321666665
1.9093902016817967	0.09159931666666667	1.7131188052033333
1.911135530933791	0.08996858999999999	1.7087707458899999
1.9128808601857852	0.08889992	1.7065947045466665
1.9146261894377794	0.08711355333333333	1.7065002851733333
1.9163715186897738	0.08471745333333333	1.7086028364633332
1.9181168479417683	0.08450426	1.7144392587166666
1.9198621771937625	0.08627677666666667	1.7232863781466667
1.9216075064457567	0.08637560333333333	1.7315469754833333
1.923352835697751	0.08541044999999998	1.7384360770466665
1.9250981649497452	0.08723876333333333	1.7457216347366664
1.92684349420174	0.09023240666666665	1.75152301357
1.9285888234537343	0.08954135333333332	1.75183106169
1.9303341527057285	0.08665761999999999	1.7478447612266665
1.9320794819577227	0.08587040999999998	1.74342382564
1.933824811209717	0.08542315	1.7381155996
1.9355701404617114	0.08178121	1.7300739739833333
1.9373154697137056	0.07735077000000001	1.7220595481233334
1.9390607989656998	0.07541688333333332	1.7173864023766667
1.9408061282176947	0.07454098999999999	1.7152332145366667
1.9425514574696887	0.07322910666666667	1.7142430336533334
1.9442967867216832	0.07305351999999998	1.7153139245799998
1.9460421159736774	0.07421182999999999	1.7181010771433334
1.9477874452256718	0.07539988666666667	1.7208644618633333
1.949532774477666	0.07711077	1.72332851486
1.9512781037296603	0.07936005	1.7251682671133333
1.953023432981655	0.07960843333333333	1.7242190395233332
1.9547687622336491	0.07780340666666666	1.72046329405
1.9565140914856434	0.07690112666666665	1.7165050313366668
1.9582594207376378	0.07628081333333334	1.7121993917166665
1.960004749989632	0.0724832	1.7050329145866665
1.9617500792416263	0.06714237666666666	1.6965746721333332
1.9634954084936205	0.0646118	1.6905235992233332
1.9652407377456147	0.06369008	1.6859441601933334
1.9669860669976096	0.060687436666666664	1.6798091625466667
1.9687313962496038	0.05755646166666667	1.6737235593466666
1.970476725501598	0.05781996066666667	1.6705125903799998
1.9722220547535922	0.05951731	1.6686206431933333
1.9739673840055865	0.059410209666666665	1.6656440113166664
1.9757127132575811	0.058978276333333336	1.6629261869566667
1.9774580425095754	0.06011103133333333	1.661844285
1.9792033717615696	0.06113492066666666	1.66108416238
1.9809487010135638	0.060609656	1.6597372550999998
1.982694030265558	0.05971331033333333	1.6585110396633334
1.9844393595175527	0.05887330899999999	1.657060544463333
1.9861846887695471	0.05750449999999999	1.6548375000566669
1.9879300180215413	0.05625636603333334	1.6527172759
1.9896753472735356	0.055651868	1.6508662565999999
1.9914206765255298	0.05451028476666667	1.6478546274199997
1.9931660057775242	0.05305154599999999	1.6443044717166666
1.9949113350295185	0.053181397	1.6424756355699999
1.9966566642815133	0.054377629999999996	1.6419073563466666
1.9984019935335076	0.05416885833333333	1.6403894862233335
2.0001473227855016	0.05335632399999999	1.6388989136599998
2.0018926520374962	0.05445174333333334	1.6395733439166666
2.0036379812894904	0.056332098	1.6411158150766667
2.0053833105414847	0.05631568766666667	1.64117324893
2.0071286397934793	0.05574482433333332	1.6408023552266666
2.0088739690454736	0.05715313133333333	1.64167663656
2.0106192982974678	0.05930900866666667	1.6428145467033333
2.012364627549462	0.060038568333333334	1.6431277447566668
2.014109956801456	0.06065869333333333	1.64381294891
2.0158552860534504	0.06284378066666665	1.6456890873866667
2.0176006153054447	0.06536927	1.64810814058
2.019345944557439	0.06680643666666666	1.6507286283699998
2.021091273809433	0.06797146333333333	1.65361151632
2.022836603061428	0.0694086	1.6558142003433334
2.0245819323134224	0.07035911666666667	1.6566908082799998
2.0263272615654166	0.07057645	1.6565329089666667
2.028072590817411	0.07059627333333332	1.6550013596333333
2.029817920069405	0.07028547999999998	1.65114583025
2.0315632493213998	0.06974815333333333	1.6458896521599997
2.033308578573394	0.06986445666666666	1.6411662368566664
2.035053907825388	0.07079742333333333	1.63741310757
2.036799237077383	0.07171041333333333	1.6343741167733334
2.0385445663293766	0.07299473333333334	1.6333892936033332
2.0402898955813713	0.07569257333333332	1.6356540682433334
2.0420352248333655	0.07913498333333333	1.6402864460833335
2.0437805540853597	0.08172449999999999	1.64573381743
2.045525883337354	0.08374582333333332	1.6514188874566664
2.047271212589348	0.08607467666666666	1.6563622215899998
2.0490165418413424	0.08779978333333333	1.6588885535966666
2.0507618710933366	0.08759075666666667	1.65795158729
2.052507200345331	0.08618699333333332	1.6534449623166667
2.054252529597326	0.08473686333333333	1.6453294960366667
2.05599785884932	0.08294450666666667	1.63442630397
2.0577431881013144	0.08037901666666666	1.62251592378
2.0594885173533086	0.07804546666666667	1.61106893413
2.0612338466053033	0.07685605333333334	1.6009282723033333
2.0629791758572975	0.07664328666666667	1.5936389806333333
2.0647245051092917	0.07706014333333333	1.59056157673
2.0664698343612864	0.07837407666666665	1.5914424924166666
2.0682151636132806	0.08058651666666668	1.5951681765566665
2.069960492865275	0.08317987666666665	1.6011977673933333
2.071705822117269	0.08550856333333334	1.6085167285266666
2.0734511513692633	0.08735281333333333	1.6153745818399998
2.0751964806212575	0.08862468666666667	1.6204709122
2.0769418098732517	0.08909122666666666	1.6231487679866667
2.078687139125246	0.08835595666666665	1.622453601593333
2.080432468377241	0.08668103333333334	1.6183182237866665
2.0821777976292353	0.08472331	1.6119028731333334
2.08392312688123	0.08264427666666666	1.6037820430233334
2.0856684561332237	0.08017632333333333	1.5937136614133334
2.087413785385218	0.07792486666666666	1.5832356717966667
2.0891591146372126	0.07668863666666666	1.5747226424699998
2.090904443889207	0.07627820999999999	1.5684078079033332
2.0926497731412015	0.07615561666666666	1.5634715637099998
2.0943951023931957	0.07668554999999999	1.5612125502433332
2.0961404316451895	0.07800665666666667	1.5630224053066666
2.097885760897184	0.07957255999999999	1.5677977216633334
2.0996310901491784	0.08114524333333334	1.5739728704066664
2.1013764194011726	0.08281721	1.58165039681
2.103121748653167	0.08392356000000001	1.590301292883333
2.104867077905161	0.08432174666666666	1.5981776380199997
2.1066124071571553	0.08487217	1.60425746514
2.1083577364091495	0.08538615333333333	1.6080576371466666
2.1101030656611446	0.08445236333333334	1.6082219420000001
2.111848394913139	0.08274592666666666	1.60462894389
2.113593724165133	0.08216521333333333	1.5989064939733333
2.1153390534171272	0.08200737333333333	1.5914695908633334
2.1170843826691215	0.08031195	1.5816087790066666
2.118829711921116	0.07835232666666667	1.5715432831233334
2.1205750411731104	0.07826404666666666	1.5647581054733335
2.1223203704251046	0.07881347333333334	1.56127202417
2.124065699677099	0.07801742	1.5594656289533333
2.1258110289290935	0.07722663666666667	1.5609083429099997
2.1275563581810877	0.07794924333333333	1.567325061423333
2.129301687433082	0.07885608666666666	1.57631333949
2.131047016685076	0.07867125333333333	1.5845974582166664
2.1327923459370703	0.07841325666666667	1.5921987692066666
2.1345376751890646	0.07856474	1.59919322768
2.1362830044410597	0.07834320333333333	1.6033206026866664
2.138028333693054	0.07769356	1.6031129149166665
2.139773662945048	0.07707772	1.5996415465166667
2.141518992197043	0.07592897333333333	1.5937058345666666
2.143264321449037	0.07429327	1.5856970836233333
2.1450096507010312	0.07325072999999999	1.5771769332599999
2.1467549799530254	0.07253757766666666	1.5696215130433333
2.1485003092050197	0.07065372433333333	1.5630036957233333
2.1502456384570143	0.06834535866666666	1.5582649006300002
2.1519909677090086	0.06743045566666667	1.5571959570599998
2.1537362969610028	0.06698855733333332	1.559003466673333
2.155481626212997	0.06494161566666666	1.5610657446099998
2.157226955464991	0.06256756166666666	1.5636806862566666
2.1589722847169854	0.06204771033333334	1.5683048304499998
2.1607176139689797	0.062057283666666664	1.5728049944766664
2.162462943220974	0.060385033000000005	1.5740002433066664
2.164208272472968	0.058565809999999996	1.57319149876
2.1659536017249623	0.05861797	1.5727851284599998
2.1676989309769574	0.05902154666666666	1.5712697744399997
2.1694442602289516	0.057876656666666665	1.5667058689133333
2.171189589480946	0.056615686666666665	1.5614177361700001
2.17293491873294	0.056552923333333324	1.5578239554266666
2.1746802479849343	0.056384500000000004	1.55481088016
2.176425577236929	0.05516281333333334	1.5513460747333332
2.178170906488923	0.05395597666666666	1.5490434938199997
2.179916235740918	0.05302665666666666	1.5485478852233332
2.1816615649929116	0.05180709333333333	1.548755197083333
2.183406894244906	0.05072840333333334	1.5494329591733333
2.1851522234969005	0.05010936	1.5507713064399997
2.1868975527488947	0.048907566666666666	1.5515103307366664
2.188642882000889	0.047465593333333334	1.5514138461333333
2.190388211252883	0.047389383333333326	1.5517735825233334
2.1921335405048774	0.047932920000000004	1.5519372675166665
2.1938788697568716	0.04693385333333333	1.5498011633733333
2.1956241990088667	0.0455794	1.5467288369799999
2.197369528260861	0.04612814666666666	1.5454754493366665
2.199114857512855	0.04703085333333333	1.54482336048
2.20086018676485	0.04580815333333333	1.5423154239033334
2.202605516016844	0.04423415	1.5400562230766666
2.2043508452688383	0.04454003333333334	1.5407160890733334
2.206096174520833	0.044964103333333325	1.5422351156299998
2.207841503772827	0.04352784333333333	1.5419804363299998
2.2095868330248214	0.041994519999999994	1.5417187992566668
2.2113321622768156	0.04183449	1.5430716085333334
2.21307749152881	0.04161421333333333	1.5440198988666665
2.214822820780804	0.04034700333333333	1.5430028508033333
2.2165681500327983	0.039220283333333335	1.54153212409
2.2183134792847925	0.03858132	1.5403725114966669
2.2200588085367867	0.03776072999999999	1.5386957406466666
2.221804137788781	0.03695775333333333	1.5366805690233332
2.223549467040776	0.03653432333333333	1.5351267757566665
2.2252947962927703	0.03574293666666667	1.5334589118966666
2.2270401255447645	0.03481643333333333	1.5317759759266665
2.2287854547967587	0.03496279433333333	1.5313286143799998
2.230530784048753	0.03565052266666666	1.5315483328866666
2.2322761133007476	0.03522014133333333	1.5304522483166665
2.234021442552742	0.034635892333333335	1.5290373175533332
2.235766771804736	0.03570465333333333	1.5294805934233333
2.2375121010567303	0.03713179833333333	1.5303988611566663
2.239257430308725	0.03674983766666666	1.5293422139666666
2.241002759560719	0.03604330399999999	1.5282270506566666
2.2427480888127134	0.037012615	1.5296118804633334
2.2444934180647076	0.038020402999999994	1.5315283746833332
2.246238747316702	0.037074810666666666	1.5314178422033333
2.247984076568696	0.03596018833333334	1.53122447289
2.2497294058206903	0.036417007333333334	1.53282803456
2.2514747350726845	0.036997349	1.5341283707166666
2.2532200643246787	0.036528592666666665	1.5333595413699999
2.254965393576674	0.03656726	1.5323161243966665
2.256710722828668	0.03789052699999999	1.5321061660999997
2.2584560520806622	0.039538199999999996	1.531648314
2.260201381332657	0.04135922166666667	1.5308388148233334
2.261946710584651	0.04388726866666666	1.5307524293133334
2.2636920398366454	0.046342669	1.5309901901433332
2.26543736908864	0.048479370333333334	1.531272684213333
2.2671826983406342	0.05120398599999999	1.5324717900633333
2.2689280275926285	0.05382086866666667	1.5339046689766667
2.2706733568446227	0.054372597999999994	1.5333885901066666
2.272418686096617	0.05382342533333334	1.531673511373333
2.274164015348611	0.05424132766666666	1.530863863053333
2.2759093446006062	0.05428122466666666	1.5295895720200001
2.2776546738525996	0.05178204733333334	1.5255811164566666
2.279400003104594	0.048876055	1.5213381357866667
2.281145332356588	0.048158035	1.5200605970733332
2.2828906616085836	0.04794342966666666	1.5200510720366665
2.284635990860578	0.04623402066666667	1.51893073854
2.286381320112572	0.04521897466666667	1.5190285063
2.288126649364566	0.04673519833333334	1.5222786347366664
2.28987197861656	0.04884095433333334	1.5258278550499997
2.291617307868555	0.04987099033333332	1.5269100781333331
2.2933626371205493	0.051238067999999984	1.5268380734933333
2.2951079663725436	0.05357453266666666	1.5263942241766666
2.2968532956245378	0.055419652	1.523656100103333
2.2985986248765315	0.05612659666666667	1.51787930803
2.300343954128526	0.056446093333333336	1.5108672746766665
2.3020892833805204	0.056199158000000006	1.503584688783333
2.3038346126325147	0.05513963133333333	1.4963099556466668
2.305579941884509	0.05400675166666666	1.49036787915
2.307325271136503	0.052930983333333334	1.4866977017
2.309070600388498	0.05099032333333332	1.48461287512
2.3108159296404924	0.04904208333333333	1.4846036497933333
2.3125612588924866	0.04881248999999999	1.4879216354066664
2.314306588144481	0.049482420000000006	1.4930444772333333
2.316051917396475	0.04916675666666667	1.49708619995
2.3177972466484698	0.04937308333333333	1.500857669323333
2.319542575900464	0.052273589999999995	1.50619762978
2.321287905152458	0.05598269333333333	1.5107688827466665
2.3230332344044524	0.05779375333333332	1.5115726446700002
2.324778563656447	0.05964461333333333	1.5110097618199998
2.3265238929084413	0.06385078666666666	1.5120876555599998
2.3282692221604355	0.06789077333333332	1.5125126020300002
2.3300145514124297	0.06897972666666666	1.5096961443299999
2.331759880664424	0.06949190999999999	1.5066719059299998
2.333505209916418	0.07171205666666666	1.5062320903399997
2.3352505391684133	0.07328612	1.5059236627466668
2.3369958684204075	0.07226331	1.5036453914966663
2.3387411976724017	0.07112225	1.5020840206100001
2.340486526924396	0.07155375	1.5030211112866667
2.34223185617639	0.07185421666666666	1.5044773776666667
2.343977185428385	0.07121129999999999	1.5054038671433334
2.345722514680379	0.07123228666666666	1.5074086601299999
2.3474678439323733	0.07214386333333334	1.5105941465533332
2.3492131731843675	0.07305331333333333	1.5137022619033331
2.3509585024363617	0.07425513666666667	1.5166828489666666
2.3527038316883564	0.07584709999999999	1.51940327011
2.3544491609403506	0.07648603333333333	1.5202415657966668
2.356194490192345	0.07654074999999999	1.5193236746833332
2.357939819444339	0.07758732333333332	1.5181787702999998
2.3596851486963333	0.07846423999999999	1.5157344426933332
2.3614304779483275	0.07691985999999998	1.5099006284333332
2.3631758072003217	0.07481001666666666	1.5029392915133333
2.364921136452316	0.07476229666666666	1.49803657467
2.36666646570431	0.07469652666666665	1.4934997166633333
2.3684117949563044	0.07192111999999999	1.4868877597433334
2.3701571242083	0.06920087	1.4813617204566665
2.371902453460294	0.06941580333333333	1.4800772290933333
2.373647782712288	0.06982194333333333	1.4800810129833333
2.375393111964282	0.06761655333333333	1.4781850538699999
2.3771384412162764	0.06575518666666666	1.4771972064433332
2.3788837704682715	0.06677427	1.4794267667899998
2.3806290997202657	0.06781571666666666	1.4814920070266666
2.38237442897226	0.06647186666666667	1.48060540055
2.384119758224254	0.06546382	1.47948877046
2.3858650874762484	0.06671745000000001	1.4800876402633332
2.3876104167282426	0.06783411666666667	1.4800266324399998
2.389355745980237	0.06720032333333333	1.4779701032133332
2.391101075232231	0.06695426999999998	1.4763924572399998
2.3928464044842253	0.06817797333333334	1.4765491502066663
2.3945917337362195	0.06926097666666667	1.4771591868766667
2.3963370629882146	0.06954628666666667	1.4779661626
2.398082392240209	0.07025081666666667	1.4800903780399999
2.3998277214922035	0.07140153333333332	1.48316676952
2.4015730507441977	0.07234566666666666	1.486569342823333
2.403318379996192	0.07341605666666666	1.4906536009833333
2.4050637092481866	0.07467655333333334	1.4947694457299998
2.406809038500181	0.07504929333333334	1.4970657747799998
2.408554367752175	0.07499481999999999	1.4980741083033333
2.4102996970041692	0.07586224666666666	1.4993239781633332
2.4120450262561635	0.0765963	1.4993044426466666
2.4137903555081577	0.07526364333333332	1.4958646145233332
2.415535684760152	0.07356043333333331	1.49142968164
2.417281014012146	0.07375782	1.4889972180266666
2.4190263432641403	0.07386741999999999	1.4866810527166667
2.4207716725161346	0.07142549333333333	1.4822603263599998
2.4225170017681297	0.06909944666666666	1.47912069528
2.424262331020124	0.06957177	1.48031045587
2.426007660272118	0.07007244999999998	1.4828330494133333
2.4277529895241123	0.06787152333333332	1.4837133366166668
2.4294983187761066	0.06600463666666666	1.4857745485733331
2.4312436480281012	0.06693973666666667	1.4909300991666665
2.4329889772800954	0.06757478666666666	1.4954329440266667
2.4347343065320897	0.06543501666666666	1.49635169831
2.436479635784084	0.06346013	1.4961101101833334
2.438224965036078	0.06359267666666665	1.4961285716266668
2.4399702942880728	0.06315504999999999	1.4937616238933331
2.441715623540067	0.06050248666666667	1.4877566606633332
2.443460952792061	0.05808550333333332	1.4806657471466667
2.4452062820440554	0.05711540333333333	1.4738576537433332
2.4469516112960497	0.05581571	1.4665238676566665
2.448696940548044	0.05349295666666666	1.45907998526
2.450442269800038	0.051665626666666666	1.4532834681966667
2.4521875990520323	0.05064799333333332	1.4494974469733333
2.4539329283040274	0.0496526	1.4478247892899998
2.4556782575560216	0.04875533	1.4490550115033332
2.457423586808016	0.04837066999999999	1.4529124607466664
2.4591689160600105	0.04799510333333333	1.4579361048433332
2.4609142453120048	0.047740233333333326	1.4643782065666664
2.462659574563999	0.048239246666666666	1.4728237904966666
2.464404903815993	0.04894693333333333	1.4811949948733334
2.466150233067988	0.048763339999999995	1.4869529309433331
2.467895562319982	0.04853358	1.4910917037099998
2.4696408915719763	0.049318289999999994	1.494837822753333
2.4713862208239705	0.0499088	1.4959128481066666
2.4731315500759647	0.048862663333333334	1.4922996446533334
2.47487687932796	0.04767944666666666	1.4865993391266665
2.476622208579954	0.047851609999999996	1.4813237658866663
2.4783675378319483	0.047774156666666664	1.47481966477
2.4801128670839416	0.045828116666666655	1.4658722608966666
2.481858196335936	0.044050693333333335	1.4579369810199998
2.4836035255879314	0.04420859333333333	1.4537065781166665
2.4853488548399256	0.04430689	1.4512705858666666
2.48709418409192	0.042544853333333334	1.4491087680199999
2.488839513343914	0.041196380000000005	1.4498738400966666
2.490584842595908	0.04194241666666666	1.45497191104
2.492330171847903	0.04247026333333333	1.4616120069866665
2.494075501099897	0.04101448	1.4676705448699998
2.4958208303518914	0.039842836666666666	1.47451699929
2.4975661596038856	0.04032565666666666	1.4822873473166667
2.49931148885588	0.040329939999999995	1.4883585081233335
2.501056818107874	0.038625113333333336	1.4912735124333332
2.5028021473598683	0.03719711666666667	1.4919939694966664
2.5045474766118625	0.036896616666666666	1.4905395122466665
2.5062928058638567	0.03624908333333333	1.4861479869333334
2.508038135115851	0.034756223333333336	1.4793407534333334
2.509783464367846	0.03363190433333333	1.4712664849699997
2.5115287936198403	0.03298382733333333	1.4622664892200001
2.5132741228718345	0.032177839666666666	1.4535778502466665
2.5150194521238287	0.031313097666666664	1.44701544072
2.516764781375823	0.030635225433333333	1.4427730316199998
2.5185101106278176	0.029694492133333333	1.4402367718099998
2.520255439879812	0.028719198666666668	1.4408324532166668
2.522000769131806	0.028211563999999998	1.4456631750966666
2.5237460983838007	0.027753958	1.4527462808333333
2.525491427635795	0.02674246333333333	1.4598341859099997
2.527236756887789	0.02594283266666667	1.4677437811299998
2.5289820861397834	0.025910683999999996	1.4767546157
2.5307274153917776	0.025911692333333333	1.48402362587
2.532472744643772	0.025338209	1.4873605604733333
2.534218073895766	0.024980049999999997	1.4882055162166665
2.535963403147761	0.02522310666666667	1.4875319108133331
2.5377087323997554	0.025308690000000002	1.4836386619733333
2.5394540616517496	0.02467881333333333	1.4757779705933332
2.541199390903744	0.02404381	1.4664290780733333
2.542944720155738	0.02381588	1.4573838530633332
2.5446900494077327	0.023379334333333335	1.4479864539066667
2.546435378659727	0.022211263666666665	1.4382106599199997
2.548180707911721	0.021110813666666665	1.43041471623
2.5499260371637154	0.020662631333333334	1.4259987300866666
2.5516713664157096	0.02018962233333333	1.424142057753333
2.5534166956677042	0.019045413666666667	1.42434628755
2.5551620249196985	0.018162804666666664	1.42775195913
2.5569073541716927	0.018163044633333333	1.4344458267599998
2.558652683423687	0.01814868533333333	1.4428772716733331
2.560398012675681	0.017448230666666665	1.4518713177699998
2.5621433419276762	0.017080326333333333	1.46128842767
2.5638886711796696	0.017515921666666667	1.4701749759533334
2.565634000431664	0.01789230333333333	1.47721096981
2.567379329683658	0.017826303333333328	1.481824726593333
2.5691246589356522	0.01811579	1.4837484313966665
2.570869988187648	0.018809299999999998	1.4823404522733332
2.572615317439642	0.019402363333333332	1.4781497599133333
2.5743606466916362	0.019892576666666665	1.4724108247733332
2.57610597594363	0.020431833333333333	1.4652508669133333
2.5778513051956247	0.020569483333333333	1.4565496053733331
2.5795966344476193	0.020423749999999997	1.44840763652
2.5813419636996136	0.02035728	1.4427720477800001
2.5830872929516078	0.01996183	1.4388643197166666
2.584832622203602	0.018711076666666666	1.4357822735566663
2.586577951455596	0.017392143333333332	1.4354459298199997
2.5883232807075904	0.016556259999999996	1.4389001323133332
2.5900686099595847	0.01563636	1.4438991530599998
2.591813939211579	0.014352445	1.4486718819366664
2.593559268463574	0.013573774333333332	1.4545703120766666
2.595304597715568	0.013524377333333332	1.4619067690399998
2.5970499269675624	0.01372001	1.4682443216266665
2.598795256219557	0.014071106666666666	1.472125926783333
2.6005405854715513	0.014869313333333332	1.4748201625933333
2.6022859147235455	0.015808879999999997	1.4766152099866665
2.6040312439755398	0.016773533333333333	1.4759743523533333
2.6057765732275344	0.017881056666666666	1.4723433739533331
2.6075219024795286	0.0188681	1.4670118858799999
2.609267231731523	0.019253106666666665	1.4604929959933335
2.611012560983517	0.019433966666666663	1.45239301328
2.6127578902355113	0.019704494	1.4430178044966664
2.6145032194875055	0.019575411	1.4336135722433332
2.6162485487394997	0.018653766333333335	1.42483964019
2.617993877991494	0.017595935666666666	1.4170833084633334
2.619739207243488	0.016739786666666666	1.4110092063433335
2.6214845364954824	0.015637320666666666	1.40732534098
2.6232298657474775	0.014028201333333332	1.4061440380466665
2.6249751949994717	0.012660094666666667	1.4077845771433335
2.626720524251466	0.011995024	1.4125141445999998
2.62846585350346	0.011670943666666666	1.4197879672099998
2.6302111827554544	0.011357258666666665	1.42853392147
2.631956512007449	0.011841256333333335	1.4387343474533332
2.6337018412594433	0.013653436	1.4502798772366667
2.6354471705114375	0.016020046	1.4614727528633333
2.6371924997634317	0.018071613	1.4705046055
2.638937829015426	0.02060199833333333	1.4779370093433333
2.6406831582674206	0.024096308333333333	1.4842608641233332
2.642428487519415	0.027097918333333332	1.4875731126633334
2.644173816771409	0.028358232333333334	1.4864463477666665
2.6459191460234033	0.029124533666666667	1.4830049579966667
2.6476644752753975	0.03017204333333333	1.4789291954800001
2.6494098045273917	0.029926911	1.4725990947633332
2.651155133779386	0.027505968666666672	1.4632145240566665
2.652900463031381	0.024833046666666667	1.4539239608866668
2.6546457922833753	0.022941930666666666	1.4466861261099997
2.6563911215353695	0.020505476666666664	1.4395889736099998
2.658136450787364	0.017082681000000002	1.43172593957
2.6598817800393584	0.014469897333333332	1.4259346663833332
2.6616271092913526	0.013266565999999997	1.4234732725866666
2.663372438543347	0.012369872333333332	1.4220965421266665
2.665117767795341	0.011522763333333333	1.4208005661666665
2.6668630970473353	0.011722782333333334	1.4217822388733332
2.66860842629933	0.012959371333333334	1.4256999848266665
2.6703537555513237	0.014636994666666667	1.43053430107
2.6720990848033184	0.016732699999999996	1.4353425272699998
2.673844414055312	0.019440025333333333	1.4413772463233334
2.6755897433073077	0.02234694333333333	1.4484744965033332
2.677335072559302	0.025391288333333335	1.4546773540666664
2.679080401811296	0.028634873733333333	1.4588685320299999
2.6808257310632904	0.03155755503333333	1.4614018414166665
2.6825710603152837	0.03345826216666667	1.46185697385
2.6843163895672792	0.03469514133333333	1.4593277241433331
2.6860617188192735	0.035532965699999995	1.45390099502
2.6878070480712677	0.035255000999999994	1.44666948433
2.689552377323262	0.03333293033333333	1.4384311818733333
2.691297706575256	0.030893406	1.43029297954
2.6930430358272504	0.028845533666666666	1.4237566974133333
2.694788365079245	0.026542735666666668	1.4198350640200001
2.696533694331239	0.023536033666666664	1.418741326873333
2.6982790235832335	0.021492564	1.42121832657
2.7000243528352272	0.021518440666666666	1.4275246910266663
2.701769682087222	0.022190906333333333	1.4360139393666664
2.703515011339216	0.022310452666666664	1.4445753175566667
2.7052603405912103	0.023599534999999998	1.4531941928733334
2.7070056698432046	0.026969056666666665	1.4616832244333333
2.708750999095199	0.029954270999999998	1.4675513798566666
2.710496328347194	0.030833995333333336	1.46907525005
2.712241657599188	0.031935511666666666	1.4684252545433332
2.7139869868511823	0.034520376	1.4673375984033332
2.7157323161031766	0.03577517733333333	1.4639854508233334
2.7174776453551712	0.03417010766666666	1.45743924129
2.7192229746071654	0.03286265633333333	1.4510561349566666
2.7209683038591597	0.03340573066666666	1.4465803009266662
2.722713633111154	0.03278006566666666	1.4409543161766667
2.7244589623631486	0.02958362133333333	1.4324073093533332
2.7262042916151423	0.027183481333333332	1.4241933252366663
2.727949620867137	0.027002428	1.4179279542799998
2.729694950119131	0.026036508666666666	1.4106855851166664
2.7314402793711254	0.023153473999999997	1.4017072258033334
2.7331856086231197	0.021700217999999997	1.3955894744466666
2.734930937875114	0.023010858666666665	1.3949021228033331
2.736676267127109	0.024428883333333335	1.3972643493633332
2.738421596379103	0.025007327333333332	1.4017739991699998
2.7401669256310974	0.02754068933333333	1.4116672071133334
2.7419122548830916	0.03278200433333334	1.4272712534699998
2.743657584135086	0.037959227	1.4438287577466666
2.7454029133870805	0.041738089333333325	1.45805552704
2.7471482426390748	0.045973293666666665	1.47100522006
2.748893571891069	0.050855168333333325	1.4819803696866665
2.750638901143063	0.05383844366666666	1.4869366781066669
2.7523842303950574	0.05387717266666667	1.4844789727166665
2.754129559647052	0.052879454	1.4780921873566666
2.755874888899046	0.05151106	1.4700448443499998
2.7576202181510405	0.04832413	1.4594749801733333
2.7593655474030343	0.043181493999999994	1.4472310526566665
2.761110876655029	0.038217101333333336	1.4373087426466666
2.762856205907024	0.03424164233333333	1.4312569775066666
2.7646015351590183	0.03030964	1.42697419404
2.7663468644110116	0.026391746666666663	1.42330006072
2.768092193663006	0.023797790000000003	1.4214226780366666
2.769837522915	0.022603006666666665	1.4207636371566665
2.7715828521669956	0.02205691	1.4189716819299998
2.77332818141899	0.022190496666666663	1.4155323499433332
2.775073510670984	0.02341702	1.4121165052466664
2.7768188399229783	0.025345176666666663	1.4094559995399998
2.7785641691749725	0.02806647	1.407759834783333
2.780309498426967	0.03202513333333333	1.4080853169833332
2.782054827678961	0.036609633333333336	1.4113068968433335
2.7838001569309556	0.04082108666666666	1.4168260308933331
2.7855454861829494	0.04544847	1.42413369124
2.787290815434944	0.050940099999999995	1.4325208011766666
2.7890361446869383	0.05532884999999999	1.43981414738
2.7907814739389325	0.05710009666666666	1.44384704885
2.7925268031909276	0.05802505333333333	1.4450796148033334
2.794272132442922	0.05905483	1.4442783827133332
2.796017461694916	0.057872773333333336	1.4405528482766665
2.7977627909469107	0.053513399999999996	1.434280449333333
2.799508120198905	0.049230743333333334	1.4293455939233333
2.801253449450899	0.04672368	1.4284402556966667
2.8029987787028934	0.043567289999999995	1.4304609729933333
2.8047441079548876	0.038922436666666664	1.4346750037333333
2.8064894372068823	0.036278939999999996	1.4432216524500001
2.808234766458876	0.03688627	1.4557724857566665
2.8099800957108707	0.03739217	1.4675457702666668
2.8117254249628645	0.036255666666666665	1.4751358189733335
2.813470754214859	0.03661055666666666	1.4797655511599999
2.8152160834668534	0.03939488	1.4814407456566665
2.8169614127188476	0.04091851333333333	1.47664487495
2.818706741970842	0.03966617333333333	1.4645945940899998
2.820452071222836	0.039387276666666665	1.4502514863766667
2.8221974004748303	0.04159045	1.4368448491433334
2.8239427297268254	0.04255806999999999	1.4224732413799999
2.8256880589788196	0.04080460333333333	1.4070507968000001
2.827433388230814	0.04062056	1.3957275268966667
2.829178717482808	0.04357486	1.3904140786266663
2.8309240467348022	0.0451303	1.3864611381066667
2.832669375986797	0.04338504	1.3815221987400002
2.834414705238791	0.04300848666666666	1.3797409033333334
2.8361600344907854	0.045574383333333336	1.3823222523566667
2.8379053637427796	0.046182253333333326	1.3842963946
2.839650692994774	0.04328123666666667	1.3842991813699999
2.841396022246768	0.04223293	1.3880870466733333
2.8431413514987627	0.04477924	1.3978455729433332
2.8448866807507565	0.04617533333333333	1.4090240845733333
2.846632010002751	0.04517581	1.4201547749533332
2.8483773392547453	0.046703749999999995	1.4356513843166667
2.8501226685067405	0.05171220666666666	1.4555383783466667
2.8518679977587347	0.05537373000000001	1.4734672966433333
2.853613327010729	0.05622492999999999	1.4863814531766666
2.855358656262723	0.05803708333333333	1.497070797883333
2.8571039855147173	0.06120955	1.505228304253333
2.858849314766712	0.06174974	1.50610324118
2.8605946440187062	0.058748306666666666	1.49878920731
2.8623399732707004	0.05576050999999999	1.48805068001
2.8640853025226947	0.05373564333333333	1.4760833668033335
2.865830631774689	0.04996222333333333	1.4608181342533335
2.8675759610266836	0.04405486333333333	1.44283131065
2.8693212902786778	0.03943959333333333	1.427035505993333
2.871066619530672	0.03717047	1.4152075616333333
2.872811948782666	0.034558186666666664	1.4044042627133333
2.87455727803466	0.03081110666666667	1.39378025935
2.8763026072866555	0.028939	1.3867016148833333
2.8780479365386498	0.029668056666666668	1.3837708895033334
2.879793265790644	0.03001854333333333	1.3814975913166665
2.881538595042638	0.029179046666666666	1.37897884673
2.8832839242946324	0.03018386333333333	1.37955063883
2.885029253546627	0.03365388333333333	1.3838812746400002
2.8867745827986213	0.03690106	1.3890286240366667
2.8885199120506155	0.03946753333333333	1.3943758563166666
2.8902652413026098	0.04379173666666667	1.4024072663133333
2.892010570554604	0.04979790333333334	1.4128909655466666
2.893755899806598	0.055215516666666666	1.4230172994233332
2.895501229058593	0.05962637666666666	1.4319893374866663
2.8972465583105866	0.06401047666666666	1.4410220149466666
2.8989918875625813	0.06762923	1.4495514521833333
2.900737216814575	0.06945221999999998	1.4561601127366668
2.9024825460665697	0.06961305333333334	1.4608812919966665
2.904227875318564	0.0682516	1.4645027344033335
2.905973204570558	0.06504922666666665	1.4668438471633334
2.9077185338225524	0.060795713333333334	1.4678131931366667
2.9094638630745466	0.05627178666666667	1.4676257267833333
2.9112091923265417	0.05118498	1.46615798303
2.912954521578536	0.045549693333333335	1.46300988365
2.91469985083053	0.04073175666666667	1.45851876633
2.916445180082525	0.037169343333333334	1.4528834090033333
2.918190509334519	0.033988569999999996	1.4458203975566666
2.9199358385865133	0.030948919999999998	1.4374086128933332
2.921681167838508	0.02908216	1.4288685024966665
2.9234264970905017	0.028522276666666666	1.4210121345033333
2.9251718263424964	0.028321966666666663	1.4136505696566666
2.92691715559449	0.028151753333333335	1.4067636212866665
2.928662484846485	0.02917349	1.4016062057633332
2.930407814098479	0.03185093	1.3986145823966667
2.9321531433504733	0.03496143333333333	1.3963474091499999
2.9338984726024675	0.03773787666666666	1.39384515981
2.9356438018544617	0.04180829666666666	1.3927402291333335
2.937389131106457	0.047766003333333334	1.39382136312
2.939134460358451	0.05300403000000001	1.3951210083466665
2.9408797896104453	0.05599273	1.3960768395933334
2.9426251188624395	0.05942429333333333	1.4001525168966666
2.9443704481144337	0.06415393666666666	1.4088531618166666
2.9461157773664284	0.06628631333333332	1.41907017579
2.9478611066184226	0.06443889	1.4294851106233333
2.949606435870417	0.06311236333333334	1.4433736625666667
2.951351765122411	0.06368338333333332	1.4605879673233333
2.9530970943744053	0.06167231333333334	1.4754110909566667
2.9548424236264	0.05624016666666666	1.4851788091533333
2.956587752878394	0.05275660999999999	1.49299999581
2.9583330821303884	0.05230634666666667	1.49873001781
2.960078411382382	0.04999687	1.4974655601533335
2.961823740634377	0.04501221666666667	1.48864017678
2.963569069886372	0.042239979999999996	1.4778284409333333
2.965314399138366	0.04224179	1.46713909578
2.9670597283903604	0.040398576666666665	1.4536293755099998
2.9688050576423537	0.03604180666666666	1.4378499787466668
2.970550386894349	0.03374890333333333	1.4253914458133334
2.9722957161463435	0.03434996	1.4175720722533331
2.9740410453983377	0.03376402666666667	1.4098922594133332
2.975786374650332	0.03127948333333333	1.4010062984533331
2.977531703902326	0.03151667333333333	1.3952423758366668
2.9792770331543204	0.03546670666666666	1.3932074100033334
2.981022362406315	0.038277259999999994	1.38976350538
2.982767691658309	0.038447536666666664	1.3839884368799997
2.9845130209103035	0.041028513333333336	1.3821424676666667
2.9862583501622977	0.04700583	1.3863702761766667
2.988003679414292	0.050220006666666664	1.3917142306099999
2.989749008666286	0.04901978	1.3975218977633332
2.9914943379182812	0.04996495666666666	1.4103963773066668
2.9932396671702755	0.05448360666666666	1.4309944571933333
2.9949849964222697	0.05575617	1.4514111875633333
2.996730325674264	0.05268388333333333	1.4686440558766667
2.9984756549262586	0.052849539999999987	1.4875448414866668
3.000220984178253	0.05736730333333333	1.5069457009233331
3.001966313430247	0.058849359999999996	1.5181454952333333
3.0037116426822412	0.05619091	1.51903794276
3.0054569719342354	0.05634429333333333	1.5161682808466665
3.00720230118623	0.05961184	1.51073450853
3.008947630438224	0.05894231	1.4973570569966665
3.0106929596902186	0.05357393	1.4770133381566666
3.0124382889422123	0.049983036666666675	1.45816126004
3.014183618194207	0.04888989999999999	1.4433430250200001
3.015928947446201	0.044724999999999994	1.4278759757933335
3.0176742766981954	0.03731994333333333	1.4119310849
3.0194196059501897	0.033056260000000004	1.4021862771399998
3.021164935202184	0.03307256333333333	1.39930669575
3.022910264454178	0.03177394333333333	1.3964385247966666
3.024655593706173	0.028164356666666668	1.3918234189099998
3.0264009229581674	0.028375650000000002	1.3915884315666667
3.0281462522101616	0.033272253333333335	1.3965339368866667
3.029891581462156	0.03578465333333333	1.399786198663333
3.03163691071415	0.03426314333333333	1.4007171845833333
3.0333822399661448	0.03615492333333333	1.4079400710566665
3.035127569218139	0.04282920666666666	1.4236037672866666
3.036872898470133	0.04623248	1.4403427393766668
3.0386182277221274	0.04520212333333333	1.45700748138
3.040363556974122	0.04884105	1.4813168035033333
3.042108886226116	0.05829740333333334	1.5123999014299998
3.0438542154781105	0.06420831666666665	1.5388782814466666
3.0455995447301047	0.06517838333333333	1.5566242421566667
3.047344873982099	0.06986921666666665	1.5711993867833334
3.049090203234093	0.07810326999999999	1.5806292601433332
3.0508355324860883	0.08028418	1.5751252625933332
3.0525808617380825	0.07551766666666668	1.5544643782733332
3.0543261909900767	0.07205797	1.5288720265699998
3.056071520242071	0.07023469666666667	1.5021394495
3.057816849494065	0.06303932333333334	1.4709603250466667
3.05956217874606	0.05118221333333332	1.4392837696133332
3.061307507998054	0.04260745333333333	1.41786088845
3.0630528372500487	0.038302073333333325	1.4088133969299999
3.0647981665020425	0.03252213333333333	1.405018365743333
3.0665434957540367	0.025140113333333332	1.4038942705866664
3.0682888250060314	0.02240252233333333	1.4092282104766665
3.0700341542580256	0.024610301333333334	1.4182414998066666
3.07177948351002	0.024880871666666665	1.4213035338233333
3.073524812762014	0.021806511333333334	1.4168652408866667
3.075270142014008	0.022488873333333333	1.41447712774
3.0770154712660034	0.02830682	1.4191392669433331
3.0787608005179976	0.03147726333333333	1.4277458347833332
3.080506129769992	0.03104647333333333	1.44420508897
3.082251459021986	0.03703923666666667	1.4811278010433333
3.0839967882739803	0.05107725333333333	1.5395590417833334
3.085742117525975	0.062252683333333336	1.6052522389666666
3.087487446777969	0.06841124999999999	1.6689074245266666
3.0892327760299634	0.07992061333333333	1.7302879538633331
3.0909781052819576	0.09605222999999999	1.7785231869166669
3.092723434533952	0.10314297666666666	1.7930944460099998
3.094468763785946	0.09943116333333332	1.7685631803366668
3.0962140930379407	0.09635800333333333	1.7174720053666666
3.0979594222899345	0.09408583333333331	1.6482491547366664
3.099704751541929	0.08249648666666666	1.56427821059
3.101450080793923	0.06375157	1.4824557236766664
3.1031954100459176	0.05000585	1.4288608864466668
3.104940739297912	0.04242746666666666	1.4146274947833333
3.106686068549906	0.033770426666666666	1.43414505048
3.1084313978019003	0.025143335666666662	1.4816820018599999
3.1101767270538954	0.023564302333333332	1.5514241858166669
3.1119220563058896	0.027554240666666664	1.6233940732733334
3.113667385557884	0.028881079999999996	1.6683864313066668
3.1154127148098785	0.02562194333333333	1.6698807410866667
3.1171580440618727	0.024203799999999998	1.6313919633866665
3.118903373313867	0.026515519666666668	1.5625858611899999
3.120648702565861	0.025375352666666663	1.4759454370866667
3.122394031817856	0.020702435999999998	1.4041433015466667
3.1241393610698496	0.028345763333333333	1.4015648276233332
3.1258846903218442	0.05586065666666666	1.5106960601966666
3.127630019573838	0.08779709	1.74301377795
3.1293753488258327	0.11902973	2.1046323761899997
3.131120678077827	0.17368449999999996	2.605792441783333
3.132866007329821	0.25587344	3.2156210965899996
3.1346113365818153	0.3240491133333333	3.8464604577666663
3.1363566658338096	0.36027858999999995	4.420327002016666
3.1381019950858047	0.40828491	4.9076711241333335
3.139847324337799	0.4871951866666666	5.2668803102599995
3.141592653589793	0.5368579199999999	5.411753863513333