# O(3P)+CO2; file number index vs energy for DCSs (mgacesa, Oct 26 2020)
# index          E(eV)
1	0.02975620737438
2	0.15374040476765
3	0.27772460216091
4	0.40170879955418
5	0.52569299694745
6	0.64967719434071
7	0.77366139173398
8	0.89764558912725
9	1.02162978652051
10	1.14561398391378
11	1.26959818130705
12	1.39358237870031
13	1.51756657609358
14	1.64155077348685
15	1.76553497088012
16	1.88951916827338
17	2.01350336566665
18	2.13748756305992
19	2.26147176045318
20	2.38545595784645
21	2.50944015523972
22	2.63342435263298
23	2.75740855002625
24	2.88139274741952
25	3.00537694481278
26	3.12936114220605
27	3.25334533959932
28	3.37732953699258
29	3.50131373438585
30	3.62529793177912
31	3.74928212917238
32	3.87326632656565
33	3.99725052395892
34	4.12123472135219
35	4.24521891874545
36	4.36920311613872
37	4.49318731353199
38	4.61717151092525
39	4.74115570831852
40	4.86513990571179
41	4.98912410310505
